102.12344046930514, 3.321605208909779e-14
109.76617367594815, 3.4447251412501265e-14
117.40890688259105, 3.5171176484001834e-14
125.05164008923407, 3.6664987218513584e-14
132.69437329587709, 3.7826836259935e-14
140.33710650252, 3.8621784884897745e-14
147.979839709163, 3.9639004765359715e-14
155.62257291580602, 4.0262151873284005e-14
163.26530612244892, 4.132257571018678e-14
170.90803932909193, 4.1537988744049865e-14
178.55077253573495, 4.2190988931821314e-14
186.19350574237797, 4.2410928971165325e-14
193.83623894902087, 4.2410928971165325e-14
201.47897215566388, 4.2410928971165325e-14
209.1217053623069, 4.2410928971165325e-14
216.7644385689498, 4.2410928971165325e-14
224.40717177559281, 4.2410928971165325e-14
232.04990498223583, 4.1537988744049865e-14
239.69263818887873, 4.1537988744049865e-14
247.33537139552175, 4.047203695754677e-14
254.97810460216476, 3.9639004765359715e-14
262.6208378088078, 3.902550225664438e-14
270.2635710154507, 3.8024026135448786e-14
277.9063042220937, 3.724138112352061e-14
285.5490374287367, 3.6664987218513584e-14
293.1917706353796, 3.5724086856954976e-14
300.8345038420226, 3.498878128240369e-14
308.47723704866564, 3.409089587573742e-14
316.11997025530866, 3.321605208909779e-14
323.76270346195156, 3.253236916212762e-14
331.4054366685946, 3.1369610763163235e-14
339.0481698752376, 3.088409567481665e-14
346.6909030818805, 2.993549250038296e-14
354.3336362885235, 2.9167285067248537e-14
361.9763694951665, 2.856693753729332e-14
369.6191027018094, 2.7833850090752787e-14
377.26183590845244, 2.7260948529548264e-14
384.90456911509546, 2.6423630105674645e-14
392.54730232173847, 2.601466516179785e-14
400.1900355283814, 2.5347074369779184e-14
407.8327687350244, 2.4696615355656423e-14
415.4755019416674, 2.4062848482128708e-14
423.1182351483103, 2.3567565098137954e-14
430.7609683549533, 2.3082476086215808e-14
438.40370156159634, 2.249013140692401e-14
446.04643476823924, 2.2027219112982872e-14
453.68916797488225, 2.1461954537707964e-14
461.33190118152527, 2.1020205113138118e-14
468.9746343881683, 2.0587548176103046e-14
476.6173675948112, 2.005922857225168e-14
484.2601008014542, 1.9544466755924487e-14
491.9028340080972, 1.9142184804959277e-14
499.5455672147401, 1.8748182986171367e-14
507.18830042138313, 1.8362290870366085e-14
514.8310336280261, 1.7984341536277397e-14
522.473766834669, 1.761417149836404e-14
530.1165000413121, 1.7251620636092583e-14
537.7592332479551, 1.680890791953734e-14
545.4019664545981, 1.663502039125963e-14
553.044699661241, 1.6124076722516065e-14
560.687432867884, 1.5957273747542325e-14
568.330166074527, 1.5628826658378325e-14
575.9728992811699, 1.5307139965262296e-14
583.615632487813, 1.5070227640507123e-14
591.258365694456, 1.4760038539293844e-14
598.901098901099, 1.4531593836249663e-14
606.5438321077419, 1.408525678990099e-14
614.1865653143849, 1.3939545331424506e-14
621.8292985210279, 1.3581827403851433e-14
629.4720317276709, 1.3511393019931305e-14
637.1147649343139, 1.323328926748853e-14
644.7574981409567, 1.3028474433911965e-14
652.4002313475997, 1.2760310550045156e-14
660.0429645542428, 1.2562816123008514e-14
667.6856977608858, 1.2432854256699625e-14
675.3284309675288, 1.2240427950284307e-14
682.9711641741718, 1.1988484354279272e-14
690.6138973808146, 1.192631293326777e-14
698.2566305874576, 1.1680834737595727e-14
705.8993637941006, 1.1500047620012369e-14
713.5420970007436, 1.1381080054404159e-14
721.1848302073867, 1.1204932312890507e-14
728.8275634140297, 1.0974302227784938e-14
736.4702966206727, 1.086077347873725e-14
744.1130298273155, 1.0692678648525583e-14
751.7557630339585, 1.0527185462846763e-14
759.3984962406015, 1.0310505378449882e-14
767.0412294472445, 1.0203843583160444e-14
774.6839626538875, 1.0098285200182658e-14
782.3266958605305, 9.890433130209946e-15
789.9694290671736, 9.737356493357355e-15
797.6121622738164, 9.636623902002023e-15
805.2548954804594, 9.487475532248024e-15
812.8976286871024, 9.292195701157735e-15
820.5403618937454, 9.292195701157735e-15
828.1830951003884, 9.100935296763271e-15
835.8258283070314, 8.96007790972061e-15
843.4685615136744, 8.913611587576908e-15
851.1112947203172, 8.77565345509949e-15
858.7540279269602, 8.68486964596485e-15
866.3967611336033, 8.550451808100228e-15
874.0394943402463, 8.461997701641589e-15
881.6822275468893, 8.287825185860519e-15
889.3249607535323, 8.202087942057073e-15
896.9676939601751, 8.075142233935934e-15
904.6104271668181, 7.991605187372785e-15
912.2531603734611, 7.82711471719173e-15
919.8958935801041, 7.78652386099949e-15
927.5386267867472, 7.626254560784895e-15
939.0027265967116, 7.469284068748325e-15
961.9309262166406, 7.164969310515468e-15
969.5736594232836, 7.090847969048479e-15
977.2163926299264, 6.94489770135331e-15
984.8591258365694, 6.94489770135331e-15
992.5018590432124, 6.837409832074767e-15
1000.1445922498555, 6.766677081249252e-15
1007.7873254564985, 6.6966760581046e-15
1013.5193753614807, 6.593029975514495e-15
1023.0727918697845, 6.457326249521659e-15
1030.7155250764272, 6.457326249521659e-15
1038.3582582830704, 6.357384642079085e-15
1044.0903081880524, 7.469284068748325e-15
1046.0009914897132, 6.226531182182227e-15
1053.6437246963565, 6.291617734019738e-15
1061.2864579029992, 6.035283644701507e-15
1068.9291911096425, 5.941874093206694e-15
1076.5719243162853, 5.941874093206694e-15
1084.214657522928, 5.819573048493883e-15
1091.8573907295713, 5.729502102312529e-15
1099.500123936214, 5.5824710787507764e-15
1107.1428571428573, 5.553520783662168e-15
1112.8749070478393, 5.467567593032214e-15
1122.4283235561434, 5.3550291551291996e-15
1130.0710567627862, 5.3550291551291996e-15
1137.713789969429, 5.272148067665932e-15
1156.8206229860366, 5.110214351175416e-15
1164.4633561926794, 5.031122321920964e-15
1172.1060893993226, 5.00503128198689e-15
1179.7488226059654, 4.927567196652935e-15
1187.3915558126087, 4.876591696974415e-15
1195.0342890192514, 4.826143536947262e-15
1214.141122035859, 4.726807471045521e-15
1221.7838552425019, 4.653649523239652e-15
1229.4265884491451, 4.629516030197553e-15
1235.158638354127, 4.629516030197553e-15
1244.7120548624307, 4.510712953008586e-15
1252.354788069074, 4.440899552567617e-15
1259.9975212757167, 4.417869365632126e-15
1267.64025448236, 4.304497585119308e-15
1275.2829876890028, 4.259967717436264e-15
1282.9257208956456, 4.215898509580878e-15
1290.5684541022888, 4.150648023918398e-15
1298.2111873089316, 4.10770972423322e-15
1305.8539205155748, 4.0441337026905764e-15
1313.4966537222176, 4.023161115028397e-15
1321.1393869288609, 3.96089367285507e-15
1328.7821201355036, 3.8995899590147355e-15
1336.4248533421464, 3.8592488456886424e-15
1344.0675865487897, 3.7995183135372446e-15
1351.7103197554325, 3.7798142837590904e-15
1359.3530529620757, 3.72131317962464e-15
1366.9957861687185, 3.6828163329615795e-15
1374.6385193753617, 3.607013265117775e-15
1382.2812525820045, 3.569698846826077e-15
1389.9239857886473, 3.5327704448060305e-15
1397.5667189952906, 3.4962240657336808e-15
1405.2094522019333, 3.4242616092625407e-15
1412.8521854085766, 3.4242616092625407e-15
1420.4949186152194, 3.3537803493749273e-15
1428.1376518218626, 3.3190856161935214e-15
1435.7803850285054, 3.284749798738576e-15
1443.4231182351482, 3.2339109279355214e-15
1451.0658514417914, 3.2171400975392163e-15
1458.7085846484342, 3.150922000564331e-15
1466.3513178550775, 3.150922000564331e-15
1473.9940510617203, 3.0860668645529204e-15
1481.6367842683635, 3.038303057800612e-15
1489.2795174750063, 3.022546635805576e-15
1496.922250681649, 2.9757659470684988e-15
1504.5649838882923, 2.9449817588424757e-15
1512.207717094935, 2.8994015605538145e-15
1519.8504503015783, 2.8843654717726454e-15
1527.4931835082211, 2.839723446488226e-15
1535.1359167148644, 2.795772356676801e-15
1542.7786499215072, 2.781273681522987e-15
1550.42138312815, 2.738227232926744e-15
1558.0641163347932, 2.7099003738782316e-15
1565.706849541436, 2.6679585873075506e-15
1573.3495827480792, 2.640358654788725e-15
1580.992315954722, 2.6130442425469845e-15
1588.6350491613653, 2.5592601946638897e-15
1596.277782368008, 2.5592601946638897e-15
1603.9205155746508, 2.5065831788622326e-15
1611.563248781294, 2.4677881819232702e-15
1619.2059819879369, 2.4549904092030852e-15
1626.84871519458, 2.429593624578817e-15
1634.491448401223, 2.3919902136793467e-15
1642.1341816078657, 2.354968799907696e-15
1649.776914814509, 2.3427561004203218e-15
1657.4196480211517, 2.306496694983078e-15
1665.062381227795, 2.2590222869094396e-15
1672.7051144344377, 2.2590222869094396e-15
1680.3478476410805, 2.224058850050552e-15
1687.9905808477238, 2.2010510438307263e-15
1695.6333140543666, 2.1669848419875176e-15
1703.2760472610098, 2.155747013838828e-15
1710.9187804676526, 2.1223819934763215e-15
1718.5615136742958, 2.078697201269335e-15
1726.2042468809386, 2.078697201269335e-15
1733.8469800875814, 2.057193155908578e-15
1741.4897132942247, 2.0148501395139086e-15
1749.1324465008674, 1.994006589636245e-15
1756.7751797075107, 1.963144865120754e-15
1764.4179129141535, 1.952964136489088e-15
1772.0606461207963, 1.9127664563577657e-15
1779.7033793274395, 1.9127664563577657e-15
1787.3461125340823, 1.87339616135746e-15
1794.9888457407255, 1.8444011537478193e-15
1802.6315789473683, 1.8348362214965775e-15
1810.2743121540116, 1.806438015445914e-15
1817.9170453606544, 1.7877504812529543e-15
1825.5597785672971, 1.7600810326455007e-15
1833.2025117739404, 1.7509533785016385e-15
1840.8452449805832, 1.7238534475948763e-15
1848.4879781872264, 1.697172948903818e-15
1856.1307113938692, 1.6883715315755325e-15
1863.7734446005124, 1.6709053907741494e-15
1871.4161778071552, 1.6450443820244608e-15
1879.058911013798, 1.6195836303912098e-15
1886.7016442204413, 1.6111845857102725e-15
1894.344377427084, 1.5862478903722365e-15
1901.9871106337273, 1.5616971463273654e-15
1909.62984384037, 1.5535982968058203e-15
1917.2725770470133, 1.5375263801137179e-15
1924.9153102536561, 1.5137297107220561e-15
1932.558043460299, 1.498070233072586e-15
1940.2007766669421, 1.4903013481649758e-15
1947.843509873585, 1.4672355920680905e-15
1955.4862430802282, 1.4445268302831115e-15
1963.128976286871, 1.4295832538621349e-15
1970.7717094935142, 1.4295832538621349e-15
1978.414442700157, 1.407457246464787e-15
1986.0571759067998, 1.3928971535119397e-15
1993.699909113443, 1.3713389458041416e-15
2001.3426423200858, 1.3642272802733308e-15
2008.985375526729, 1.343112803160197e-15
2016.6281087333718, 1.329218351084092e-15
2024.270841940015, 1.315467636598784e-15
2031.9135751466579, 1.315467636598784e-15
2039.5563083533007, 1.2883914879429485e-15
2047.199041559944, 1.2750631258408438e-15
2054.8417747665867, 1.2618726451497807e-15
2062.48450797323, 1.2618726451497807e-15
2070.1272411798727, 1.2423423355958187e-15
2077.769974386516, 1.223114301388528e-15
2085.4127075931588, 1.2104612293574504e-15
2093.0554407998015, 1.2041838641389221e-15
2100.698174006445, 1.1917266267782701e-15
2108.3409072130876, 1.1793982590755506e-15
2115.983640419731, 1.1611444256354724e-15
2123.6263736263736, 1.1611444256354724e-15
2131.2691068330164, 1.143173111211082e-15
2138.9118400396596, 1.1254799431869238e-15
2146.5545732463024, 1.1138368949660837e-15
2154.1973064529457, 1.1080606166235743e-15
2161.8400396595885, 1.0909108932102076e-15
2169.4827728662317, 1.0852535074704e-15
2177.1255060728745, 1.0684567752273379e-15
2184.7682392795173, 1.0684567752273379e-15
2192.4109724861605, 1.0464648282774384e-15
2200.0537056928033, 1.03563918848634e-15
2207.6964388994465, 1.0249255395368934e-15
2215.3391721060893, 1.0196103491140778e-15
2222.9819053127326, 1.0038295919836602e-15
2230.6246385193754, 9.882930774659484e-16
2238.267371726018, 9.83167860367099e-16
2245.9101049326614, 9.729970253586759e-16
2253.552838139304, 9.629314072607548e-16
2261.1955713459474, 9.431114791964073e-16
2268.83830455259, 9.431114791964073e-16
2276.4810377592335, 9.285147136643205e-16
2284.1237709658762, 9.189092634291562e-16
2291.766504172519, 9.046870814714443e-16
2299.4092373791623, 8.999954390783252e-16
2307.051970585805, 8.860659909759996e-16
2314.6947037924483, 8.768996712008361e-16
2322.337436999091, 8.67828176663382e-16
2329.9801702057343, 8.633276819100377e-16
2337.622903412377, 8.499657495953818e-16
2345.26563661902, 8.411728854768199e-16
2352.908369825663, 8.324709832110705e-16
2360.551103032306, 8.238591018011404e-16
2368.193836238949, 8.15336309984619e-16
2375.836569445592, 8.027171517947697e-16
2383.479302652235, 7.985543181518685e-16
2391.122035858878, 7.86194898927508e-16
2398.764769065521, 7.821177485043296e-16
2406.407502272164, 7.70012722062356e-16
2414.050235478807, 7.660194912491193e-16
2421.69296868545, 7.580950480560528e-16
2429.335701892093, 7.463618267862417e-16
2436.978435098736, 7.348102034331057e-16
2444.621168305379, 7.348102034331057e-16
2452.2639015120217, 7.234373673615554e-16
2459.906634718665, 7.122405514373929e-16
2467.5493679253077, 7.048724493797543e-16
2475.192101131951, 7.048724493797543e-16
2482.8348343385937, 6.93962967202323e-16
2490.477567545237, 6.867839460749112e-16
2498.1203007518798, 6.761544240584911e-16
2505.7630339585226, 6.761544240584911e-16
2513.405767165166, 6.622372001065251e-16
2521.0485003718086, 6.553863808616753e-16
2528.691233578452, 6.486064330875282e-16
2536.3339667850946, 6.452428065914181e-16
2543.9766999917374, 6.352562268849521e-16
2551.6194331983806, 6.286845248062168e-16
2559.2621664050234, 6.221808067414676e-16
2566.9048996116667, 6.18954221650468e-16
2574.5476328183095, 6.093745167610466e-16
2582.1903660249527, 5.999430792919933e-16
2589.8330992315955, 5.968318174624455e-16
2597.4758324382383, 5.906576144724124e-16
2605.1185656448815, 5.845472833830454e-16
2612.7612988515243, 5.755001030378005e-16
2620.4040320581676, 5.725156007320251e-16
2628.0467652648103, 5.636546376627729e-16
2635.6894984714536, 5.607315650918284e-16
2643.3322316780964, 5.491900791669441e-16
2650.974964884739, 5.491900791669441e-16
2658.6176980913824, 5.43508728190536e-16
2666.260431298025, 5.378861505790206e-16
2673.9031645046684, 5.295611559244687e-16
2681.545897711311, 5.268148897073724e-16
2689.1886309179545, 5.18661247647559e-16
2696.8313641245973, 5.159715075739244e-16
2704.47409733124, 5.053513137716893e-16
2712.1168305378833, 5.053513137716893e-16
2719.759563744526, 5.02730598061619e-16
2727.4022969511693, 4.949497144358956e-16
2735.045030157812, 4.8728925743674e-16
2742.6877633644553, 4.847622102568649e-16
2750.330496571098, 4.847622102568649e-16
2757.973229777741, 4.74784394533792e-16
2765.615962984384, 4.723221966770867e-16
2773.258696191027, 4.650119512685923e-16
2780.90142939767, 4.650119512685923e-16
2788.544162604313, 4.602014198995849e-16
2796.1868958109562, 4.55440653298963e-16
2803.829629017599, 4.483916876394122e-16
2811.472362224242, 4.460663604698991e-16
2819.115095430885, 4.4375309228050354e-16
2826.757828637528, 4.3688501784281765e-16
2834.400561844171, 4.3461936343853865e-16
2842.043295050814, 4.278926539415631e-16
2849.686028257457, 4.278926539415631e-16
2857.3287614641, 4.2127005536200894e-16
2864.9714946707427, 4.190853790345063e-16
2872.614227877386, 4.1045938345200255e-16
2880.2569610840287, 4.1045938345200255e-16
2887.899694290672, 4.0833077049455167e-16
2895.5424274973147, 4.0201093593849015e-16
2903.185160703958, 3.999261360246012e-16
2910.827893910601, 3.937363820384886e-16
2918.4706271172436, 3.937363820384886e-16
2926.113360323887, 3.8764242837888145e-16
2933.7560935305296, 3.836322818512759e-16
2941.398826737173, 3.776947118054804e-16
2949.0415599438156, 3.776947118054804e-16
2956.6842931504584, 3.718490389740658e-16
2964.3270263571017, 3.6800227447341153e-16
2971.9697595637444, 3.641953046086781e-16
2979.6124927703877, 3.604277177058346e-16
2987.2552259770305, 3.5669910634960263e-16
2992.987275882013, 3.54849290337842e-16
