1.002900e+00 0.000000e+00
1.008700e+00 0.000000e+00
1.014500e+00 0.000000e+00
1.020400e+00 0.000000e+00
1.026200e+00 0.000000e+00
1.032200e+00 0.000000e+00
1.038100e+00 0.000000e+00
1.044100e+00 0.000000e+00
1.050200e+00 0.000000e+00
1.056200e+00 0.000000e+00
1.062300e+00 0.000000e+00
1.068400e+00 0.000000e+00
1.074600e+00 0.000000e+00
1.080800e+00 0.000000e+00
1.087100e+00 0.000000e+00
1.093300e+00 0.000000e+00
1.099600e+00 0.000000e+00
1.106000e+00 0.000000e+00
1.112400e+00 0.000000e+00
1.118800e+00 0.000000e+00
1.125300e+00 0.000000e+00
1.131800e+00 0.000000e+00
1.138300e+00 0.000000e+00
1.144900e+00 0.000000e+00
1.151500e+00 0.000000e+00
1.158100e+00 0.000000e+00
1.164800e+00 0.000000e+00
1.171500e+00 0.000000e+00
1.178300e+00 0.000000e+00
1.185100e+00 0.000000e+00
1.191900e+00 0.000000e+00
1.198800e+00 0.000000e+00
1.205700e+00 0.000000e+00
1.212700e+00 0.000000e+00
1.219700e+00 0.000000e+00
1.226700e+00 0.000000e+00
1.233800e+00 0.000000e+00
1.240900e+00 0.000000e+00
1.248100e+00 0.000000e+00
1.255300e+00 0.000000e+00
1.262600e+00 0.000000e+00
1.269800e+00 0.000000e+00
1.277200e+00 0.000000e+00
1.284600e+00 0.000000e+00
1.292000e+00 0.000000e+00
1.299400e+00 0.000000e+00
1.306900e+00 0.000000e+00
1.314500e+00 0.000000e+00
1.322100e+00 0.000000e+00
1.329700e+00 0.000000e+00
1.337400e+00 0.000000e+00
1.345100e+00 0.000000e+00
1.352900e+00 0.000000e+00
1.360700e+00 0.000000e+00
1.368500e+00 0.000000e+00
1.376400e+00 0.000000e+00
1.384400e+00 0.000000e+00
1.392400e+00 0.000000e+00
1.400400e+00 0.000000e+00
1.408500e+00 0.000000e+00
1.416600e+00 0.000000e+00
1.424800e+00 0.000000e+00
1.433000e+00 0.000000e+00
1.441300e+00 0.000000e+00
1.449600e+00 0.000000e+00
1.458000e+00 0.000000e+00
1.466400e+00 0.000000e+00
1.474900e+00 0.000000e+00
1.483400e+00 0.000000e+00
1.491900e+00 0.000000e+00
1.500600e+00 0.000000e+00
1.509200e+00 0.000000e+00
1.517900e+00 0.000000e+00
1.526700e+00 0.000000e+00
1.535500e+00 0.000000e+00
1.544400e+00 0.000000e+00
1.553300e+00 0.000000e+00
1.562300e+00 0.000000e+00
1.571300e+00 0.000000e+00
1.580300e+00 0.000000e+00
1.589500e+00 0.000000e+00
1.598600e+00 0.000000e+00
1.607900e+00 0.000000e+00
1.617200e+00 0.000000e+00
1.626500e+00 0.000000e+00
1.635900e+00 0.000000e+00
1.645300e+00 0.000000e+00
1.654800e+00 0.000000e+00
1.664400e+00 0.000000e+00
1.674000e+00 0.000000e+00
1.683600e+00 0.000000e+00
1.693400e+00 0.000000e+00
1.703100e+00 0.000000e+00
1.713000e+00 0.000000e+00
1.722900e+00 0.000000e+00
1.732800e+00 0.000000e+00
1.742800e+00 0.000000e+00
1.752900e+00 0.000000e+00
1.763000e+00 0.000000e+00
1.773200e+00 0.000000e+00
1.783400e+00 0.000000e+00
1.793700e+00 0.000000e+00
1.804100e+00 0.000000e+00
1.814500e+00 0.000000e+00
1.825000e+00 0.000000e+00
1.835500e+00 0.000000e+00
1.846100e+00 0.000000e+00
1.856700e+00 0.000000e+00
1.867500e+00 0.000000e+00
1.878200e+00 0.000000e+00
1.889100e+00 0.000000e+00
1.900000e+00 0.000000e+00
1.911000e+00 0.000000e+00
1.922000e+00 0.000000e+00
1.933100e+00 0.000000e+00
1.944200e+00 0.000000e+00
1.955500e+00 0.000000e+00
1.966800e+00 0.000000e+00
1.978100e+00 0.000000e+00
1.989500e+00 0.000000e+00
2.001000e+00 0.000000e+00
2.012600e+00 0.000000e+00
2.024200e+00 0.000000e+00
2.035900e+00 0.000000e+00
2.047600e+00 0.000000e+00
2.059500e+00 0.000000e+00
2.071300e+00 0.000000e+00
2.083300e+00 0.000000e+00
2.095300e+00 0.000000e+00
2.107400e+00 0.000000e+00
2.119600e+00 0.000000e+00
2.131800e+00 0.000000e+00
2.144100e+00 0.000000e+00
2.156500e+00 0.000000e+00
2.169000e+00 0.000000e+00
2.181500e+00 0.000000e+00
2.194100e+00 0.000000e+00
2.206700e+00 0.000000e+00
2.219500e+00 0.000000e+00
2.232300e+00 0.000000e+00
2.245200e+00 0.000000e+00
2.258100e+00 0.000000e+00
2.271200e+00 0.000000e+00
2.284300e+00 0.000000e+00
2.297500e+00 0.000000e+00
2.310700e+00 0.000000e+00
2.324100e+00 0.000000e+00
2.337500e+00 0.000000e+00
2.351000e+00 0.000000e+00
2.364600e+00 0.000000e+00
2.378200e+00 0.000000e+00
2.391900e+00 0.000000e+00
2.405800e+00 0.000000e+00
2.419600e+00 0.000000e+00
2.433600e+00 0.000000e+00
2.447700e+00 0.000000e+00
2.461800e+00 0.000000e+00
2.476000e+00 0.000000e+00
2.490300e+00 0.000000e+00
2.504700e+00 0.000000e+00
2.519100e+00 0.000000e+00
2.533700e+00 0.000000e+00
2.548300e+00 0.000000e+00
2.563000e+00 0.000000e+00
2.577800e+00 0.000000e+00
2.592700e+00 0.000000e+00
2.607700e+00 0.000000e+00
2.622700e+00 0.000000e+00
2.637900e+00 0.000000e+00
2.653100e+00 0.000000e+00
2.668400e+00 0.000000e+00
2.683800e+00 0.000000e+00
2.699300e+00 0.000000e+00
2.714900e+00 0.000000e+00
2.730600e+00 0.000000e+00
2.746300e+00 0.000000e+00
2.762200e+00 0.000000e+00
2.778100e+00 0.000000e+00
2.794200e+00 0.000000e+00
2.810300e+00 0.000000e+00
2.826500e+00 0.000000e+00
2.842800e+00 0.000000e+00
2.859200e+00 0.000000e+00
2.875800e+00 0.000000e+00
2.892400e+00 0.000000e+00
2.909100e+00 0.000000e+00
2.925800e+00 0.000000e+00
2.942700e+00 0.000000e+00
2.959700e+00 0.000000e+00
2.976800e+00 0.000000e+00
2.994000e+00 0.000000e+00
3.011300e+00 0.000000e+00
3.028700e+00 0.000000e+00
3.046200e+00 0.000000e+00
3.063700e+00 0.000000e+00
3.081400e+00 0.000000e+00
3.099200e+00 0.000000e+00
3.117100e+00 0.000000e+00
3.135100e+00 0.000000e+00
3.153200e+00 0.000000e+00
3.171400e+00 0.000000e+00
3.189700e+00 0.000000e+00
3.208100e+00 0.000000e+00
3.226600e+00 0.000000e+00
3.245300e+00 0.000000e+00
3.264000e+00 0.000000e+00
3.282900e+00 0.000000e+00
3.301800e+00 0.000000e+00
3.320900e+00 0.000000e+00
3.340000e+00 0.000000e+00
3.359300e+00 0.000000e+00
3.378700e+00 0.000000e+00
3.398200e+00 0.000000e+00
3.417800e+00 0.000000e+00
3.437600e+00 0.000000e+00
3.457400e+00 0.000000e+00
3.477400e+00 0.000000e+00
3.497500e+00 0.000000e+00
3.517600e+00 0.000000e+00
3.538000e+00 0.000000e+00
3.558400e+00 0.000000e+00
3.578900e+00 0.000000e+00
3.599600e+00 0.000000e+00
3.620400e+00 0.000000e+00
3.641300e+00 0.000000e+00
3.662300e+00 0.000000e+00
3.683400e+00 0.000000e+00
3.704700e+00 0.000000e+00
3.726100e+00 0.000000e+00
3.747600e+00 0.000000e+00
3.769200e+00 0.000000e+00
3.791000e+00 0.000000e+00
3.812900e+00 0.000000e+00
3.834900e+00 0.000000e+00
3.857000e+00 0.000000e+00
3.879300e+00 0.000000e+00
3.901700e+00 0.000000e+00
3.924200e+00 0.000000e+00
3.946900e+00 0.000000e+00
3.969600e+00 0.000000e+00
3.992600e+00 0.000000e+00
4.015600e+00 0.000000e+00
4.038800e+00 0.000000e+00
4.062100e+00 0.000000e+00
4.085600e+00 0.000000e+00
4.109100e+00 0.000000e+00
4.132900e+00 0.000000e+00
4.156700e+00 0.000000e+00
4.180700e+00 0.000000e+00
4.204900e+00 0.000000e+00
4.229100e+00 0.000000e+00
4.253600e+00 0.000000e+00
4.278100e+00 0.000000e+00
4.302800e+00 0.000000e+00
4.327600e+00 0.000000e+00
4.352600e+00 0.000000e+00
4.377800e+00 0.000000e+00
4.403000e+00 0.000000e+00
4.428500e+00 0.000000e+00
4.454000e+00 0.000000e+00
4.479700e+00 0.000000e+00
4.505600e+00 0.000000e+00
4.531600e+00 0.000000e+00
4.557800e+00 0.000000e+00
4.584100e+00 0.000000e+00
4.610500e+00 0.000000e+00
4.637200e+00 0.000000e+00
4.663900e+00 0.000000e+00
4.690900e+00 0.000000e+00
4.717900e+00 0.000000e+00
4.745200e+00 0.000000e+00
4.772600e+00 0.000000e+00
4.800100e+00 0.000000e+00
4.827800e+00 0.000000e+00
4.855700e+00 0.000000e+00
4.883700e+00 0.000000e+00
4.911900e+00 0.000000e+00
4.940300e+00 0.000000e+00
4.968800e+00 0.000000e+00
4.997500e+00 0.000000e+00
5.026300e+00 0.000000e+00
5.055400e+00 0.000000e+00
5.084500e+00 0.000000e+00
5.113900e+00 0.000000e+00
5.143400e+00 0.000000e+00
5.173100e+00 0.000000e+00
5.203000e+00 0.000000e+00
5.233000e+00 0.000000e+00
5.263200e+00 0.000000e+00
5.293600e+00 0.000000e+00
5.324200e+00 0.000000e+00
5.354900e+00 0.000000e+00
5.385800e+00 0.000000e+00
5.416900e+00 0.000000e+00
5.448200e+00 0.000000e+00
5.479600e+00 0.000000e+00
5.511300e+00 0.000000e+00
5.543100e+00 0.000000e+00
5.575100e+00 0.000000e+00
5.607300e+00 0.000000e+00
5.639600e+00 0.000000e+00
5.672200e+00 0.000000e+00
5.704900e+00 0.000000e+00
5.737900e+00 0.000000e+00
5.771000e+00 0.000000e+00
5.804300e+00 0.000000e+00
5.837800e+00 0.000000e+00
5.871500e+00 0.000000e+00
5.905400e+00 0.000000e+00
5.939500e+00 0.000000e+00
5.973800e+00 0.000000e+00
6.008300e+00 0.000000e+00
6.043000e+00 0.000000e+00
6.077900e+00 0.000000e+00
6.113000e+00 0.000000e+00
6.148300e+00 0.000000e+00
6.183700e+00 0.000000e+00
6.219400e+00 0.000000e+00
6.255400e+00 0.000000e+00
6.291500e+00 0.000000e+00
6.327800e+00 0.000000e+00
6.364300e+00 0.000000e+00
6.401100e+00 0.000000e+00
6.438000e+00 0.000000e+00
6.475200e+00 0.000000e+00
6.512600e+00 0.000000e+00
6.550200e+00 0.000000e+00
6.588000e+00 0.000000e+00
6.626000e+00 0.000000e+00
6.664300e+00 0.000000e+00
6.702700e+00 0.000000e+00
6.741400e+00 0.000000e+00
6.780300e+00 0.000000e+00
6.819500e+00 0.000000e+00
6.858900e+00 0.000000e+00
6.898500e+00 0.000000e+00
6.938300e+00 0.000000e+00
6.978300e+00 0.000000e+00
7.018600e+00 0.000000e+00
7.059100e+00 0.000000e+00
7.099900e+00 0.000000e+00
7.140900e+00 0.000000e+00
7.182100e+00 0.000000e+00
7.223600e+00 0.000000e+00
7.265300e+00 0.000000e+00
7.307200e+00 0.000000e+00
7.349400e+00 0.000000e+00
7.391800e+00 0.000000e+00
7.434500e+00 0.000000e+00
7.477400e+00 0.000000e+00
7.520600e+00 0.000000e+00
7.564000e+00 0.000000e+00
7.607700e+00 0.000000e+00
7.651600e+00 0.000000e+00
7.695800e+00 0.000000e+00
7.740200e+00 0.000000e+00
7.784900e+00 0.000000e+00
7.829800e+00 0.000000e+00
7.875000e+00 0.000000e+00
7.920500e+00 0.000000e+00
7.966200e+00 0.000000e+00
8.012200e+00 0.000000e+00
8.058500e+00 0.000000e+00
8.105000e+00 0.000000e+00
8.151800e+00 0.000000e+00
8.198800e+00 0.000000e+00
8.246200e+00 0.000000e+00
8.293800e+00 0.000000e+00
8.341600e+00 0.000000e+00
8.389800e+00 0.000000e+00
8.438200e+00 0.000000e+00
8.487000e+00 0.000000e+00
8.535900e+00 0.000000e+00
8.585200e+00 0.000000e+00
8.634800e+00 0.000000e+00
8.684600e+00 0.000000e+00
8.734800e+00 0.000000e+00
8.785200e+00 0.000000e+00
8.835900e+00 0.000000e+00
8.886900e+00 0.000000e+00
8.938200e+00 0.000000e+00
8.989800e+00 0.000000e+00
9.041700e+00 0.000000e+00
9.093900e+00 0.000000e+00
9.146400e+00 0.000000e+00
9.199200e+00 0.000000e+00
9.252300e+00 0.000000e+00
9.305800e+00 0.000000e+00
9.359500e+00 0.000000e+00
9.413500e+00 0.000000e+00
9.467900e+00 0.000000e+00
9.522500e+00 0.000000e+00
9.577500e+00 0.000000e+00
9.632800e+00 0.000000e+00
9.688400e+00 0.000000e+00
9.744300e+00 0.000000e+00
9.800600e+00 0.000000e+00
9.857200e+00 0.000000e+00
9.914100e+00 0.000000e+00
9.971300e+00 0.000000e+00
1.002900e+01 0.000000e+00
1.008700e+01 0.000000e+00
1.014500e+01 0.000000e+00
1.020400e+01 0.000000e+00
1.026200e+01 0.000000e+00
1.032200e+01 0.000000e+00
1.038100e+01 0.000000e+00
1.044100e+01 0.000000e+00
1.050200e+01 0.000000e+00
1.056200e+01 0.000000e+00
1.062300e+01 0.000000e+00
1.068400e+01 0.000000e+00
1.074600e+01 0.000000e+00
1.080800e+01 0.000000e+00
1.087100e+01 0.000000e+00
1.093300e+01 0.000000e+00
1.099600e+01 0.000000e+00
1.106000e+01 0.000000e+00
1.112400e+01 0.000000e+00
1.118800e+01 0.000000e+00
1.125300e+01 0.000000e+00
1.131800e+01 0.000000e+00
1.138300e+01 0.000000e+00
1.144900e+01 0.000000e+00
1.151500e+01 0.000000e+00
1.158100e+01 0.000000e+00
1.164800e+01 0.000000e+00
1.171500e+01 0.000000e+00
1.178300e+01 0.000000e+00
1.185100e+01 0.000000e+00
1.191900e+01 0.000000e+00
1.198800e+01 0.000000e+00
1.205700e+01 0.000000e+00
1.212700e+01 0.000000e+00
1.219700e+01 0.000000e+00
1.226700e+01 0.000000e+00
1.233800e+01 0.000000e+00
1.240900e+01 0.000000e+00
1.248100e+01 0.000000e+00
1.255300e+01 0.000000e+00
1.262600e+01 0.000000e+00
1.269800e+01 0.000000e+00
1.277200e+01 0.000000e+00
1.284600e+01 0.000000e+00
1.292000e+01 0.000000e+00
1.299400e+01 0.000000e+00
1.306900e+01 0.000000e+00
1.314500e+01 0.000000e+00
1.322100e+01 0.000000e+00
1.329700e+01 0.000000e+00
1.337400e+01 0.000000e+00
1.345100e+01 0.000000e+00
1.352900e+01 0.000000e+00
1.360700e+01 0.000000e+00
1.368500e+01 0.000000e+00
1.376400e+01 0.000000e+00
1.384400e+01 0.000000e+00
1.392400e+01 0.000000e+00
1.400400e+01 0.000000e+00
1.408500e+01 0.000000e+00
1.416600e+01 0.000000e+00
1.424800e+01 0.000000e+00
1.433000e+01 0.000000e+00
1.441300e+01 0.000000e+00
1.449600e+01 0.000000e+00
1.458000e+01 0.000000e+00
1.466400e+01 0.000000e+00
1.474900e+01 0.000000e+00
1.483400e+01 0.000000e+00
1.491900e+01 0.000000e+00
1.500600e+01 0.000000e+00
1.509200e+01 0.000000e+00
1.517900e+01 0.000000e+00
1.526700e+01 0.000000e+00
1.535500e+01 0.000000e+00
1.544400e+01 0.000000e+00
1.553300e+01 0.000000e+00
1.562300e+01 0.000000e+00
1.571300e+01 0.000000e+00
1.580300e+01 0.000000e+00
1.589500e+01 0.000000e+00
1.598600e+01 0.000000e+00
1.607900e+01 0.000000e+00
1.617200e+01 0.000000e+00
1.626500e+01 0.000000e+00
1.635900e+01 0.000000e+00
1.645300e+01 0.000000e+00
1.654800e+01 0.000000e+00
1.664400e+01 0.000000e+00
1.674000e+01 0.000000e+00
1.683600e+01 0.000000e+00
1.693400e+01 0.000000e+00
1.703100e+01 0.000000e+00
1.713000e+01 0.000000e+00
1.722900e+01 0.000000e+00
1.732800e+01 0.000000e+00
1.742800e+01 0.000000e+00
1.752900e+01 0.000000e+00
1.763000e+01 0.000000e+00
1.773200e+01 0.000000e+00
1.783400e+01 0.000000e+00
1.793700e+01 0.000000e+00
1.804100e+01 0.000000e+00
1.814500e+01 0.000000e+00
1.825000e+01 0.000000e+00
1.835500e+01 0.000000e+00
1.846100e+01 0.000000e+00
1.856700e+01 0.000000e+00
1.867500e+01 0.000000e+00
1.878200e+01 0.000000e+00
1.889100e+01 0.000000e+00
1.900000e+01 0.000000e+00
1.911000e+01 0.000000e+00
1.922000e+01 0.000000e+00
1.933100e+01 0.000000e+00
1.944200e+01 0.000000e+00
1.955500e+01 0.000000e+00
1.966800e+01 0.000000e+00
1.978100e+01 0.000000e+00
1.989500e+01 0.000000e+00
2.001000e+01 0.000000e+00
2.012600e+01 0.000000e+00
2.024200e+01 0.000000e+00
2.035900e+01 0.000000e+00
2.047600e+01 0.000000e+00
2.059500e+01 0.000000e+00
2.071300e+01 0.000000e+00
2.083300e+01 0.000000e+00
2.095300e+01 0.000000e+00
2.107400e+01 0.000000e+00
2.119600e+01 9.269628e-06
2.131800e+01 0.000000e+00
2.144100e+01 0.000000e+00
2.156500e+01 0.000000e+00
2.169000e+01 0.000000e+00
2.181500e+01 0.000000e+00
2.194100e+01 0.000000e+00
2.206700e+01 0.000000e+00
2.219500e+01 0.000000e+00
2.232300e+01 0.000000e+00
2.245200e+01 0.000000e+00
2.258100e+01 0.000000e+00
2.271200e+01 1.328457e-05
2.284300e+01 8.957345e-05
2.297500e+01 3.692965e-06
2.310700e+01 0.000000e+00
2.324100e+01 0.000000e+00
2.337500e+01 0.000000e+00
2.351000e+01 0.000000e+00
2.364600e+01 0.000000e+00
2.378200e+01 0.000000e+00
2.391900e+01 0.000000e+00
2.405800e+01 0.000000e+00
2.419600e+01 0.000000e+00
2.433600e+01 0.000000e+00
2.447700e+01 9.808233e-06
2.461800e+01 0.000000e+00
2.476000e+01 9.827071e-06
2.490300e+01 5.045849e-05
2.504700e+01 0.000000e+00
2.519100e+01 0.000000e+00
2.533700e+01 0.000000e+00
2.548300e+01 0.000000e+00
2.563000e+01 0.000000e+00
2.577800e+01 0.000000e+00
2.592700e+01 0.000000e+00
2.607700e+01 0.000000e+00
2.622700e+01 0.000000e+00
2.637900e+01 0.000000e+00
2.653100e+01 0.000000e+00
2.668400e+01 9.407606e-06
2.683800e+01 0.000000e+00
2.699300e+01 0.000000e+00
2.714900e+01 0.000000e+00
2.730600e+01 0.000000e+00
2.746300e+01 0.000000e+00
2.762200e+01 0.000000e+00
2.778100e+01 0.000000e+00
2.794200e+01 0.000000e+00
2.810300e+01 0.000000e+00
2.826500e+01 0.000000e+00
2.842800e+01 0.000000e+00
2.859200e+01 0.000000e+00
2.875800e+01 2.527874e-05
2.892400e+01 4.727946e-06
2.909100e+01 4.852976e-05
2.925800e+01 0.000000e+00
2.942700e+01 1.651351e-05
2.959700e+01 0.000000e+00
2.976800e+01 3.225107e-06
2.994000e+01 5.815766e-05
3.011300e+01 0.000000e+00
3.028700e+01 0.000000e+00
3.046200e+01 7.090121e-06
3.063700e+01 0.000000e+00
3.081400e+01 1.667635e-04
3.099200e+01 0.000000e+00
3.117100e+01 2.788392e-05
3.135100e+01 2.555533e-04
3.153200e+01 0.000000e+00
3.171400e+01 0.000000e+00
3.189700e+01 4.432981e-07
3.208100e+01 6.119058e-06
3.226600e+01 0.000000e+00
3.245300e+01 3.231388e-05
3.264000e+01 9.319083e-06
3.282900e+01 8.924386e-05
3.301800e+01 2.991920e-06
3.320900e+01 0.000000e+00
3.340000e+01 6.403332e-06
3.359300e+01 2.189808e-05
3.378700e+01 8.345826e-05
3.398200e+01 7.149228e-05
3.417800e+01 3.205047e-05
3.437600e+01 7.416557e-05
3.457400e+01 2.675128e-04
3.477400e+01 3.679981e-06
3.497500e+01 1.239489e-05
3.517600e+01 9.516411e-05
3.538000e+01 2.480378e-05
3.558400e+01 7.006587e-06
3.578900e+01 6.360577e-05
3.599600e+01 4.203611e-05
3.620400e+01 1.021379e-05
3.641300e+01 4.499650e-05
3.662300e+01 5.705753e-05
3.683400e+01 9.838423e-05
3.704700e+01 3.527027e-05
3.726100e+01 8.588481e-05
3.747600e+01 3.239116e-05
3.769200e+01 1.218969e-04
3.791000e+01 4.068103e-05
3.812900e+01 1.272690e-04
3.834900e+01 7.045157e-05
3.857000e+01 8.709308e-05
3.879300e+01 1.425243e-05
3.901700e+01 1.025210e-04
3.924200e+01 6.481591e-05
3.946900e+01 2.081533e-06
3.969600e+01 1.313444e-05
3.992600e+01 8.235887e-05
4.015600e+01 3.704544e-05
4.038800e+01 7.885741e-05
4.062100e+01 7.974831e-05
4.085600e+01 6.584761e-05
4.109100e+01 1.141484e-04
4.132900e+01 5.392849e-05
4.156700e+01 1.175670e-04
4.180700e+01 7.391260e-05
4.204900e+01 2.189614e-04
4.229100e+01 1.033860e-04
4.253600e+01 1.031093e-04
4.278100e+01 2.683590e-05
4.302800e+01 1.135002e-04
4.327600e+01 5.132734e-04
4.352600e+01 3.020287e-05
4.377800e+01 6.797309e-05
4.403000e+01 1.104662e-04
4.428500e+01 2.593377e-05
4.454000e+01 2.642699e-05
4.479700e+01 1.573502e-04
4.505600e+01 7.154261e-05
4.531600e+01 5.325384e-06
4.557800e+01 1.667392e-04
4.584100e+01 4.051145e-05
4.610500e+01 1.764901e-04
4.637200e+01 8.996841e-05
4.663900e+01 1.842190e-04
4.690900e+01 8.841612e-05
4.717900e+01 1.199175e-04
4.745200e+01 8.619476e-05
4.772600e+01 1.554855e-04
4.800100e+01 2.896095e-04
4.827800e+01 3.159208e-04
4.855700e+01 1.531491e-04
4.883700e+01 1.602616e-04
4.911900e+01 1.463681e-04
4.940300e+01 4.725464e-04
4.968800e+01 8.708375e-05
4.997500e+01 1.153271e-04
5.026300e+01 4.781625e-05
5.055400e+01 5.220077e-05
5.084500e+01 2.061584e-04
5.113900e+01 1.001035e-04
5.143400e+01 1.326739e-04
5.173100e+01 8.619606e-05
5.203000e+01 1.239425e-04
5.233000e+01 1.134407e-04
5.263200e+01 4.652370e-05
5.293600e+01 1.127933e-04
5.324200e+01 1.618664e-04
5.354900e+01 8.634011e-04
5.385800e+01 3.063273e-04
5.416900e+01 3.239657e-04
5.448200e+01 1.929793e-04
5.479600e+01 1.686985e-04
5.511300e+01 1.598857e-04
5.543100e+01 2.399711e-04
5.575100e+01 2.112842e-04
5.607300e+01 5.201213e-04
5.639600e+01 1.395526e-04
5.672200e+01 9.643951e-05
5.704900e+01 5.657862e-04
5.737900e+01 1.190649e-04
5.771000e+01 2.598018e-04
5.804300e+01 5.332127e-04
5.837800e+01 3.427558e-04
5.871500e+01 6.355782e-04
5.905400e+01 3.033738e-04
5.939500e+01 4.966818e-04
5.973800e+01 5.205222e-04
6.008300e+01 3.484941e-04
6.043000e+01 3.941011e-04
6.077900e+01 4.362408e-04
6.113000e+01 1.955155e-03
6.148300e+01 4.577116e-04
6.183700e+01 8.675594e-04
6.219400e+01 9.222886e-04
6.255400e+01 8.076369e-04
6.291500e+01 9.055769e-04
6.327800e+01 8.577547e-04
6.364300e+01 5.638854e-04
6.401100e+01 4.623867e-04
6.438000e+01 1.193890e-03
6.475200e+01 1.266102e-03
6.512600e+01 7.717460e-04
6.550200e+01 8.016713e-03
6.588000e+01 2.392646e-03
6.626000e+01 1.791237e-03
6.664300e+01 1.305070e-03
6.702700e+01 7.613894e-04
6.741400e+01 1.318611e-03
6.780300e+01 2.549074e-03
6.819500e+01 1.584633e-03
6.858900e+01 2.574028e-03
6.898500e+01 2.658887e-03
6.938300e+01 2.790766e-03
6.978300e+01 2.410657e-03
7.018600e+01 1.389740e-03
7.059100e+01 2.731379e-03
7.099900e+01 1.064561e-03
7.140900e+01 4.250831e-03
7.182100e+01 2.537331e-03
7.223600e+01 3.373815e-03
7.265300e+01 2.553986e-03
7.307200e+01 2.882108e-03
7.349400e+01 3.089245e-03
7.391800e+01 3.409873e-03
7.434500e+01 2.610836e-03
7.477400e+01 3.391555e-03
7.520600e+01 3.890013e-03
7.564000e+01 3.503503e-03
7.607700e+01 3.305701e-03
7.651600e+01 4.903279e-03
7.695800e+01 4.561890e-03
7.740200e+01 5.234186e-03
7.784900e+01 4.598666e-03
7.829800e+01 6.797515e-03
7.875000e+01 3.688575e-03
7.920500e+01 4.561041e-03
7.966200e+01 5.359587e-03
8.012200e+01 5.419654e-03
8.058500e+01 5.596341e-03
8.105000e+01 7.927526e-03
8.151800e+01 6.741813e-03
8.198800e+01 6.761584e-03
8.246200e+01 6.630257e-03
8.293800e+01 8.185277e-03
8.341600e+01 1.044532e-02
8.389800e+01 8.950670e-03
8.438200e+01 8.356495e-03
8.487000e+01 1.185047e-02
8.535900e+01 1.129150e-02
8.585200e+01 8.912063e-03
8.634800e+01 7.684741e-03
8.684600e+01 1.133737e-02
8.734800e+01 1.008695e-02
8.785200e+01 9.093273e-03
8.835900e+01 1.870207e-02
8.886900e+01 1.373981e-02
8.938200e+01 1.463168e-02
8.989800e+01 1.261073e-02
9.041700e+01 1.704953e-02
9.093900e+01 1.573061e-02
9.146400e+01 1.828269e-02
9.199200e+01 1.745872e-02
9.252300e+01 1.839123e-02
9.305800e+01 2.382680e-02
9.359500e+01 2.219167e-02
9.413500e+01 2.285898e-02
9.467900e+01 2.934557e-02
9.522500e+01 7.406524e-02
9.577500e+01 2.679049e-02
9.632800e+01 3.199111e-02
9.688400e+01 2.954796e-02
9.744300e+01 3.635816e-02
9.800600e+01 3.297640e-02
9.857200e+01 3.776489e-02
9.914100e+01 3.869521e-02
9.971300e+01 3.543454e-02
1.002900e+02 4.760505e-02
1.008700e+02 5.698258e-02
1.014500e+02 4.366528e-02
1.020400e+02 4.346010e-02
1.026200e+02 4.814344e-02
1.032200e+02 4.677500e-02
1.038100e+02 5.198719e-02
1.044100e+02 5.272794e-02
1.050200e+02 5.951929e-02
1.056200e+02 5.697869e-02
1.062300e+02 6.569703e-02
1.068400e+02 6.727511e-02
1.074600e+02 7.337632e-02
1.080800e+02 7.666203e-02
1.087100e+02 7.727262e-02
1.093300e+02 8.643385e-02
1.099600e+02 8.296479e-02
1.106000e+02 9.904036e-02
1.112400e+02 8.519758e-02
1.118800e+02 9.011511e-02
1.125300e+02 7.302407e-02
1.131800e+02 8.705149e-02
1.138300e+02 9.185411e-02
1.144900e+02 9.145155e-02
1.151500e+02 1.152246e-01
1.158100e+02 9.726116e-02
1.164800e+02 9.747818e-02
1.171500e+02 1.128400e-01
1.178300e+02 1.152522e-01
1.185100e+02 1.140416e-01
1.191900e+02 1.354540e-01
1.198800e+02 1.338813e-01
1.205700e+02 1.382879e-01
1.212700e+02 1.371262e-01
1.219700e+02 1.467466e-01
1.226700e+02 1.660683e-01
1.233800e+02 1.612139e-01
1.240900e+02 1.631892e-01
1.248100e+02 1.854749e-01
1.255300e+02 1.860785e-01
1.262600e+02 1.967492e-01
1.269800e+02 2.003724e-01
1.277200e+02 2.138042e-01
1.284600e+02 2.416414e-01
1.292000e+02 2.286735e-01
1.299400e+02 2.529337e-01
1.306900e+02 2.509434e-01
1.314500e+02 2.582865e-01
1.322100e+02 2.475685e-01
1.329700e+02 2.857569e-01
1.337400e+02 2.750676e-01
1.345100e+02 2.776401e-01
1.352900e+02 3.001988e-01
1.360700e+02 2.940615e-01
1.368500e+02 3.148330e-01
1.376400e+02 3.208360e-01
1.384400e+02 3.199474e-01
1.392400e+02 3.500844e-01
1.400400e+02 4.139297e-01
1.408500e+02 3.615784e-01
1.416600e+02 3.551544e-01
1.424800e+02 3.801012e-01
1.433000e+02 3.597672e-01
1.441300e+02 3.396115e-01
1.449600e+02 3.158171e-01
1.458000e+02 3.034946e-01
1.466400e+02 3.173688e-01
1.474900e+02 3.517597e-01
1.483400e+02 3.857510e-01
1.491900e+02 4.059584e-01
1.500600e+02 4.422781e-01
1.509200e+02 4.636662e-01
1.517900e+02 4.611681e-01
1.526700e+02 4.608912e-01
1.535500e+02 4.973333e-01
1.544400e+02 5.388935e-01
1.553300e+02 4.900163e-01
1.562300e+02 4.881136e-01
1.571300e+02 5.223763e-01
1.580300e+02 5.106795e-01
1.589500e+02 5.300486e-01
1.598600e+02 5.408967e-01
1.607900e+02 5.715567e-01
1.617200e+02 6.312502e-01
1.626500e+02 5.439422e-01
1.635900e+02 5.640131e-01
1.645300e+02 5.444439e-01
1.654800e+02 5.854449e-01
1.664400e+02 5.859543e-01
1.674000e+02 6.005919e-01
1.683600e+02 5.806294e-01
1.693400e+02 6.040011e-01
1.703100e+02 6.225007e-01
1.713000e+02 6.319070e-01
1.722900e+02 6.458186e-01
1.732800e+02 6.408300e-01
1.742800e+02 6.542249e-01
1.752900e+02 6.771094e-01
1.763000e+02 6.795475e-01
1.773200e+02 7.039632e-01
1.783400e+02 7.056572e-01
1.793700e+02 7.428111e-01
1.804100e+02 7.234110e-01
1.814500e+02 7.654010e-01
1.825000e+02 7.461623e-01
1.835500e+02 7.625875e-01
1.846100e+02 7.824498e-01
1.856700e+02 7.774707e-01
1.867500e+02 7.550439e-01
1.878200e+02 7.667934e-01
1.889100e+02 7.824233e-01
1.900000e+02 7.783887e-01
1.911000e+02 7.891015e-01
1.922000e+02 8.013824e-01
1.933100e+02 7.874088e-01
1.944200e+02 7.775700e-01
1.955500e+02 7.906053e-01
1.966800e+02 8.135707e-01
1.978100e+02 8.354377e-01
1.989500e+02 7.992406e-01
2.001000e+02 7.995526e-01
2.012600e+02 8.056193e-01
2.024200e+02 8.107082e-01
2.035900e+02 8.025059e-01
2.047600e+02 8.108125e-01
2.059500e+02 8.384472e-01
2.071300e+02 8.051140e-01
2.083300e+02 8.105562e-01
2.095300e+02 8.344760e-01
2.107400e+02 8.672532e-01
2.119600e+02 8.634326e-01
2.131800e+02 8.568524e-01
2.144100e+02 8.412810e-01
2.156500e+02 8.398275e-01
2.169000e+02 8.725345e-01
2.181500e+02 8.481475e-01
2.194100e+02 8.422476e-01
2.206700e+02 8.645512e-01
2.219500e+02 8.417247e-01
2.232300e+02 8.311936e-01
2.245200e+02 8.758560e-01
2.258100e+02 8.595216e-01
2.271200e+02 8.633696e-01
2.284300e+02 8.731499e-01
2.297500e+02 8.734647e-01
2.310700e+02 8.657614e-01
2.324100e+02 8.502493e-01
2.337500e+02 8.768878e-01
2.351000e+02 8.757863e-01
2.364600e+02 8.920551e-01
2.378200e+02 8.734543e-01
2.391900e+02 8.759707e-01
2.405800e+02 8.736886e-01
2.419600e+02 8.870539e-01
2.433600e+02 9.025466e-01
2.447700e+02 9.099783e-01
2.461800e+02 8.828197e-01
2.476000e+02 8.910372e-01
2.490300e+02 8.679329e-01
2.504700e+02 8.782991e-01
2.519100e+02 8.726006e-01
2.533700e+02 8.919944e-01
2.548300e+02 8.375269e-01
2.563000e+02 8.697165e-01
2.577800e+02 9.419754e-01
2.592700e+02 8.758632e-01
2.607700e+02 8.726455e-01
2.622700e+02 8.523125e-01
2.637900e+02 9.262691e-01
2.653100e+02 8.791546e-01
2.668400e+02 9.050243e-01
2.683800e+02 9.146136e-01
2.699300e+02 9.002394e-01
2.714900e+02 8.870826e-01
2.730600e+02 8.690362e-01
2.746300e+02 8.937595e-01
2.762200e+02 9.128080e-01
2.778100e+02 8.820127e-01
2.794200e+02 9.053934e-01
2.810300e+02 9.119313e-01
2.826500e+02 8.940400e-01
2.842800e+02 8.959391e-01
2.859200e+02 9.666811e-01
2.875800e+02 9.341742e-01
2.892400e+02 9.645730e-01
2.909100e+02 9.194997e-01
2.925800e+02 9.201017e-01
2.942700e+02 9.204348e-01
2.959700e+02 9.372894e-01
2.976800e+02 9.331433e-01
2.994000e+02 9.562062e-01
3.011300e+02 9.545346e-01
3.028700e+02 9.667463e-01
3.046200e+02 9.896595e-01
3.063700e+02 9.696196e-01
3.081400e+02 9.396551e-01
3.099200e+02 1.000000e+00
3.117100e+02 9.691498e-01
3.135100e+02 9.581641e-01
3.153200e+02 9.502231e-01
3.171400e+02 9.639508e-01
3.189700e+02 9.591123e-01
3.208100e+02 9.399289e-01
3.226600e+02 9.767896e-01
3.245300e+02 9.251991e-01
3.264000e+02 9.508822e-01
3.282900e+02 9.205103e-01
3.301800e+02 9.340065e-01
3.320900e+02 9.301675e-01
3.340000e+02 8.937788e-01
3.359300e+02 9.037987e-01
3.378700e+02 8.966328e-01
3.398200e+02 8.975153e-01
3.417800e+02 8.820185e-01
3.437600e+02 8.767741e-01
3.457400e+02 8.798209e-01
3.477400e+02 8.922079e-01
3.497500e+02 8.655812e-01
3.517600e+02 8.587398e-01
3.538000e+02 8.663405e-01
3.558400e+02 8.509098e-01
3.578900e+02 8.362038e-01
3.599600e+02 8.626768e-01
3.620400e+02 8.309185e-01
3.641300e+02 8.184051e-01
3.662300e+02 8.239737e-01
3.683400e+02 8.242160e-01
3.704700e+02 8.048091e-01
3.726100e+02 8.083177e-01
3.747600e+02 8.539063e-01
3.769200e+02 7.952329e-01
3.791000e+02 7.804105e-01
3.812900e+02 7.911835e-01
3.834900e+02 7.976113e-01
3.857000e+02 7.692324e-01
3.879300e+02 7.627611e-01
3.901700e+02 7.471190e-01
3.924200e+02 7.497141e-01
3.946900e+02 7.300325e-01
3.969600e+02 7.441954e-01
3.992600e+02 7.232055e-01
4.015600e+02 7.297578e-01
4.038800e+02 6.989728e-01
4.062100e+02 7.037730e-01
4.085600e+02 7.195432e-01
4.109100e+02 6.977778e-01
4.132900e+02 6.873154e-01
4.156700e+02 6.877232e-01
4.180700e+02 6.914485e-01
4.204900e+02 6.807708e-01
4.229100e+02 6.730276e-01
4.253600e+02 6.894667e-01
4.278100e+02 6.663422e-01
4.302800e+02 6.442374e-01
4.327600e+02 6.544115e-01
4.352600e+02 6.375974e-01
4.377800e+02 6.558295e-01
4.403000e+02 6.453146e-01
4.428500e+02 6.502425e-01
4.454000e+02 6.333695e-01
4.479700e+02 6.273356e-01
4.505600e+02 6.406470e-01
4.531600e+02 6.258740e-01
4.557800e+02 6.154611e-01
4.584100e+02 6.163167e-01
4.610500e+02 6.041216e-01
4.637200e+02 6.009345e-01
4.663900e+02 6.018130e-01
4.690900e+02 5.656415e-01
4.717900e+02 5.870198e-01
4.745200e+02 5.622120e-01
4.772600e+02 5.581559e-01
4.800100e+02 5.484893e-01
4.827800e+02 5.746116e-01
4.855700e+02 5.400532e-01
4.883700e+02 5.428272e-01
4.911900e+02 5.549903e-01
4.940300e+02 5.403895e-01
4.968800e+02 5.302806e-01
4.997500e+02 5.120530e-01
5.026300e+02 5.623217e-01
5.055400e+02 5.319337e-01
5.084500e+02 5.002001e-01
5.113900e+02 5.005278e-01
5.143400e+02 5.023563e-01
5.173100e+02 4.779295e-01
5.203000e+02 4.838600e-01
5.233000e+02 5.000606e-01
5.263200e+02 4.755573e-01
5.293600e+02 4.961445e-01
5.324200e+02 4.575729e-01
5.354900e+02 4.672964e-01
5.385800e+02 4.586543e-01
5.416900e+02 4.525454e-01
5.448200e+02 4.450362e-01
5.479600e+02 4.358782e-01
5.511300e+02 4.398386e-01
5.543100e+02 4.247483e-01
5.575100e+02 4.227987e-01
5.607300e+02 4.106777e-01
5.639600e+02 4.271244e-01
5.672200e+02 4.042185e-01
5.704900e+02 4.374268e-01
5.737900e+02 4.126964e-01
5.771000e+02 4.022587e-01
5.804300e+02 3.824769e-01
5.837800e+02 3.920131e-01
5.871500e+02 3.811448e-01
5.905400e+02 3.830591e-01
5.939500e+02 3.693401e-01
5.973800e+02 3.777309e-01
6.008300e+02 3.747983e-01
6.043000e+02 3.515782e-01
6.077900e+02 3.513121e-01
6.113000e+02 3.513236e-01
6.148300e+02 3.436912e-01
6.183700e+02 3.482387e-01
6.219400e+02 3.503331e-01
6.255400e+02 3.394089e-01
6.291500e+02 3.267188e-01
6.327800e+02 3.243782e-01
6.364300e+02 3.306023e-01
6.401100e+02 3.324333e-01
6.438000e+02 3.097564e-01
6.475200e+02 3.327324e-01
6.512600e+02 3.138673e-01
6.550200e+02 3.043790e-01
6.588000e+02 3.081834e-01
6.626000e+02 2.966929e-01
6.664300e+02 2.984065e-01
6.702700e+02 2.884754e-01
6.741400e+02 2.948256e-01
6.780300e+02 2.877592e-01
6.819500e+02 2.757524e-01
6.858900e+02 2.887047e-01
6.898500e+02 2.666799e-01
6.938300e+02 2.691781e-01
6.978300e+02 2.702586e-01
7.018600e+02 2.618320e-01
7.059100e+02 2.576335e-01
7.099900e+02 2.539498e-01
7.140900e+02 2.565389e-01
7.182100e+02 2.410300e-01
7.223600e+02 2.351323e-01
7.265300e+02 2.531942e-01
7.307200e+02 2.458383e-01
7.349400e+02 2.409920e-01
7.391800e+02 2.413606e-01
7.434500e+02 2.289466e-01
7.477400e+02 2.276956e-01
7.520600e+02 2.440865e-01
7.564000e+02 2.252543e-01
7.607700e+02 2.126168e-01
7.651600e+02 2.316859e-01
7.695800e+02 2.233947e-01
7.740200e+02 2.077176e-01
7.784900e+02 2.106236e-01
7.829800e+02 2.103106e-01
7.875000e+02 2.084525e-01
7.920500e+02 1.968648e-01
7.966200e+02 2.143099e-01
8.012200e+02 1.964378e-01
8.058500e+02 1.980937e-01
8.105000e+02 1.916242e-01
8.151800e+02 1.857427e-01
8.198800e+02 1.901922e-01
8.246200e+02 1.896966e-01
8.293800e+02 1.829451e-01
8.341600e+02 1.875179e-01
8.389800e+02 1.747089e-01
8.438200e+02 1.794456e-01
8.487000e+02 1.766973e-01
8.535900e+02 1.673134e-01
8.585200e+02 1.731200e-01
8.634800e+02 1.714683e-01
8.684600e+02 1.704830e-01
8.734800e+02 1.641955e-01
8.785200e+02 1.592246e-01
8.835900e+02 1.537306e-01
8.886900e+02 1.647330e-01
8.938200e+02 1.521841e-01
8.989800e+02 1.588226e-01
9.041700e+02 1.528550e-01
9.093900e+02 1.476982e-01
9.146400e+02 1.492310e-01
9.199200e+02 1.470692e-01
9.252300e+02 1.383217e-01
9.305800e+02 1.369041e-01
9.359500e+02 1.402926e-01
9.413500e+02 1.304977e-01
9.467900e+02 1.348614e-01
9.522500e+02 1.371931e-01
9.577500e+02 1.340628e-01
9.632800e+02 1.238946e-01
9.688400e+02 1.213557e-01
9.744300e+02 1.229081e-01
9.800600e+02 1.132878e-01
9.857200e+02 8.820338e-02
9.914100e+02 6.460375e-02
9.971300e+02 5.087709e-02
1.002900e+03 4.066287e-02
1.008700e+03 4.802237e-02
1.014500e+03 4.418409e-02
1.020400e+03 5.388151e-02
1.026200e+03 6.645992e-02
1.032200e+03 6.615892e-02
1.038100e+03 6.997339e-02
1.044100e+03 7.543232e-02
1.050200e+03 7.488936e-02
1.056200e+03 8.210577e-02
1.062300e+03 7.589756e-02
1.068400e+03 7.485370e-02
1.074600e+03 7.633775e-02
1.080800e+03 7.408338e-02
1.087100e+03 7.953966e-02
1.093300e+03 7.214301e-02
1.099600e+03 7.282166e-02
1.106000e+03 7.728269e-02
1.112400e+03 7.397512e-02
1.118800e+03 6.918855e-02
1.125300e+03 7.710150e-02
1.131800e+03 8.690263e-02
1.138300e+03 7.524471e-02
1.144900e+03 8.094219e-02
1.151500e+03 7.498381e-02
1.158100e+03 7.894027e-02
1.164800e+03 8.016787e-02
1.171500e+03 8.519214e-02
1.178300e+03 8.059232e-02
1.185100e+03 8.014256e-02
1.191900e+03 8.255504e-02
1.198800e+03 8.734521e-02
1.205700e+03 8.788705e-02
1.212700e+03 8.887992e-02
1.219700e+03 8.446709e-02
1.226700e+03 8.318338e-02
1.233800e+03 1.026951e-01
1.240900e+03 7.495360e-02
1.248100e+03 8.117310e-02
1.255300e+03 7.908836e-02
1.262600e+03 7.355903e-02
1.269800e+03 7.792052e-02
1.277200e+03 7.499829e-02
1.284600e+03 6.943798e-02
1.292000e+03 6.731382e-02
1.299400e+03 6.897589e-02
1.306900e+03 6.508022e-02
1.314500e+03 6.888953e-02
1.322100e+03 7.070411e-02
1.329700e+03 7.093564e-02
1.337400e+03 6.745009e-02
1.345100e+03 6.824779e-02
1.352900e+03 6.833618e-02
1.360700e+03 6.768742e-02
1.368500e+03 7.015700e-02
1.376400e+03 6.204520e-02
1.384400e+03 6.502689e-02
1.392400e+03 6.376757e-02
1.400400e+03 6.031968e-02
1.408500e+03 6.174177e-02
1.416600e+03 6.149801e-02
1.424800e+03 6.124907e-02
1.433000e+03 6.119647e-02
1.441300e+03 6.899698e-02
1.449600e+03 5.965996e-02
1.458000e+03 5.839613e-02
1.466400e+03 5.470205e-02
1.474900e+03 6.391984e-02
1.483400e+03 5.840790e-02
1.491900e+03 5.675195e-02
1.500600e+03 6.126445e-02
1.509200e+03 5.413634e-02
1.517900e+03 5.453746e-02
1.526700e+03 5.164622e-02
1.535500e+03 5.151243e-02
1.544400e+03 5.505174e-02
1.553300e+03 5.064494e-02
1.562300e+03 5.174825e-02
1.571300e+03 5.331128e-02
1.580300e+03 5.484304e-02
1.589500e+03 5.333483e-02
1.598600e+03 5.805484e-02
1.607900e+03 5.809872e-02
1.617200e+03 5.751898e-02
1.626500e+03 5.548554e-02
1.635900e+03 5.566297e-02
1.645300e+03 6.326506e-02
1.654800e+03 5.269794e-02
1.664400e+03 9.812671e-02
1.674000e+03 5.473749e-02
1.683600e+03 5.252627e-02
1.693400e+03 5.163863e-02
1.703100e+03 4.935657e-02
1.713000e+03 5.593100e-02
1.722900e+03 5.654801e-02
1.732800e+03 4.935380e-02
1.742800e+03 5.083105e-02
1.752900e+03 4.318786e-02
1.763000e+03 5.334866e-02
1.773200e+03 4.474119e-02
1.783400e+03 5.035274e-02
1.793700e+03 4.183232e-02
1.804100e+03 4.461734e-02
1.814500e+03 4.546682e-02
1.825000e+03 4.142454e-02
1.835500e+03 4.285089e-02
1.846100e+03 4.215224e-02
1.856700e+03 4.150906e-02
1.867500e+03 4.070408e-02
1.878200e+03 4.182410e-02
1.889100e+03 5.187932e-02
1.900000e+03 4.055582e-02
1.911000e+03 3.537566e-02
1.922000e+03 4.546287e-02
1.933100e+03 3.967835e-02
1.944200e+03 3.794074e-02
1.955500e+03 4.081012e-02
1.966800e+03 3.545291e-02
1.978100e+03 3.995733e-02
1.989500e+03 3.752612e-02
2.001000e+03 3.642289e-02
2.012600e+03 3.195511e-02
2.024200e+03 3.337279e-02
2.035900e+03 3.552540e-02
2.047600e+03 3.682044e-02
2.059500e+03 4.430517e-02
2.071300e+03 3.408245e-02
2.083300e+03 2.969059e-02
2.095300e+03 3.170736e-02
2.107400e+03 3.121842e-02
2.119600e+03 3.265130e-02
2.131800e+03 3.041018e-02
2.144100e+03 3.070026e-02
2.156500e+03 3.941429e-02
2.169000e+03 3.018336e-02
2.181500e+03 3.000465e-02
2.194100e+03 3.040682e-02
2.206700e+03 2.940250e-02
2.219500e+03 2.942120e-02
2.232300e+03 2.807546e-02
2.245200e+03 2.527357e-02
2.258100e+03 2.634355e-02
2.271200e+03 3.216613e-02
2.284300e+03 2.594486e-02
2.297500e+03 3.123972e-02
2.310700e+03 2.971030e-02
2.324100e+03 2.385485e-02
2.337500e+03 2.428725e-02
2.351000e+03 3.070114e-02
2.364600e+03 2.662513e-02
2.378200e+03 2.511905e-02
2.391900e+03 2.361448e-02
2.405800e+03 2.414925e-02
2.419600e+03 2.643918e-02
2.433600e+03 2.161999e-02
2.447700e+03 2.360903e-02
2.461800e+03 2.083496e-02
2.476000e+03 2.369962e-02
2.490300e+03 2.303939e-02
2.504700e+03 2.394011e-02
2.519100e+03 1.994863e-02
2.533700e+03 2.948880e-02
2.548300e+03 2.647087e-02
2.563000e+03 1.865125e-02
2.577800e+03 2.165040e-02
2.592700e+03 1.906406e-02
2.607700e+03 2.116626e-02
2.622700e+03 2.064938e-02
2.637900e+03 1.845239e-02
2.653100e+03 2.204345e-02
2.668400e+03 1.776189e-02
2.683800e+03 1.965230e-02
2.699300e+03 1.825509e-02
2.714900e+03 1.879829e-02
2.730600e+03 2.613312e-02
2.746300e+03 2.035793e-02
2.762200e+03 1.729568e-02
2.778100e+03 1.874238e-02
2.794200e+03 1.636194e-02
2.810300e+03 1.971219e-02
2.826500e+03 1.547257e-02
2.842800e+03 1.736252e-02
2.859200e+03 1.769660e-02
2.875800e+03 1.907885e-02
2.892400e+03 1.688974e-02
2.909100e+03 1.501029e-02
2.925800e+03 1.456380e-02
2.942700e+03 1.477537e-02
2.959700e+03 1.554586e-02
2.976800e+03 1.665682e-02
2.994000e+03 1.869551e-02
3.011300e+03 1.521168e-02
3.028700e+03 1.638176e-02
3.046200e+03 1.372012e-02
3.063700e+03 1.372637e-02
3.081400e+03 1.532155e-02
3.099200e+03 1.427307e-02
3.117100e+03 1.413504e-02
3.135100e+03 1.363232e-02
3.153200e+03 1.552991e-02
3.171400e+03 1.718070e-02
3.189700e+03 1.639073e-02
3.208100e+03 1.363197e-02
3.226600e+03 1.492086e-02
3.245300e+03 1.258547e-02
3.264000e+03 1.559930e-02
3.282900e+03 1.084803e-02
3.301800e+03 1.395425e-02
3.320900e+03 1.175896e-02
3.340000e+03 1.558402e-02
3.359300e+03 1.209218e-02
3.378700e+03 1.576749e-02
3.398200e+03 1.473219e-02
3.417800e+03 1.346102e-02
3.437600e+03 1.125108e-02
3.457400e+03 1.466987e-02
3.477400e+03 1.223152e-02
3.497500e+03 1.067625e-02
3.517600e+03 1.298802e-02
3.538000e+03 1.306313e-02
3.558400e+03 1.097070e-02
3.578900e+03 1.083736e-02
3.599600e+03 1.381885e-02
3.620400e+03 9.985865e-03
3.641300e+03 1.252813e-02
3.662300e+03 9.027445e-03
3.683400e+03 1.018480e-02
3.704700e+03 8.966539e-03
3.726100e+03 1.088425e-02
3.747600e+03 9.894900e-03
3.769200e+03 1.080511e-02
3.791000e+03 9.500041e-03
3.812900e+03 9.825870e-03
3.834900e+03 9.498045e-03
3.857000e+03 9.683032e-03
3.879300e+03 8.605381e-03
3.901700e+03 9.135903e-03
3.924200e+03 1.194382e-02
3.946900e+03 1.015634e-02
3.969600e+03 8.832387e-03
3.992600e+03 1.010215e-02
4.015600e+03 1.468124e-02
4.038800e+03 8.469835e-03
4.062100e+03 1.067964e-02
4.085600e+03 8.952215e-03
4.109100e+03 7.647586e-03
4.132900e+03 8.358504e-03
4.156700e+03 9.160289e-03
4.180700e+03 8.775006e-03
4.204900e+03 1.059643e-02
4.229100e+03 8.470402e-03
4.253600e+03 8.061143e-03
4.278100e+03 8.452306e-03
4.302800e+03 9.884200e-03
4.327600e+03 6.556879e-03
4.352600e+03 8.860054e-03
4.377800e+03 8.202803e-03
4.403000e+03 7.439385e-03
4.428500e+03 7.427462e-03
4.454000e+03 7.447752e-03
4.479700e+03 6.609910e-03
4.505600e+03 9.062661e-03
4.531600e+03 7.897179e-03
4.557800e+03 6.310821e-03
4.584100e+03 8.179375e-03
4.610500e+03 1.421244e-02
4.637200e+03 7.542353e-03
4.663900e+03 7.549090e-03
4.690900e+03 7.511491e-03
4.717900e+03 6.670772e-03
4.745200e+03 6.579907e-03
4.772600e+03 7.750208e-03
4.800100e+03 7.091116e-03
4.827800e+03 6.542148e-03
4.855700e+03 6.353187e-03
4.883700e+03 9.421706e-03
4.911900e+03 6.667480e-03
4.940300e+03 6.016195e-03
4.968800e+03 6.395525e-03
4.997500e+03 4.509914e-03
5.026300e+03 5.209538e-03
5.055400e+03 4.572920e-03
5.084500e+03 1.154744e-02
5.113900e+03 5.825486e-03
5.143400e+03 5.958892e-03
5.173100e+03 4.696648e-03
5.203000e+03 3.967410e-03
5.233000e+03 5.168943e-03
5.263200e+03 6.404876e-03
5.293600e+03 4.897570e-03
5.324200e+03 4.963555e-03
5.354900e+03 4.898551e-03
5.385800e+03 5.417451e-03
5.416900e+03 4.521638e-03
5.448200e+03 4.976104e-03
5.479600e+03 4.738088e-03
5.511300e+03 5.527865e-03
5.543100e+03 5.968369e-03
5.575100e+03 4.369922e-03
5.607300e+03 4.934903e-03
5.639600e+03 7.781486e-03
5.672200e+03 4.903419e-03
5.704900e+03 4.031914e-03
5.737900e+03 4.849344e-03
5.771000e+03 4.060931e-03
5.804300e+03 3.888455e-03
5.837800e+03 3.337732e-03
5.871500e+03 4.083359e-03
5.905400e+03 4.543788e-03
5.939500e+03 4.390302e-03
5.973800e+03 3.726902e-03
6.008300e+03 3.199020e-03
6.043000e+03 3.670702e-03
6.077900e+03 3.577447e-03
6.113000e+03 3.479713e-03
6.148300e+03 4.944936e-03
6.183700e+03 3.426165e-03
6.219400e+03 3.846529e-03
6.255400e+03 3.405755e-03
6.291500e+03 4.115979e-03
6.327800e+03 3.206319e-03
6.364300e+03 2.439371e-03
6.401100e+03 4.038660e-03
6.438000e+03 2.708970e-03
6.475200e+03 2.252276e-03
6.512600e+03 3.907116e-03
6.550200e+03 3.902680e-03
6.588000e+03 2.671909e-03
6.626000e+03 3.384808e-03
6.664300e+03 3.479788e-03
6.702700e+03 2.674134e-03
6.741400e+03 2.882202e-03
6.780300e+03 3.284240e-03
6.819500e+03 2.460163e-03
6.858900e+03 2.947247e-03
6.898500e+03 3.352192e-03
6.938300e+03 2.860989e-03
6.978300e+03 2.433791e-03
7.018600e+03 3.291906e-03
7.059100e+03 2.387470e-03
7.099900e+03 1.891841e-03
7.140900e+03 3.024665e-03
7.182100e+03 1.822935e-03
7.223600e+03 1.642136e-03
7.265300e+03 2.898504e-03
7.307200e+03 2.434692e-03
7.349400e+03 1.897301e-03
7.391800e+03 1.751743e-03
7.434500e+03 3.301277e-03
7.477400e+03 1.785611e-03
7.520600e+03 1.698129e-03
7.564000e+03 1.352330e-03
7.607700e+03 1.971466e-03
7.651600e+03 3.033129e-03
7.695800e+03 1.789678e-03
7.740200e+03 2.663356e-03
7.784900e+03 2.706584e-03
7.829800e+03 1.798512e-03
7.875000e+03 1.718144e-03
7.920500e+03 1.642993e-03
7.966200e+03 1.749037e-03
8.012200e+03 1.625401e-03
8.058500e+03 1.756329e-03
8.105000e+03 1.767985e-03
8.151800e+03 1.848169e-03
8.198800e+03 1.500801e-03
8.246200e+03 1.272179e-03
8.293800e+03 1.984410e-03
8.341600e+03 1.603840e-03
8.389800e+03 1.455104e-03
8.438200e+03 1.465155e-03
8.487000e+03 1.915607e-03
8.535900e+03 1.816084e-03
8.585200e+03 2.049225e-03
8.634800e+03 1.515800e-03
8.684600e+03 2.371623e-03
8.734800e+03 1.546998e-03
8.785200e+03 1.242770e-03
8.835900e+03 9.561772e-04
8.886900e+03 1.226372e-03
8.938200e+03 1.574780e-03
8.989800e+03 6.930000e-03
9.041700e+03 2.549451e-03
9.093900e+03 1.302781e-03
9.146400e+03 1.200038e-03
9.199200e+03 1.484797e-03
9.252300e+03 1.264386e-03
9.305800e+03 1.125095e-03
9.359500e+03 1.529638e-03
9.413500e+03 1.303691e-03
9.467900e+03 8.089289e-04
9.522500e+03 1.690748e-03
9.577500e+03 1.121389e-03
9.632800e+03 1.142960e-03
9.688400e+03 1.539257e-03
9.744300e+03 9.589245e-04
9.800600e+03 1.936898e-03
9.857200e+03 8.905694e-04
9.914100e+03 1.368800e-03
9.971300e+03 1.379866e-03
1.002900e+04 8.246099e-04
1.008700e+04 1.176260e-03
1.014500e+04 1.049110e-03
1.020400e+04 7.801414e-04
1.026200e+04 1.219960e-03
1.032200e+04 2.170994e-03
1.038100e+04 6.479815e-04
1.044100e+04 7.181144e-04
1.050200e+04 1.711798e-03
1.056200e+04 8.495932e-04
1.062300e+04 9.794160e-04
1.068400e+04 9.972980e-04
1.074600e+04 1.137643e-03
1.080800e+04 8.960638e-04
1.087100e+04 9.652892e-04
1.093300e+04 1.470646e-03
1.099600e+04 1.516697e-03
1.106000e+04 8.381389e-04
1.112400e+04 1.432698e-03
1.118800e+04 9.378033e-04
1.125300e+04 1.884240e-03
1.131800e+04 1.086720e-03
1.138300e+04 6.894421e-04
1.144900e+04 5.360885e-04
1.151500e+04 8.300512e-04
1.158100e+04 9.981936e-04
1.164800e+04 7.655988e-04
1.171500e+04 1.327270e-03
1.178300e+04 6.548863e-04
1.185100e+04 1.303612e-03
1.191900e+04 8.563045e-04
1.198800e+04 1.028769e-03
1.205700e+04 1.410493e-03
1.212700e+04 8.767128e-04
1.219700e+04 9.803838e-04
1.226700e+04 6.716697e-04
1.233800e+04 8.416792e-04
1.240900e+04 7.941865e-04
1.248100e+04 4.829891e-04
1.255300e+04 4.834151e-04
1.262600e+04 4.353794e-04
1.269800e+04 6.356408e-04
1.277200e+04 7.510191e-04
1.284600e+04 3.576163e-04
1.292000e+04 4.091750e-04
1.299400e+04 1.485883e-03
1.306900e+04 3.236223e-04
1.314500e+04 3.889676e-04
1.322100e+04 8.854599e-04
1.329700e+04 5.048657e-04
1.337400e+04 3.108236e-04
1.345100e+04 5.013202e-04
1.352900e+04 5.520932e-04
1.360700e+04 5.526581e-04
1.368500e+04 3.027408e-04
1.376400e+04 6.154364e-04
1.384400e+04 4.832588e-04
1.392400e+04 4.272378e-04
1.400400e+04 2.664743e-04
1.408500e+04 7.897396e-04
1.416600e+04 3.481152e-04
1.424800e+04 7.378950e-04
1.433000e+04 7.783406e-04
1.441300e+04 2.137702e-04
1.449600e+04 1.916912e-04
1.458000e+04 2.779372e-04
1.466400e+04 4.663188e-04
1.474900e+04 3.975664e-04
1.483400e+04 3.420345e-04
1.491900e+04 6.812966e-04
1.500600e+04 7.674146e-04
1.509200e+04 1.534321e-04
1.517900e+04 4.118715e-04
1.526700e+04 2.271104e-04
1.535500e+04 2.541069e-04
1.544400e+04 3.580187e-04
1.553300e+04 2.254493e-04
1.562300e+04 3.940899e-04
1.571300e+04 1.604351e-03
1.580300e+04 1.045516e-03
1.589500e+04 3.986227e-04
1.598600e+04 3.429876e-04
1.607900e+04 7.187173e-05
1.617200e+04 3.554219e-04
1.626500e+04 3.187216e-04
1.635900e+04 5.619849e-04
1.645300e+04 3.399952e-04
1.654800e+04 1.856564e-04
1.664400e+04 4.227870e-04
1.674000e+04 2.718426e-04
1.683600e+04 7.274034e-04
1.693400e+04 2.566455e-04
1.703100e+04 1.487148e-04
1.713000e+04 4.431973e-04
1.722900e+04 2.451558e-04
1.732800e+04 2.651816e-04
1.742800e+04 1.057333e-04
1.752900e+04 2.318215e-04
1.763000e+04 1.493434e-04
1.773200e+04 2.002101e-04
1.783400e+04 1.208005e-04
1.793700e+04 1.629917e-04
1.804100e+04 9.515380e-05
1.814500e+04 1.415775e-04
1.825000e+04 2.244953e-04
1.835500e+04 1.123902e-03
1.846100e+04 2.011688e-04
1.856700e+04 3.825003e-04
1.867500e+04 1.594386e-04
1.878200e+04 4.048378e-04
1.889100e+04 1.736845e-04
1.900000e+04 1.204249e-04
1.911000e+04 1.246272e-05
1.922000e+04 1.582279e-04
1.933100e+04 9.811094e-05
1.944200e+04 1.547410e-04
1.955500e+04 3.185326e-04
1.966800e+04 9.356987e-05
1.978100e+04 9.398300e-05
1.989500e+04 8.393154e-05
2.001000e+04 2.488419e-04
2.012600e+04 1.409634e-04
2.024200e+04 1.853913e-04
2.035900e+04 3.539073e-04
2.047600e+04 1.625522e-04
2.059500e+04 1.227525e-04
2.071300e+04 1.575827e-04
2.083300e+04 1.747394e-04
2.095300e+04 1.623712e-04
2.107400e+04 2.117184e-04
2.119600e+04 4.968760e-05
2.131800e+04 0.000000e+00
2.144100e+04 1.745541e-04
2.156500e+04 1.453285e-04
2.169000e+04 1.365609e-04
2.181500e+04 1.212518e-04
2.194100e+04 2.366032e-04
2.206700e+04 7.065330e-05
2.219500e+04 2.106705e-04
2.232300e+04 1.478018e-04
2.245200e+04 1.446651e-04
2.258100e+04 3.042440e-04
2.271200e+04 1.814432e-04
2.284300e+04 8.284448e-06
2.297500e+04 1.176858e-04
2.310700e+04 6.022531e-05
2.324100e+04 1.201044e-06
2.337500e+04 1.566442e-04
2.351000e+04 9.000298e-05
2.364600e+04 1.564632e-04
2.378200e+04 7.521773e-05
2.391900e+04 1.712378e-04
2.405800e+04 6.264364e-05
2.419600e+04 1.963937e-04
2.433600e+04 3.410284e-04
2.447700e+04 8.509277e-05
2.461800e+04 4.750502e-05
2.476000e+04 9.480032e-05
2.490300e+04 9.110303e-05
2.504700e+04 2.579145e-05
2.519100e+04 3.821696e-05
2.533700e+04 5.287897e-05
2.548300e+04 1.026251e-04
2.563000e+04 1.835812e-04
2.577800e+04 1.671333e-04
2.592700e+04 8.552762e-05
2.607700e+04 1.037422e-04
2.622700e+04 6.691564e-05
2.637900e+04 2.757013e-04
2.653100e+04 2.611210e-05
2.668400e+04 2.018836e-04
2.683800e+04 3.204335e-04
2.699300e+04 2.574254e-05
2.714900e+04 1.657729e-05
2.730600e+04 2.626008e-04
2.746300e+04 6.187997e-05
2.762200e+04 8.307737e-05
2.778100e+04 8.205865e-05
2.794200e+04 5.488350e-05
2.810300e+04 6.961179e-07
2.826500e+04 2.395462e-05
2.842800e+04 4.770343e-05
2.859200e+04 3.532728e-05
2.875800e+04 1.069288e-04
2.892400e+04 2.801538e-05
2.909100e+04 4.046732e-06
2.925800e+04 1.809203e-04
2.942700e+04 2.689897e-05
2.959700e+04 1.228844e-04
2.976800e+04 1.097298e-04
2.994000e+04 1.512724e-04
3.011300e+04 5.202813e-05
3.028700e+04 1.622259e-04
3.046200e+04 1.152540e-04
3.063700e+04 1.136497e-06
3.081400e+04 1.106147e-04
3.099200e+04 2.435246e-05
3.117100e+04 3.703034e-04
3.135100e+04 7.790141e-05
3.153200e+04 2.567308e-05
3.171400e+04 9.341977e-05
3.189700e+04 1.813622e-04
3.208100e+04 1.775742e-05
3.226600e+04 1.294235e-04
3.245300e+04 4.051520e-06
3.264000e+04 3.330517e-05
3.282900e+04 7.217893e-05
3.301800e+04 3.107752e-05
3.320900e+04 6.141978e-05
3.340000e+04 8.031906e-05
3.359300e+04 2.965138e-05
3.378700e+04 9.503413e-05
3.398200e+04 0.000000e+00
3.417800e+04 5.575886e-05
3.437600e+04 1.213055e-04
3.457400e+04 4.839917e-05
3.477400e+04 2.699351e-05
3.497500e+04 5.539644e-05
3.517600e+04 2.261974e-04
3.538000e+04 0.000000e+00
3.558400e+04 1.089857e-05
3.578900e+04 4.320774e-05
3.599600e+04 8.524102e-05
3.620400e+04 2.505116e-05
3.641300e+04 3.297524e-04
3.662300e+04 1.263146e-05
3.683400e+04 1.092650e-04
3.704700e+04 2.848243e-05
3.726100e+04 2.908222e-05
3.747600e+04 1.707999e-05
3.769200e+04 6.438894e-06
3.791000e+04 5.252182e-05
3.812900e+04 5.441202e-05
3.834900e+04 5.135407e-05
3.857000e+04 5.504787e-05
3.879300e+04 4.199367e-05
3.901700e+04 3.702420e-06
3.924200e+04 8.031014e-05
3.946900e+04 1.242908e-04
3.969600e+04 3.426356e-05
3.992600e+04 2.360992e-05
4.015600e+04 1.728395e-05
4.038800e+04 1.880658e-05
4.062100e+04 3.418120e-05
4.085600e+04 0.000000e+00
4.109100e+04 1.468117e-05
4.132900e+04 5.923937e-05
4.156700e+04 7.042914e-06
4.180700e+04 2.488045e-04
4.204900e+04 0.000000e+00
4.229100e+04 6.483250e-06
4.253600e+04 0.000000e+00
4.278100e+04 8.315380e-05
4.302800e+04 1.064381e-04
4.327600e+04 1.255710e-05
4.352600e+04 3.596264e-05
4.377800e+04 1.653140e-06
4.403000e+04 0.000000e+00
4.428500e+04 0.000000e+00
4.454000e+04 0.000000e+00
4.479700e+04 7.338023e-05
4.505600e+04 0.000000e+00
4.531600e+04 1.282451e-05
4.557800e+04 0.000000e+00
4.584100e+04 2.378630e-05
4.610500e+04 2.123588e-06
4.637200e+04 0.000000e+00
4.663900e+04 6.552594e-06
4.690900e+04 2.817858e-05
4.717900e+04 0.000000e+00
4.745200e+04 4.196193e-05
4.772600e+04 4.585517e-06
4.800100e+04 1.013212e-05
4.827800e+04 2.469464e-05
4.855700e+04 0.000000e+00
4.883700e+04 0.000000e+00
4.911900e+04 0.000000e+00
4.940300e+04 0.000000e+00
4.968800e+04 1.044823e-04
4.997500e+04 5.451421e-06
5.026300e+04 0.000000e+00
5.055400e+04 1.428990e-05
5.084500e+04 1.800632e-05
5.113900e+04 0.000000e+00
5.143400e+04 0.000000e+00
5.173100e+04 0.000000e+00
5.203000e+04 0.000000e+00
5.233000e+04 2.489664e-05
5.263200e+04 1.488016e-04
5.293600e+04 0.000000e+00
5.324200e+04 7.904323e-06
5.354900e+04 2.222600e-06
5.385800e+04 0.000000e+00
5.416900e+04 3.151496e-06
5.448200e+04 3.824407e-05
5.479600e+04 3.120434e-05
5.511300e+04 0.000000e+00
5.543100e+04 2.894126e-05
5.575100e+04 1.848041e-05
5.607300e+04 1.133858e-04
5.639600e+04 3.594097e-05
5.672200e+04 1.996427e-05
5.704900e+04 2.366630e-06
5.737900e+04 0.000000e+00
5.771000e+04 2.403029e-05
5.804300e+04 0.000000e+00
5.837800e+04 0.000000e+00
5.871500e+04 3.416056e-05
5.905400e+04 0.000000e+00
5.939500e+04 1.039598e-04
5.973800e+04 1.502816e-05
6.008300e+04 0.000000e+00
6.043000e+04 1.839256e-05
6.077900e+04 0.000000e+00
6.113000e+04 0.000000e+00
6.148300e+04 2.378890e-05
6.183700e+04 8.318662e-05
6.219400e+04 0.000000e+00
6.255400e+04 0.000000e+00
6.291500e+04 0.000000e+00
6.327800e+04 0.000000e+00
6.364300e+04 0.000000e+00
6.401100e+04 1.625992e-05
6.438000e+04 0.000000e+00
6.475200e+04 0.000000e+00
6.512600e+04 2.682830e-05
6.550200e+04 0.000000e+00
6.588000e+04 1.662896e-05
6.626000e+04 3.908835e-05
6.664300e+04 0.000000e+00
6.702700e+04 1.651798e-04
6.741400e+04 9.214149e-06
6.780300e+04 3.771589e-05
6.819500e+04 3.408606e-05
6.858900e+04 0.000000e+00
6.898500e+04 2.047684e-05
6.938300e+04 0.000000e+00
6.978300e+04 2.942597e-05
7.018600e+04 2.647599e-06
7.059100e+04 0.000000e+00
7.099900e+04 0.000000e+00
7.140900e+04 0.000000e+00
7.182100e+04 0.000000e+00
7.223600e+04 0.000000e+00
7.265300e+04 0.000000e+00
7.307200e+04 9.825317e-06
7.349400e+04 5.072015e-05
7.391800e+04 0.000000e+00
7.434500e+04 0.000000e+00
7.477400e+04 0.000000e+00
7.520600e+04 0.000000e+00
7.564000e+04 0.000000e+00
7.607700e+04 4.581426e-05
7.651600e+04 0.000000e+00
7.695800e+04 0.000000e+00
7.740200e+04 7.124739e-07
7.784900e+04 0.000000e+00
7.829800e+04 1.099798e-05
7.875000e+04 0.000000e+00
7.920500e+04 1.376491e-05
7.966200e+04 1.675700e-06
8.012200e+04 0.000000e+00
8.058500e+04 3.360010e-05
8.105000e+04 0.000000e+00
8.151800e+04 0.000000e+00
8.198800e+04 0.000000e+00
8.246200e+04 0.000000e+00
8.293800e+04 2.714426e-05
8.341600e+04 0.000000e+00
8.389800e+04 0.000000e+00
8.438200e+04 1.756586e-05
8.487000e+04 0.000000e+00
8.535900e+04 0.000000e+00
8.585200e+04 0.000000e+00
8.634800e+04 1.351715e-05
8.684600e+04 0.000000e+00
8.734800e+04 0.000000e+00
8.785200e+04 0.000000e+00
8.835900e+04 0.000000e+00
8.886900e+04 0.000000e+00
8.938200e+04 0.000000e+00
8.989800e+04 0.000000e+00
9.041700e+04 0.000000e+00
9.093900e+04 0.000000e+00
9.146400e+04 0.000000e+00
9.199200e+04 4.913329e-05
9.252300e+04 0.000000e+00
9.305800e+04 5.135182e-06
9.359500e+04 0.000000e+00
9.413500e+04 0.000000e+00
9.467900e+04 0.000000e+00
9.522500e+04 1.929654e-05
9.577500e+04 0.000000e+00
9.632800e+04 0.000000e+00
9.688400e+04 0.000000e+00
9.744300e+04 0.000000e+00
9.800600e+04 0.000000e+00
9.857200e+04 3.844831e-05
9.914100e+04 0.000000e+00
9.971300e+04 0.000000e+00
