1.002900e+01 0.000000e+00
1.008700e+01 0.000000e+00
1.014500e+01 0.000000e+00
1.020400e+01 0.000000e+00
1.026200e+01 0.000000e+00
1.032200e+01 0.000000e+00
1.038100e+01 0.000000e+00
1.044100e+01 0.000000e+00
1.050200e+01 0.000000e+00
1.056200e+01 0.000000e+00
1.062300e+01 0.000000e+00
1.068400e+01 0.000000e+00
1.074600e+01 0.000000e+00
1.080800e+01 0.000000e+00
1.087100e+01 0.000000e+00
1.093300e+01 0.000000e+00
1.099600e+01 0.000000e+00
1.106000e+01 0.000000e+00
1.112400e+01 0.000000e+00
1.118800e+01 0.000000e+00
1.125300e+01 0.000000e+00
1.131800e+01 0.000000e+00
1.138300e+01 0.000000e+00
1.144900e+01 0.000000e+00
1.151500e+01 0.000000e+00
1.158100e+01 0.000000e+00
1.164800e+01 0.000000e+00
1.171500e+01 0.000000e+00
1.178300e+01 0.000000e+00
1.185100e+01 0.000000e+00
1.191900e+01 0.000000e+00
1.198800e+01 0.000000e+00
1.205700e+01 0.000000e+00
1.212700e+01 0.000000e+00
1.219700e+01 0.000000e+00
1.226700e+01 0.000000e+00
1.233800e+01 0.000000e+00
1.240900e+01 0.000000e+00
1.248100e+01 0.000000e+00
1.255300e+01 0.000000e+00
1.262600e+01 0.000000e+00
1.269800e+01 0.000000e+00
1.277200e+01 0.000000e+00
1.284600e+01 0.000000e+00
1.292000e+01 0.000000e+00
1.299400e+01 0.000000e+00
1.306900e+01 0.000000e+00
1.314500e+01 0.000000e+00
1.322100e+01 0.000000e+00
1.329700e+01 0.000000e+00
1.337400e+01 0.000000e+00
1.345100e+01 0.000000e+00
1.352900e+01 0.000000e+00
1.360700e+01 0.000000e+00
1.368500e+01 0.000000e+00
1.376400e+01 0.000000e+00
1.384400e+01 0.000000e+00
1.392400e+01 0.000000e+00
1.400400e+01 0.000000e+00
1.408500e+01 0.000000e+00
1.416600e+01 0.000000e+00
1.424800e+01 0.000000e+00
1.433000e+01 0.000000e+00
1.441300e+01 0.000000e+00
1.449600e+01 0.000000e+00
1.458000e+01 0.000000e+00
1.466400e+01 0.000000e+00
1.474900e+01 0.000000e+00
1.483400e+01 0.000000e+00
1.491900e+01 0.000000e+00
1.500600e+01 0.000000e+00
1.509200e+01 0.000000e+00
1.517900e+01 0.000000e+00
1.526700e+01 0.000000e+00
1.535500e+01 0.000000e+00
1.544400e+01 0.000000e+00
1.553300e+01 0.000000e+00
1.562300e+01 0.000000e+00
1.571300e+01 0.000000e+00
1.580300e+01 0.000000e+00
1.589500e+01 0.000000e+00
1.598600e+01 0.000000e+00
1.607900e+01 0.000000e+00
1.617200e+01 0.000000e+00
1.626500e+01 0.000000e+00
1.635900e+01 0.000000e+00
1.645300e+01 0.000000e+00
1.654800e+01 0.000000e+00
1.664400e+01 0.000000e+00
1.674000e+01 0.000000e+00
1.683600e+01 0.000000e+00
1.693400e+01 0.000000e+00
1.703100e+01 0.000000e+00
1.713000e+01 0.000000e+00
1.722900e+01 9.296635e-06
1.732800e+01 0.000000e+00
1.742800e+01 1.070299e-05
1.752900e+01 0.000000e+00
1.763000e+01 0.000000e+00
1.773200e+01 6.549431e-06
1.783400e+01 3.182948e-06
1.793700e+01 0.000000e+00
1.804100e+01 0.000000e+00
1.814500e+01 1.229747e-05
1.825000e+01 0.000000e+00
1.835500e+01 2.143242e-06
1.846100e+01 1.033889e-05
1.856700e+01 0.000000e+00
1.867500e+01 2.157711e-06
1.878200e+01 2.752575e-06
1.889100e+01 1.020810e-05
1.900000e+01 0.000000e+00
1.911000e+01 9.835452e-06
1.922000e+01 0.000000e+00
1.933100e+01 0.000000e+00
1.944200e+01 1.546734e-05
1.955500e+01 0.000000e+00
1.966800e+01 2.056467e-06
1.978100e+01 6.887607e-06
1.989500e+01 4.868287e-05
2.001000e+01 1.053216e-04
2.012600e+01 1.016253e-04
2.024200e+01 9.289327e-05
2.035900e+01 1.356804e-04
2.047600e+01 1.344811e-04
2.059500e+01 1.250206e-04
2.071300e+01 1.711930e-04
2.083300e+01 7.958298e-05
2.095300e+01 1.074323e-04
2.107400e+01 1.086617e-04
2.119600e+01 1.094273e-04
2.131800e+01 5.746576e-05
2.144100e+01 1.198459e-04
2.156500e+01 1.014888e-04
2.169000e+01 1.069596e-04
2.181500e+01 1.093497e-04
2.194100e+01 8.530282e-05
2.206700e+01 1.196073e-04
2.219500e+01 1.456930e-04
2.232300e+01 1.425070e-04
2.245200e+01 9.989741e-05
2.258100e+01 6.951301e-05
2.271200e+01 1.218616e-04
2.284300e+01 6.510780e-05
2.297500e+01 1.058290e-04
2.310700e+01 1.516296e-04
2.324100e+01 8.821411e-05
2.337500e+01 3.693898e-05
2.351000e+01 2.468321e-05
2.364600e+01 3.492429e-05
2.378200e+01 3.859821e-06
2.391900e+01 6.939565e-06
2.405800e+01 2.140305e-05
2.419600e+01 2.488624e-05
2.433600e+01 0.000000e+00
2.447700e+01 9.674288e-06
2.461800e+01 1.485410e-05
2.476000e+01 3.348320e-06
2.490300e+01 2.128925e-05
2.504700e+01 1.396271e-05
2.519100e+01 6.664641e-06
2.533700e+01 4.167977e-05
2.548300e+01 2.699578e-05
2.563000e+01 2.843715e-05
2.577800e+01 1.450905e-05
2.592700e+01 3.617053e-05
2.607700e+01 1.841173e-05
2.622700e+01 6.852344e-05
2.637900e+01 6.310487e-05
2.653100e+01 1.515051e-05
2.668400e+01 9.847152e-05
2.683800e+01 5.437418e-05
2.699300e+01 4.946520e-05
2.714900e+01 9.642729e-05
2.730600e+01 2.678643e-05
2.746300e+01 6.090441e-05
2.762200e+01 2.378481e-05
2.778100e+01 1.110980e-05
2.794200e+01 3.382450e-05
2.810300e+01 3.253531e-05
2.826500e+01 5.114287e-05
2.842800e+01 6.776745e-05
2.859200e+01 7.899121e-05
2.875800e+01 1.635824e-04
2.892400e+01 9.292444e-05
2.909100e+01 1.431710e-05
2.925800e+01 7.819554e-05
2.942700e+01 1.200329e-04
2.959700e+01 1.277356e-04
2.976800e+01 1.884979e-04
2.994000e+01 1.082876e-04
3.011300e+01 1.112913e-04
3.028700e+01 2.487740e-04
3.046200e+01 9.713143e-05
3.063700e+01 2.071011e-04
3.081400e+01 2.290317e-04
3.099200e+01 2.124325e-04
3.117100e+01 2.909853e-04
3.135100e+01 3.894901e-04
3.153200e+01 1.741055e-04
3.171400e+01 2.308234e-04
3.189700e+01 2.725822e-04
3.208100e+01 3.145279e-04
3.226600e+01 4.539037e-04
3.245300e+01 3.315726e-04
3.264000e+01 2.805107e-04
3.282900e+01 3.131784e-04
3.301800e+01 4.042805e-04
3.320900e+01 5.681140e-04
3.340000e+01 4.687512e-04
3.359300e+01 5.563888e-04
3.378700e+01 3.799750e-04
3.398200e+01 5.826693e-04
3.417800e+01 6.743642e-04
3.437600e+01 6.474490e-04
3.457400e+01 5.082901e-04
3.477400e+01 6.591602e-04
3.497500e+01 8.095666e-04
3.517600e+01 7.072032e-04
3.538000e+01 8.537207e-04
3.558400e+01 9.351821e-04
3.578900e+01 9.747645e-04
3.599600e+01 8.093026e-04
3.620400e+01 8.701107e-04
3.641300e+01 1.023752e-03
3.662300e+01 1.139929e-03
3.683400e+01 1.262395e-03
3.704700e+01 8.352729e-04
3.726100e+01 1.398456e-03
3.747600e+01 1.050148e-03
3.769200e+01 1.367481e-03
3.791000e+01 1.528723e-03
3.812900e+01 1.453331e-03
3.834900e+01 1.732368e-03
3.857000e+01 1.797918e-03
3.879300e+01 1.773287e-03
3.901700e+01 1.720569e-03
3.924200e+01 2.017789e-03
3.946900e+01 2.127424e-03
3.969600e+01 2.093592e-03
3.992600e+01 2.108512e-03
4.015600e+01 2.668370e-03
4.038800e+01 2.686924e-03
4.062100e+01 2.985037e-03
4.085600e+01 2.744229e-03
4.109100e+01 2.825075e-03
4.132900e+01 3.234929e-03
4.156700e+01 3.272560e-03
4.180700e+01 3.398862e-03
4.204900e+01 3.843998e-03
4.229100e+01 3.966625e-03
4.253600e+01 3.841102e-03
4.278100e+01 4.253614e-03
4.302800e+01 4.600571e-03
4.327600e+01 4.189897e-03
4.352600e+01 4.442174e-03
4.377800e+01 5.780346e-03
4.403000e+01 5.421308e-03
4.428500e+01 5.309747e-03
4.454000e+01 5.514258e-03
4.479700e+01 5.813196e-03
4.505600e+01 5.989624e-03
4.531600e+01 6.331519e-03
4.557800e+01 6.506379e-03
4.584100e+01 7.557759e-03
4.610500e+01 7.755977e-03
4.637200e+01 7.890600e-03
4.663900e+01 7.565490e-03
4.690900e+01 8.206136e-03
4.717900e+01 8.066000e-03
4.745200e+01 9.357578e-03
4.772600e+01 9.329667e-03
4.800100e+01 9.342708e-03
4.827800e+01 1.050446e-02
4.855700e+01 9.810338e-03
4.883700e+01 1.170675e-02
4.911900e+01 1.178506e-02
4.940300e+01 1.174584e-02
4.968800e+01 1.209976e-02
4.997500e+01 1.254948e-02
5.026300e+01 1.341483e-02
5.055400e+01 1.331495e-02
5.084500e+01 1.376709e-02
5.113900e+01 1.562618e-02
5.143400e+01 1.516400e-02
5.173100e+01 1.652572e-02
5.203000e+01 1.627622e-02
5.233000e+01 1.706352e-02
5.263200e+01 1.833044e-02
5.293600e+01 1.988843e-02
5.324200e+01 1.988136e-02
5.354900e+01 2.012762e-02
5.385800e+01 2.164106e-02
5.416900e+01 2.241028e-02
5.448200e+01 2.208495e-02
5.479600e+01 2.391112e-02
5.511300e+01 2.351757e-02
5.543100e+01 2.509166e-02
5.575100e+01 2.525608e-02
5.607300e+01 2.701162e-02
5.639600e+01 2.722284e-02
5.672200e+01 2.916629e-02
5.704900e+01 2.994579e-02
5.737900e+01 2.956101e-02
5.771000e+01 3.086525e-02
5.804300e+01 3.319868e-02
5.837800e+01 3.426015e-02
5.871500e+01 3.324546e-02
5.905400e+01 3.589199e-02
5.939500e+01 3.684600e-02
5.973800e+01 3.899282e-02
6.008300e+01 3.842155e-02
6.043000e+01 3.958541e-02
6.077900e+01 4.198054e-02
6.113000e+01 4.297053e-02
6.148300e+01 4.602636e-02
6.183700e+01 4.502593e-02
6.219400e+01 4.717693e-02
6.255400e+01 4.992030e-02
6.291500e+01 4.912340e-02
6.327800e+01 5.265741e-02
6.364300e+01 5.383806e-02
6.401100e+01 5.596136e-02
6.438000e+01 5.972000e-02
6.475200e+01 6.087755e-02
6.512600e+01 6.219980e-02
6.550200e+01 6.178027e-02
6.588000e+01 6.443558e-02
6.626000e+01 6.387364e-02
6.664300e+01 6.613695e-02
6.702700e+01 6.817160e-02
6.741400e+01 7.197193e-02
6.780300e+01 7.238717e-02
6.819500e+01 7.541314e-02
6.858900e+01 7.916702e-02
6.898500e+01 7.949390e-02
6.938300e+01 8.347707e-02
6.978300e+01 8.340733e-02
7.018600e+01 8.690148e-02
7.059100e+01 8.793798e-02
7.099900e+01 9.084224e-02
7.140900e+01 9.661197e-02
7.182100e+01 9.697991e-02
7.223600e+01 9.883344e-02
7.265300e+01 1.003209e-01
7.307200e+01 1.044698e-01
7.349400e+01 1.072425e-01
7.391800e+01 1.073193e-01
7.434500e+01 1.105816e-01
7.477400e+01 1.157841e-01
7.520600e+01 1.191169e-01
7.564000e+01 1.196858e-01
7.607700e+01 1.245921e-01
7.651600e+01 1.274889e-01
7.695800e+01 1.265300e-01
7.740200e+01 1.324108e-01
7.784900e+01 1.326340e-01
7.829800e+01 1.373686e-01
7.875000e+01 1.415164e-01
7.920500e+01 1.429724e-01
7.966200e+01 1.460839e-01
8.012200e+01 1.520621e-01
8.058500e+01 1.545249e-01
8.105000e+01 1.595194e-01
8.151800e+01 1.622018e-01
8.198800e+01 1.631778e-01
8.246200e+01 1.668413e-01
8.293800e+01 1.739339e-01
8.341600e+01 1.755562e-01
8.389800e+01 1.800216e-01
8.438200e+01 1.837180e-01
8.487000e+01 1.873165e-01
8.535900e+01 1.898780e-01
8.585200e+01 1.945616e-01
8.634800e+01 1.990474e-01
8.684600e+01 2.018878e-01
8.734800e+01 2.086978e-01
8.785200e+01 2.120279e-01
8.835900e+01 2.140173e-01
8.886900e+01 2.191478e-01
8.938200e+01 2.273493e-01
8.989800e+01 2.287941e-01
9.041700e+01 2.318407e-01
9.093900e+01 2.375243e-01
9.146400e+01 2.410076e-01
9.199200e+01 2.503432e-01
9.252300e+01 2.520559e-01
9.305800e+01 2.564372e-01
9.359500e+01 2.613209e-01
9.413500e+01 2.622372e-01
9.467900e+01 2.717454e-01
9.522500e+01 2.753480e-01
9.577500e+01 2.826878e-01
9.632800e+01 2.842723e-01
9.688400e+01 2.901527e-01
9.744300e+01 2.931006e-01
9.800600e+01 3.031306e-01
9.857200e+01 3.019331e-01
9.914100e+01 3.137565e-01
9.971300e+01 3.158114e-01
1.002900e+02 3.184727e-01
1.008700e+02 3.272556e-01
1.014500e+02 3.317357e-01
1.020400e+02 3.337135e-01
1.026200e+02 3.439735e-01
1.032200e+02 3.442261e-01
1.038100e+02 3.514210e-01
1.044100e+02 3.630460e-01
1.050200e+02 3.650308e-01
1.056200e+02 3.707718e-01
1.062300e+02 3.791805e-01
1.068400e+02 3.777430e-01
1.074600e+02 3.835347e-01
1.080800e+02 3.933830e-01
1.087100e+02 3.945439e-01
1.093300e+02 4.065229e-01
1.099600e+02 4.078803e-01
1.106000e+02 4.143227e-01
1.112400e+02 4.173959e-01
1.118800e+02 4.304211e-01
1.125300e+02 4.290504e-01
1.131800e+02 4.398284e-01
1.138300e+02 4.440516e-01
1.144900e+02 4.447979e-01
1.151500e+02 4.605209e-01
1.158100e+02 4.595533e-01
1.164800e+02 4.684871e-01
1.171500e+02 4.691437e-01
1.178300e+02 4.806257e-01
1.185100e+02 4.870130e-01
1.191900e+02 4.906219e-01
1.198800e+02 4.977633e-01
1.205700e+02 5.038625e-01
1.212700e+02 5.109287e-01
1.219700e+02 5.137782e-01
1.226700e+02 5.229004e-01
1.233800e+02 5.252871e-01
1.240900e+02 5.339150e-01
1.248100e+02 5.461436e-01
1.255300e+02 5.444088e-01
1.262600e+02 5.542297e-01
1.269800e+02 5.633850e-01
1.277200e+02 5.644363e-01
1.284600e+02 5.725697e-01
1.292000e+02 5.763988e-01
1.299400e+02 5.834548e-01
1.306900e+02 5.902613e-01
1.314500e+02 5.949516e-01
1.322100e+02 6.013775e-01
1.329700e+02 6.092299e-01
1.337400e+02 6.173757e-01
1.345100e+02 6.192649e-01
1.352900e+02 6.251512e-01
1.360700e+02 6.310075e-01
1.368500e+02 6.430557e-01
1.376400e+02 6.446701e-01
1.384400e+02 6.430633e-01
1.392400e+02 6.545720e-01
1.400400e+02 6.577331e-01
1.408500e+02 6.557970e-01
1.416600e+02 6.674987e-01
1.424800e+02 6.723048e-01
1.433000e+02 6.839840e-01
1.441300e+02 6.858370e-01
1.449600e+02 6.961302e-01
1.458000e+02 7.033631e-01
1.466400e+02 7.125985e-01
1.474900e+02 7.186460e-01
1.483400e+02 7.238536e-01
1.491900e+02 7.261900e-01
1.500600e+02 7.354170e-01
1.509200e+02 7.376077e-01
1.517900e+02 7.403202e-01
1.526700e+02 7.512985e-01
1.535500e+02 7.544470e-01
1.544400e+02 7.616686e-01
1.553300e+02 7.601500e-01
1.562300e+02 7.683683e-01
1.571300e+02 7.794951e-01
1.580300e+02 7.781578e-01
1.589500e+02 7.883669e-01
1.598600e+02 7.928166e-01
1.607900e+02 7.963464e-01
1.617200e+02 8.036340e-01
1.626500e+02 8.064493e-01
1.635900e+02 8.088422e-01
1.645300e+02 8.163421e-01
1.654800e+02 8.209381e-01
1.664400e+02 8.305723e-01
1.674000e+02 8.288493e-01
1.683600e+02 8.359183e-01
1.693400e+02 8.472959e-01
1.703100e+02 8.475693e-01
1.713000e+02 8.460275e-01
1.722900e+02 8.559937e-01
1.732800e+02 8.606439e-01
1.742800e+02 8.652738e-01
1.752900e+02 8.650219e-01
1.763000e+02 8.728371e-01
1.773200e+02 8.748984e-01
1.783400e+02 8.797598e-01
1.793700e+02 8.838216e-01
1.804100e+02 8.946412e-01
1.814500e+02 8.987718e-01
1.825000e+02 8.992140e-01
1.835500e+02 9.007355e-01
1.846100e+02 9.010783e-01
1.856700e+02 9.064909e-01
1.867500e+02 9.063876e-01
1.878200e+02 9.086726e-01
1.889100e+02 9.182582e-01
1.900000e+02 9.157185e-01
1.911000e+02 9.234929e-01
1.922000e+02 9.261416e-01
1.933100e+02 9.305716e-01
1.944200e+02 9.348553e-01
1.955500e+02 9.371674e-01
1.966800e+02 9.431708e-01
1.978100e+02 9.403605e-01
1.989500e+02 9.484896e-01
2.001000e+02 9.481344e-01
2.012600e+02 9.474584e-01
2.024200e+02 9.562087e-01
2.035900e+02 9.464983e-01
2.047600e+02 9.554554e-01
2.059500e+02 9.568503e-01
2.071300e+02 9.602326e-01
2.083300e+02 9.701046e-01
2.095300e+02 9.752636e-01
2.107400e+02 9.664930e-01
2.119600e+02 9.769189e-01
2.131800e+02 9.726070e-01
2.144100e+02 9.791192e-01
2.156500e+02 9.760995e-01
2.169000e+02 9.777136e-01
2.181500e+02 9.817358e-01
2.194100e+02 9.845979e-01
2.206700e+02 9.832047e-01
2.219500e+02 9.847679e-01
2.232300e+02 9.825631e-01
2.245200e+02 9.828641e-01
2.258100e+02 9.836492e-01
2.271200e+02 9.974738e-01
2.284300e+02 9.889607e-01
2.297500e+02 9.956858e-01
2.310700e+02 9.911655e-01
2.324100e+02 9.888252e-01
2.337500e+02 9.965612e-01
2.351000e+02 9.979285e-01
2.364600e+02 9.977602e-01
2.378200e+02 9.975473e-01
2.391900e+02 1.000000e+00
2.405800e+02 9.997837e-01
2.419600e+02 9.906691e-01
2.433600e+02 9.985458e-01
2.447700e+02 9.979849e-01
2.461800e+02 9.935798e-01
2.476000e+02 9.933630e-01
2.490300e+02 9.987361e-01
2.504700e+02 9.950380e-01
2.519100e+02 9.898750e-01
2.533700e+02 9.982447e-01
2.548300e+02 9.920189e-01
2.563000e+02 9.930049e-01
2.577800e+02 9.936730e-01
2.592700e+02 9.928332e-01
2.607700e+02 9.933268e-01
2.622700e+02 9.958603e-01
2.637900e+02 9.994804e-01
2.653100e+02 9.878679e-01
2.668400e+02 9.921595e-01
2.683800e+02 9.886382e-01
2.699300e+02 9.887642e-01
2.714900e+02 9.948398e-01
2.730600e+02 9.861567e-01
2.746300e+02 9.879227e-01
2.762200e+02 9.885817e-01
2.778100e+02 9.829404e-01
2.794200e+02 9.795355e-01
2.810300e+02 9.730724e-01
2.826500e+02 9.799161e-01
2.842800e+02 9.743312e-01
2.859200e+02 9.767885e-01
2.875800e+02 9.656933e-01
2.892400e+02 9.673819e-01
2.909100e+02 9.700984e-01
2.925800e+02 9.699481e-01
2.942700e+02 9.717797e-01
2.959700e+02 9.660225e-01
2.976800e+02 9.635816e-01
2.994000e+02 9.683160e-01
3.011300e+02 9.636438e-01
3.028700e+02 9.636031e-01
3.046200e+02 9.619444e-01
3.063700e+02 9.550301e-01
3.081400e+02 9.529998e-01
3.099200e+02 9.511434e-01
3.117100e+02 9.511112e-01
3.135100e+02 9.483072e-01
3.153200e+02 9.412303e-01
3.171400e+02 9.378073e-01
3.189700e+02 9.321981e-01
3.208100e+02 9.308574e-01
3.226600e+02 9.313803e-01
3.245300e+02 9.238318e-01
3.264000e+02 9.267634e-01
3.282900e+02 9.271006e-01
3.301800e+02 9.152012e-01
3.320900e+02 9.172783e-01
3.340000e+02 9.092961e-01
3.359300e+02 9.015442e-01
3.378700e+02 9.045803e-01
3.398200e+02 9.007711e-01
3.417800e+02 8.945090e-01
3.437600e+02 8.978100e-01
3.457400e+02 8.886536e-01
3.477400e+02 8.940228e-01
3.497500e+02 8.791635e-01
3.517600e+02 8.823097e-01
3.538000e+02 8.733210e-01
3.558400e+02 8.729466e-01
3.578900e+02 8.711377e-01
3.599600e+02 8.665891e-01
3.620400e+02 8.605417e-01
3.641300e+02 8.548207e-01
3.662300e+02 8.557808e-01
3.683400e+02 8.513040e-01
3.704700e+02 8.493669e-01
3.726100e+02 8.416099e-01
3.747600e+02 8.417568e-01
3.769200e+02 8.329641e-01
3.791000e+02 8.304667e-01
3.812900e+02 8.275272e-01
3.834900e+02 8.224568e-01
3.857000e+02 8.216593e-01
3.879300e+02 8.173017e-01
3.901700e+02 8.100530e-01
3.924200e+02 8.097012e-01
3.946900e+02 8.033753e-01
3.969600e+02 7.987200e-01
3.992600e+02 7.997462e-01
4.015600e+02 7.970111e-01
4.038800e+02 7.826109e-01
4.062100e+02 7.829345e-01
4.085600e+02 7.764562e-01
4.109100e+02 7.743688e-01
4.132900e+02 7.663448e-01
4.156700e+02 7.634735e-01
4.180700e+02 7.639276e-01
4.204900e+02 7.583518e-01
4.229100e+02 7.523055e-01
4.253600e+02 7.512624e-01
4.278100e+02 7.496404e-01
4.302800e+02 7.368916e-01
4.327600e+02 7.333251e-01
4.352600e+02 7.295582e-01
4.377800e+02 7.289404e-01
4.403000e+02 7.192418e-01
4.428500e+02 7.174131e-01
4.454000e+02 7.139043e-01
4.479700e+02 7.120225e-01
4.505600e+02 7.055396e-01
4.531600e+02 7.014926e-01
4.557800e+02 6.996600e-01
4.584100e+02 6.908678e-01
4.610500e+02 6.871715e-01
4.637200e+02 6.849401e-01
4.663900e+02 6.790644e-01
4.690900e+02 6.707997e-01
4.717900e+02 6.675659e-01
4.745200e+02 6.667567e-01
4.772600e+02 6.580650e-01
4.800100e+02 6.564131e-01
4.827800e+02 6.546505e-01
4.855700e+02 6.551644e-01
4.883700e+02 6.446058e-01
4.911900e+02 6.385549e-01
4.940300e+02 6.373441e-01
4.968800e+02 6.295378e-01
4.997500e+02 6.267512e-01
5.026300e+02 6.209880e-01
5.055400e+02 6.147935e-01
5.084500e+02 6.107393e-01
5.113900e+02 6.097675e-01
5.143400e+02 6.032585e-01
5.173100e+02 6.024287e-01
5.203000e+02 5.972365e-01
5.233000e+02 5.897547e-01
5.263200e+02 5.867875e-01
5.293600e+02 5.814763e-01
5.324200e+02 5.788684e-01
5.354900e+02 5.725070e-01
5.385800e+02 5.700650e-01
5.416900e+02 5.638233e-01
5.448200e+02 5.618887e-01
5.479600e+02 5.533621e-01
5.511300e+02 5.511837e-01
5.543100e+02 5.485783e-01
5.575100e+02 5.439063e-01
5.607300e+02 5.395668e-01
5.639600e+02 5.320391e-01
5.672200e+02 5.331608e-01
5.704900e+02 5.229261e-01
5.737900e+02 5.218836e-01
5.771000e+02 5.164393e-01
5.804300e+02 5.147652e-01
5.837800e+02 5.075467e-01
5.871500e+02 5.045965e-01
5.905400e+02 4.991412e-01
5.939500e+02 4.938054e-01
5.973800e+02 4.879410e-01
6.008300e+02 4.879706e-01
6.043000e+02 4.866980e-01
6.077900e+02 4.814459e-01
6.113000e+02 4.766776e-01
6.148300e+02 4.715506e-01
6.183700e+02 4.713836e-01
6.219400e+02 4.638780e-01
6.255400e+02 4.597186e-01
6.291500e+02 4.563380e-01
6.327800e+02 4.499711e-01
6.364300e+02 4.486096e-01
6.401100e+02 4.450351e-01
6.438000e+02 4.419822e-01
6.475200e+02 4.378760e-01
6.512600e+02 4.330264e-01
6.550200e+02 4.299127e-01
6.588000e+02 4.260931e-01
6.626000e+02 4.193207e-01
6.664300e+02 4.133631e-01
6.702700e+02 4.120082e-01
6.741400e+02 4.102048e-01
6.780300e+02 4.066301e-01
6.819500e+02 4.043120e-01
6.858900e+02 3.985678e-01
6.898500e+02 3.951970e-01
6.938300e+02 3.883352e-01
6.978300e+02 3.876140e-01
7.018600e+02 3.844853e-01
7.059100e+02 3.816613e-01
7.099900e+02 3.763223e-01
7.140900e+02 3.728480e-01
7.182100e+02 3.708962e-01
7.223600e+02 3.664991e-01
7.265300e+02 3.627121e-01
7.307200e+02 3.580119e-01
7.349400e+02 3.554090e-01
7.391800e+02 3.549748e-01
7.434500e+02 3.512780e-01
7.477400e+02 3.470571e-01
7.520600e+02 3.444711e-01
7.564000e+02 3.393068e-01
7.607700e+02 3.350968e-01
7.651600e+02 3.349743e-01
7.695800e+02 3.291099e-01
7.740200e+02 3.245070e-01
7.784900e+02 3.229624e-01
7.829800e+02 3.202353e-01
7.875000e+02 3.167876e-01
7.920500e+02 3.151999e-01
7.966200e+02 3.107090e-01
8.012200e+02 3.087235e-01
8.058500e+02 3.041640e-01
8.105000e+02 2.993938e-01
8.151800e+02 2.990547e-01
8.198800e+02 2.953104e-01
8.246200e+02 2.936648e-01
8.293800e+02 2.899815e-01
8.341600e+02 2.854584e-01
8.389800e+02 2.837813e-01
8.438200e+02 2.806470e-01
8.487000e+02 2.779295e-01
8.535900e+02 2.738183e-01
8.585200e+02 2.727924e-01
8.634800e+02 2.666823e-01
8.684600e+02 2.653142e-01
8.734800e+02 2.622923e-01
8.785200e+02 2.626588e-01
8.835900e+02 2.596883e-01
8.886900e+02 2.556645e-01
8.938200e+02 2.536979e-01
8.989800e+02 2.475242e-01
9.041700e+02 2.456866e-01
9.093900e+02 2.455077e-01
9.146400e+02 2.433093e-01
9.199200e+02 2.405749e-01
9.252300e+02 2.362803e-01
9.305800e+02 2.326209e-01
9.359500e+02 2.322759e-01
9.413500e+02 2.290076e-01
9.467900e+02 2.239692e-01
9.522500e+02 2.218250e-01
9.577500e+02 2.182833e-01
9.632800e+02 2.117655e-01
9.688400e+02 2.099438e-01
9.744300e+02 2.056881e-01
9.800600e+02 2.041140e-01
9.857200e+02 2.034650e-01
9.914100e+02 2.038510e-01
9.971300e+02 2.015281e-01
1.002900e+03 2.012878e-01
1.008700e+03 1.988835e-01
1.014500e+03 1.983039e-01
1.020400e+03 1.975545e-01
1.026200e+03 1.960028e-01
1.032200e+03 1.950973e-01
1.038100e+03 1.914578e-01
1.044100e+03 1.876336e-01
1.050200e+03 1.864690e-01
1.056200e+03 1.848393e-01
1.062300e+03 1.812403e-01
1.068400e+03 1.790987e-01
1.074600e+03 1.773238e-01
1.080800e+03 1.752564e-01
1.087100e+03 1.748274e-01
1.093300e+03 1.736435e-01
1.099600e+03 1.715573e-01
1.106000e+03 1.680038e-01
1.112400e+03 1.665217e-01
1.118800e+03 1.636728e-01
1.125300e+03 1.626536e-01
1.131800e+03 1.594483e-01
1.138300e+03 1.564018e-01
1.144900e+03 1.548215e-01
1.151500e+03 1.557228e-01
1.158100e+03 1.534604e-01
1.164800e+03 1.509279e-01
1.171500e+03 1.491475e-01
1.178300e+03 1.480362e-01
1.185100e+03 1.465440e-01
1.191900e+03 1.421123e-01
1.198800e+03 1.435807e-01
1.205700e+03 1.420476e-01
1.212700e+03 1.394321e-01
1.219700e+03 1.389502e-01
1.226700e+03 1.355416e-01
1.233800e+03 1.356490e-01
1.240900e+03 1.340689e-01
1.248100e+03 1.318501e-01
1.255300e+03 1.295704e-01
1.262600e+03 1.282538e-01
1.269800e+03 1.247819e-01
1.277200e+03 1.237461e-01
1.284600e+03 1.240659e-01
1.292000e+03 1.211616e-01
1.299400e+03 1.206999e-01
1.306900e+03 1.190881e-01
1.314500e+03 1.175416e-01
1.322100e+03 1.155170e-01
1.329700e+03 1.151693e-01
1.337400e+03 1.112788e-01
1.345100e+03 1.113201e-01
1.352900e+03 1.118124e-01
1.360700e+03 1.098695e-01
1.368500e+03 1.085759e-01
1.376400e+03 1.064181e-01
1.384400e+03 1.030890e-01
1.392400e+03 1.029416e-01
1.400400e+03 1.024098e-01
1.408500e+03 1.008798e-01
1.416600e+03 9.997092e-02
1.424800e+03 9.723348e-02
1.433000e+03 9.708969e-02
1.441300e+03 9.721722e-02
1.449600e+03 9.487483e-02
1.458000e+03 9.307789e-02
1.466400e+03 9.095079e-02
1.474900e+03 9.131940e-02
1.483400e+03 8.951817e-02
1.491900e+03 8.964925e-02
1.500600e+03 8.595862e-02
1.509200e+03 8.753242e-02
1.517900e+03 8.586374e-02
1.526700e+03 8.484909e-02
1.535500e+03 8.246565e-02
1.544400e+03 8.205541e-02
1.553300e+03 8.202068e-02
1.562300e+03 8.075263e-02
1.571300e+03 7.959618e-02
1.580300e+03 7.804518e-02
1.589500e+03 7.765533e-02
1.598600e+03 7.519598e-02
1.607900e+03 7.597337e-02
1.617200e+03 7.422568e-02
1.626500e+03 7.330072e-02
1.635900e+03 7.199681e-02
1.645300e+03 7.150050e-02
1.654800e+03 7.126782e-02
1.664400e+03 6.983955e-02
1.674000e+03 6.891323e-02
1.683600e+03 6.864830e-02
1.693400e+03 6.681205e-02
1.703100e+03 6.646117e-02
1.713000e+03 6.480496e-02
1.722900e+03 6.507509e-02
1.732800e+03 6.293363e-02
1.742800e+03 6.249283e-02
1.752900e+03 6.119531e-02
1.763000e+03 6.112425e-02
1.773200e+03 6.017073e-02
1.783400e+03 5.922665e-02
1.793700e+03 5.797103e-02
1.804100e+03 5.820256e-02
1.814500e+03 5.758004e-02
1.825000e+03 5.695823e-02
1.835500e+03 5.637889e-02
1.846100e+03 5.517059e-02
1.856700e+03 5.389224e-02
1.867500e+03 5.443556e-02
1.878200e+03 5.171382e-02
1.889100e+03 5.186870e-02
1.900000e+03 5.005843e-02
1.911000e+03 5.131677e-02
1.922000e+03 5.014950e-02
1.933100e+03 4.916577e-02
1.944200e+03 4.873316e-02
1.955500e+03 4.816992e-02
1.966800e+03 4.703638e-02
1.978100e+03 4.672744e-02
1.989500e+03 4.637166e-02
2.001000e+03 4.485796e-02
2.012600e+03 4.428190e-02
2.024200e+03 4.443821e-02
2.035900e+03 4.235311e-02
2.047600e+03 4.318604e-02
2.059500e+03 4.301091e-02
2.071300e+03 4.143343e-02
2.083300e+03 4.047015e-02
2.095300e+03 4.054964e-02
2.107400e+03 3.983277e-02
2.119600e+03 3.916276e-02
2.131800e+03 3.884936e-02
2.144100e+03 3.885385e-02
2.156500e+03 3.856658e-02
2.169000e+03 3.705505e-02
2.181500e+03 3.741940e-02
2.194100e+03 3.652283e-02
2.206700e+03 3.560035e-02
2.219500e+03 3.580257e-02
2.232300e+03 3.517840e-02
2.245200e+03 3.337749e-02
2.258100e+03 3.299009e-02
2.271200e+03 3.313627e-02
2.284300e+03 3.276592e-02
2.297500e+03 3.186667e-02
2.310700e+03 3.224998e-02
2.324100e+03 3.160985e-02
2.337500e+03 3.033624e-02
2.351000e+03 3.033482e-02
2.364600e+03 2.948293e-02
2.378200e+03 2.930768e-02
2.391900e+03 2.949139e-02
2.405800e+03 2.883965e-02
2.419600e+03 2.846077e-02
2.433600e+03 2.788637e-02
2.447700e+03 2.714802e-02
2.461800e+03 2.728848e-02
2.476000e+03 2.674447e-02
2.490300e+03 2.603715e-02
2.504700e+03 2.554186e-02
2.519100e+03 2.603978e-02
2.533700e+03 2.569310e-02
2.548300e+03 2.483685e-02
2.563000e+03 2.520302e-02
2.577800e+03 2.504638e-02
2.592700e+03 2.422312e-02
2.607700e+03 2.397605e-02
2.622700e+03 2.317627e-02
2.637900e+03 2.343084e-02
2.653100e+03 2.222505e-02
2.668400e+03 2.218877e-02
2.683800e+03 2.251472e-02
2.699300e+03 2.240818e-02
2.714900e+03 2.136594e-02
2.730600e+03 2.113783e-02
2.746300e+03 2.052387e-02
2.762200e+03 2.028003e-02
2.778100e+03 2.003239e-02
2.794200e+03 2.020235e-02
2.810300e+03 1.953771e-02
2.826500e+03 1.908429e-02
2.842800e+03 1.938735e-02
2.859200e+03 1.822277e-02
2.875800e+03 1.840680e-02
2.892400e+03 1.848127e-02
2.909100e+03 1.791645e-02
2.925800e+03 1.734226e-02
2.942700e+03 1.728914e-02
2.959700e+03 1.726551e-02
2.976800e+03 1.742238e-02
2.994000e+03 1.686894e-02
3.011300e+03 1.649289e-02
3.028700e+03 1.612562e-02
3.046200e+03 1.606038e-02
3.063700e+03 1.542554e-02
3.081400e+03 1.572965e-02
3.099200e+03 1.489774e-02
3.117100e+03 1.486158e-02
3.135100e+03 1.504652e-02
3.153200e+03 1.454030e-02
3.171400e+03 1.474669e-02
3.189700e+03 1.429278e-02
3.208100e+03 1.444455e-02
3.226600e+03 1.354574e-02
3.245300e+03 1.351402e-02
3.264000e+03 1.380429e-02
3.282900e+03 1.340378e-02
3.301800e+03 1.293273e-02
3.320900e+03 1.280945e-02
3.340000e+03 1.283080e-02
3.359300e+03 1.259480e-02
3.378700e+03 1.253518e-02
3.398200e+03 1.243560e-02
3.417800e+03 1.130772e-02
3.437600e+03 1.177660e-02
3.457400e+03 1.149336e-02
3.477400e+03 1.187909e-02
3.497500e+03 1.096841e-02
3.517600e+03 1.128347e-02
3.538000e+03 1.071946e-02
3.558400e+03 1.090317e-02
3.578900e+03 1.066978e-02
3.599600e+03 1.013453e-02
3.620400e+03 1.030016e-02
3.641300e+03 1.015720e-02
3.662300e+03 9.943999e-03
3.683400e+03 9.683047e-03
3.704700e+03 9.713725e-03
3.726100e+03 9.649325e-03
3.747600e+03 9.337218e-03
3.769200e+03 9.437366e-03
3.791000e+03 9.099083e-03
3.812900e+03 8.817817e-03
3.834900e+03 8.648898e-03
3.857000e+03 8.599770e-03
3.879300e+03 8.657245e-03
3.901700e+03 8.461229e-03
3.924200e+03 8.217006e-03
3.946900e+03 8.327201e-03
3.969600e+03 8.114248e-03
3.992600e+03 7.766442e-03
4.015600e+03 7.763557e-03
4.038800e+03 7.504723e-03
4.062100e+03 7.579090e-03
4.085600e+03 7.563971e-03
4.109100e+03 7.403168e-03
4.132900e+03 7.463004e-03
4.156700e+03 7.156945e-03
4.180700e+03 7.440984e-03
4.204900e+03 6.701276e-03
4.229100e+03 6.724663e-03
4.253600e+03 6.540472e-03
4.278100e+03 6.698876e-03
4.302800e+03 6.563374e-03
4.327600e+03 6.524169e-03
4.352600e+03 6.229438e-03
4.377800e+03 6.256114e-03
4.403000e+03 5.969994e-03
4.428500e+03 5.992638e-03
4.454000e+03 6.135949e-03
4.479700e+03 5.931463e-03
4.505600e+03 5.622178e-03
4.531600e+03 5.938937e-03
4.557800e+03 5.607870e-03
4.584100e+03 5.595156e-03
4.610500e+03 5.586746e-03
4.637200e+03 5.249807e-03
4.663900e+03 5.411300e-03
4.690900e+03 5.224534e-03
4.717900e+03 4.936752e-03
4.745200e+03 4.796846e-03
4.772600e+03 4.891026e-03
4.800100e+03 4.860128e-03
4.827800e+03 5.045441e-03
4.855700e+03 4.664309e-03
4.883700e+03 4.412355e-03
4.911900e+03 4.674488e-03
4.940300e+03 4.533464e-03
4.968800e+03 4.690419e-03
4.997500e+03 4.566814e-03
5.026300e+03 4.293813e-03
5.055400e+03 4.264338e-03
5.084500e+03 4.512241e-03
5.113900e+03 4.126769e-03
5.143400e+03 4.039471e-03
5.173100e+03 4.156768e-03
5.203000e+03 3.791986e-03
5.233000e+03 3.829150e-03
5.263200e+03 3.636711e-03
5.293600e+03 3.835824e-03
5.324200e+03 3.695874e-03
5.354900e+03 3.709540e-03
5.385800e+03 3.490837e-03
5.416900e+03 3.443797e-03
5.448200e+03 3.502649e-03
5.479600e+03 3.384951e-03
5.511300e+03 3.459452e-03
5.543100e+03 3.199097e-03
5.575100e+03 3.008073e-03
5.607300e+03 3.209267e-03
5.639600e+03 3.093199e-03
5.672200e+03 3.305253e-03
5.704900e+03 3.042839e-03
5.737900e+03 2.860725e-03
5.771000e+03 3.010380e-03
5.804300e+03 2.568632e-03
5.837800e+03 2.994612e-03
5.871500e+03 2.750955e-03
5.905400e+03 2.800007e-03
5.939500e+03 2.830298e-03
5.973800e+03 2.944815e-03
6.008300e+03 2.714289e-03
6.043000e+03 2.599456e-03
6.077900e+03 2.548705e-03
6.113000e+03 2.454480e-03
6.148300e+03 2.529423e-03
6.183700e+03 2.263537e-03
6.219400e+03 2.265809e-03
6.255400e+03 2.253158e-03
6.291500e+03 2.224037e-03
6.327800e+03 2.455141e-03
6.364300e+03 2.292845e-03
6.401100e+03 2.421875e-03
6.438000e+03 2.050771e-03
6.475200e+03 2.331142e-03
6.512600e+03 2.098873e-03
6.550200e+03 2.240038e-03
6.588000e+03 2.043879e-03
6.626000e+03 2.201415e-03
6.664300e+03 2.003135e-03
6.702700e+03 2.059453e-03
6.741400e+03 1.988669e-03
6.780300e+03 2.051826e-03
6.819500e+03 1.945175e-03
6.858900e+03 1.860544e-03
6.898500e+03 1.986820e-03
6.938300e+03 1.746442e-03
6.978300e+03 2.034729e-03
7.018600e+03 1.741974e-03
7.059100e+03 1.666577e-03
7.099900e+03 1.679504e-03
7.140900e+03 1.667386e-03
7.182100e+03 1.594091e-03
7.223600e+03 1.745943e-03
7.265300e+03 1.667857e-03
7.307200e+03 1.636934e-03
7.349400e+03 1.533349e-03
7.391800e+03 1.633670e-03
7.434500e+03 1.536820e-03
7.477400e+03 1.455020e-03
7.520600e+03 1.438152e-03
7.564000e+03 1.551913e-03
7.607700e+03 1.475270e-03
7.651600e+03 1.335802e-03
7.695800e+03 1.359082e-03
7.740200e+03 1.429857e-03
7.784900e+03 1.318085e-03
7.829800e+03 1.351779e-03
7.875000e+03 1.247570e-03
7.920500e+03 1.285717e-03
7.966200e+03 1.347843e-03
8.012200e+03 1.204860e-03
8.058500e+03 1.093403e-03
8.105000e+03 1.304259e-03
8.151800e+03 1.232356e-03
8.198800e+03 1.070711e-03
8.246200e+03 1.231204e-03
8.293800e+03 1.078867e-03
8.341600e+03 9.193962e-04
8.389800e+03 1.085662e-03
8.438200e+03 1.040969e-03
8.487000e+03 1.149010e-03
8.535900e+03 8.920160e-04
8.585200e+03 1.034500e-03
8.634800e+03 9.830612e-04
8.684600e+03 8.638354e-04
8.734800e+03 9.110508e-04
8.785200e+03 9.411817e-04
8.835900e+03 9.953379e-04
8.886900e+03 8.914878e-04
8.938200e+03 9.322349e-04
8.989800e+03 8.793278e-04
9.041700e+03 9.298374e-04
9.093900e+03 8.443219e-04
9.146400e+03 8.043895e-04
9.199200e+03 8.048623e-04
9.252300e+03 8.826554e-04
9.305800e+03 7.775218e-04
9.359500e+03 7.698829e-04
9.413500e+03 7.831777e-04
9.467900e+03 7.757549e-04
9.522500e+03 8.525345e-04
9.577500e+03 8.702764e-04
9.632800e+03 6.522458e-04
9.688400e+03 6.845757e-04
9.744300e+03 7.670961e-04
9.800600e+03 6.570167e-04
9.857200e+03 8.166652e-04
9.914100e+03 6.280810e-04
9.971300e+03 6.596176e-04
1.002900e+04 6.176843e-04
1.008700e+04 6.349107e-04
1.014500e+04 5.695175e-04
1.020400e+04 6.079680e-04
1.026200e+04 7.173003e-04
1.032200e+04 6.438368e-04
1.038100e+04 6.367154e-04
1.044100e+04 6.735115e-04
1.050200e+04 5.762038e-04
1.056200e+04 5.103494e-04
1.062300e+04 5.324806e-04
1.068400e+04 5.637594e-04
1.074600e+04 5.985760e-04
1.080800e+04 5.342305e-04
1.087100e+04 5.573240e-04
1.093300e+04 4.655330e-04
1.099600e+04 4.868727e-04
1.106000e+04 4.163994e-04
1.112400e+04 5.677843e-04
1.118800e+04 5.603600e-04
1.125300e+04 5.175539e-04
1.131800e+04 5.605969e-04
1.138300e+04 4.086131e-04
1.144900e+04 4.432654e-04
1.151500e+04 4.848640e-04
1.158100e+04 4.792866e-04
1.164800e+04 4.543285e-04
1.171500e+04 4.139219e-04
1.178300e+04 4.417245e-04
1.185100e+04 4.965664e-04
1.191900e+04 4.393649e-04
1.198800e+04 3.774154e-04
1.205700e+04 3.964327e-04
1.212700e+04 4.384459e-04
1.219700e+04 3.951163e-04
1.226700e+04 4.796467e-04
1.233800e+04 3.529805e-04
1.240900e+04 3.136414e-04
1.248100e+04 4.718626e-04
1.255300e+04 3.614156e-04
1.262600e+04 4.033855e-04
1.269800e+04 3.390910e-04
1.277200e+04 3.828097e-04
1.284600e+04 3.172140e-04
1.292000e+04 3.621101e-04
1.299400e+04 3.595461e-04
1.306900e+04 2.884179e-04
1.314500e+04 2.963282e-04
1.322100e+04 2.969006e-04
1.329700e+04 2.711406e-04
1.337400e+04 3.179361e-04
1.345100e+04 2.965090e-04
1.352900e+04 3.136256e-04
1.360700e+04 2.579726e-04
1.368500e+04 2.504731e-04
1.376400e+04 3.550004e-04
1.384400e+04 2.839972e-04
1.392400e+04 2.515614e-04
1.400400e+04 3.461988e-04
1.408500e+04 2.556672e-04
1.416600e+04 2.649510e-04
1.424800e+04 2.007117e-04
1.433000e+04 2.901854e-04
1.441300e+04 3.547901e-04
1.449600e+04 1.852586e-04
1.458000e+04 2.424810e-04
1.466400e+04 1.970916e-04
1.474900e+04 2.057341e-04
1.483400e+04 2.063658e-04
1.491900e+04 2.160682e-04
1.500600e+04 2.292940e-04
1.509200e+04 1.837643e-04
1.517900e+04 2.421052e-04
1.526700e+04 2.794413e-04
1.535500e+04 1.693613e-04
1.544400e+04 1.983174e-04
1.553300e+04 2.115561e-04
1.562300e+04 1.629908e-04
1.571300e+04 1.719928e-04
1.580300e+04 1.889094e-04
1.589500e+04 1.911745e-04
1.598600e+04 1.902852e-04
1.607900e+04 1.826467e-04
1.617200e+04 1.180979e-04
1.626500e+04 2.064189e-04
1.635900e+04 2.093273e-04
1.645300e+04 1.703220e-04
1.654800e+04 1.845855e-04
1.664400e+04 1.626322e-04
1.674000e+04 1.680075e-04
1.683600e+04 1.267325e-04
1.693400e+04 1.709189e-04
1.703100e+04 1.993077e-04
1.713000e+04 1.338079e-04
1.722900e+04 1.734132e-04
1.732800e+04 1.145550e-04
1.742800e+04 1.671412e-04
1.752900e+04 1.258574e-04
1.763000e+04 1.027709e-04
1.773200e+04 1.039838e-04
1.783400e+04 1.528814e-04
1.793700e+04 2.038096e-04
1.804100e+04 1.018010e-04
1.814500e+04 1.664838e-04
1.825000e+04 1.548087e-04
1.835500e+04 8.958463e-05
1.846100e+04 1.621011e-04
1.856700e+04 9.768801e-05
1.867500e+04 2.055605e-04
1.878200e+04 1.141591e-04
1.889100e+04 1.295499e-04
1.900000e+04 1.015835e-04
1.911000e+04 1.737979e-04
1.922000e+04 7.539159e-05
1.933100e+04 1.346864e-04
1.944200e+04 1.103545e-04
1.955500e+04 1.325883e-04
1.966800e+04 9.258309e-05
1.978100e+04 1.037665e-04
1.989500e+04 1.413686e-04
2.001000e+04 1.429388e-04
2.012600e+04 1.003092e-04
2.024200e+04 1.663673e-04
2.035900e+04 1.290697e-04
2.047600e+04 1.603013e-04
2.059500e+04 8.918757e-05
2.071300e+04 7.978890e-05
2.083300e+04 1.105490e-04
2.095300e+04 9.253494e-05
2.107400e+04 1.121970e-04
2.119600e+04 1.017461e-04
2.131800e+04 8.282359e-05
2.144100e+04 1.179721e-04
2.156500e+04 7.890805e-05
2.169000e+04 8.270330e-05
2.181500e+04 7.290950e-05
2.194100e+04 8.618002e-05
2.206700e+04 8.748740e-05
2.219500e+04 9.202143e-05
2.232300e+04 6.746882e-05
2.245200e+04 9.852479e-05
2.258100e+04 8.404520e-05
2.271200e+04 4.379633e-05
2.284300e+04 9.182267e-05
2.297500e+04 3.755827e-05
2.310700e+04 5.910450e-05
2.324100e+04 8.026808e-05
2.337500e+04 6.214275e-05
2.351000e+04 8.971426e-05
2.364600e+04 5.499332e-05
2.378200e+04 4.360812e-05
2.391900e+04 5.468114e-05
2.405800e+04 4.351025e-05
2.419600e+04 4.569938e-05
2.433600e+04 7.414899e-05
2.447700e+04 4.799055e-05
2.461800e+04 6.816961e-05
2.476000e+04 4.997022e-05
2.490300e+04 5.866298e-05
2.504700e+04 7.816100e-05
2.519100e+04 6.774223e-05
2.533700e+04 5.691862e-05
2.548300e+04 5.150232e-05
2.563000e+04 6.238329e-05
2.577800e+04 3.213077e-05
2.592700e+04 9.587289e-05
2.607700e+04 8.894675e-05
2.622700e+04 4.365904e-05
2.637900e+04 5.742390e-05
2.653100e+04 9.098613e-05
2.668400e+04 4.558379e-05
2.683800e+04 4.166392e-05
2.699300e+04 3.994450e-05
2.714900e+04 4.678912e-05
2.730600e+04 5.456211e-05
2.746300e+04 4.468002e-05
2.762200e+04 6.698131e-05
2.778100e+04 4.210488e-05
2.794200e+04 4.958867e-05
2.810300e+04 2.952414e-05
2.826500e+04 4.292233e-05
2.842800e+04 1.377367e-05
2.859200e+04 4.314531e-05
2.875800e+04 2.497653e-05
2.892400e+04 4.802349e-05
2.909100e+04 4.234119e-05
2.925800e+04 6.098178e-05
2.942700e+04 6.601884e-05
2.959700e+04 5.791429e-05
2.976800e+04 2.592137e-05
2.994000e+04 5.546541e-05
3.011300e+04 2.039056e-05
3.028700e+04 4.033754e-05
3.046200e+04 4.418806e-05
3.063700e+04 2.714582e-05
3.081400e+04 5.670144e-05
3.099200e+04 1.167884e-05
3.117100e+04 5.233575e-05
3.135100e+04 4.550380e-05
3.153200e+04 1.182023e-05
3.171400e+04 4.558306e-05
3.189700e+04 1.474715e-05
3.208100e+04 4.776727e-05
3.226600e+04 3.178480e-05
3.245300e+04 6.702007e-05
3.264000e+04 4.974775e-05
3.282900e+04 3.092725e-05
3.301800e+04 4.250944e-05
3.320900e+04 2.283052e-05
3.340000e+04 3.049317e-05
3.359300e+04 2.931462e-05
3.378700e+04 5.861262e-05
3.398200e+04 5.707712e-05
3.417800e+04 2.655532e-05
3.437600e+04 6.096193e-05
3.457400e+04 1.385518e-05
3.477400e+04 3.640738e-05
3.497500e+04 2.124889e-05
3.517600e+04 4.305371e-05
3.538000e+04 5.158360e-05
3.558400e+04 4.612317e-05
3.578900e+04 1.350693e-05
3.599600e+04 2.054366e-05
3.620400e+04 4.510918e-05
3.641300e+04 3.034931e-05
3.662300e+04 2.078499e-05
3.683400e+04 3.931086e-05
3.704700e+04 2.217044e-05
3.726100e+04 1.140060e-05
3.747600e+04 5.866814e-06
3.769200e+04 2.442379e-05
3.791000e+04 4.291786e-05
3.812900e+04 3.369338e-05
3.834900e+04 1.341489e-05
3.857000e+04 4.678445e-05
3.879300e+04 2.749515e-05
3.901700e+04 1.995595e-05
3.924200e+04 2.779998e-05
3.946900e+04 6.696595e-06
3.969600e+04 7.183263e-06
3.992600e+04 2.685420e-05
4.015600e+04 1.423928e-05
4.038800e+04 6.976948e-05
4.062100e+04 4.868590e-05
4.085600e+04 3.359651e-05
4.109100e+04 2.616350e-05
4.132900e+04 4.452612e-06
4.156700e+04 1.453510e-05
4.180700e+04 3.282515e-05
4.204900e+04 8.378316e-06
4.229100e+04 1.596427e-05
4.253600e+04 1.937449e-05
4.278100e+04 1.795651e-05
4.302800e+04 3.384017e-05
4.327600e+04 2.341355e-05
4.352600e+04 2.299630e-05
4.377800e+04 3.189389e-05
4.403000e+04 7.786914e-06
4.428500e+04 7.816632e-06
4.454000e+04 1.165222e-05
4.479700e+04 2.784535e-05
4.505600e+04 3.562086e-06
4.531600e+04 7.985495e-06
4.557800e+04 2.838937e-05
4.584100e+04 1.637370e-05
4.610500e+04 4.095098e-06
4.637200e+04 5.779271e-06
4.663900e+04 7.245240e-06
4.690900e+04 0.000000e+00
4.717900e+04 2.392053e-05
4.745200e+04 9.255582e-06
4.772600e+04 3.956546e-06
4.800100e+04 1.615612e-05
4.827800e+04 1.556651e-05
4.855700e+04 3.025829e-05
4.883700e+04 4.358720e-05
4.911900e+04 3.767195e-06
4.940300e+04 2.578424e-05
4.968800e+04 1.781295e-05
4.997500e+04 7.510862e-06
5.026300e+04 1.355474e-05
5.055400e+04 2.640361e-05
5.084500e+04 1.835387e-05
5.113900e+04 1.637253e-05
5.143400e+04 3.811059e-06
5.173100e+04 9.717232e-06
5.203000e+04 6.841410e-06
5.233000e+04 1.322756e-05
5.263200e+04 1.104699e-05
5.293600e+04 6.762457e-06
5.324200e+04 8.996630e-06
5.354900e+04 1.146284e-05
5.385800e+04 1.501011e-05
5.416900e+04 1.678257e-05
5.448200e+04 3.803531e-06
5.479600e+04 1.122927e-05
5.511300e+04 1.208362e-05
5.543100e+04 2.111525e-05
5.575100e+04 3.040870e-05
5.607300e+04 1.261878e-05
5.639600e+04 3.418841e-05
5.672200e+04 6.444838e-06
5.704900e+04 1.033901e-05
5.737900e+04 1.776181e-05
5.771000e+04 3.639492e-06
5.804300e+04 1.704982e-05
5.837800e+04 1.133451e-05
5.871500e+04 2.471762e-05
5.905400e+04 0.000000e+00
5.939500e+04 1.721353e-05
5.973800e+04 5.165793e-06
6.008300e+04 9.562014e-06
6.043000e+04 5.271126e-06
6.077900e+04 7.405320e-06
6.113000e+04 3.315361e-05
6.148300e+04 9.832137e-06
6.183700e+04 2.853825e-05
6.219400e+04 2.434872e-05
6.255400e+04 1.535991e-05
6.291500e+04 1.539019e-05
6.327800e+04 1.677904e-05
6.364300e+04 7.485741e-06
6.401100e+04 3.056826e-06
6.438000e+04 0.000000e+00
6.475200e+04 2.872004e-05
6.512600e+04 1.449070e-05
6.550200e+04 2.761313e-05
6.588000e+04 1.642957e-05
6.626000e+04 3.719247e-05
6.664300e+04 1.550958e-05
6.702700e+04 1.769346e-05
6.741400e+04 9.310646e-06
6.780300e+04 0.000000e+00
6.819500e+04 0.000000e+00
6.858900e+04 1.147123e-05
6.898500e+04 8.830936e-06
6.938300e+04 8.505184e-06
6.978300e+04 8.272109e-06
7.018600e+04 1.701246e-05
7.059100e+04 1.601250e-05
7.099900e+04 3.369668e-06
7.140900e+04 0.000000e+00
7.182100e+04 8.737469e-06
7.223600e+04 0.000000e+00
7.265300e+04 9.020073e-06
7.307200e+04 6.054929e-06
7.349400e+04 0.000000e+00
7.391800e+04 7.662008e-06
7.434500e+04 1.533615e-05
7.477400e+04 0.000000e+00
7.520600e+04 2.332355e-05
7.564000e+04 5.099315e-06
7.607700e+04 1.352666e-05
7.651600e+04 2.284373e-05
7.695800e+04 0.000000e+00
7.740200e+04 7.149767e-06
7.784900e+04 9.528298e-06
7.829800e+04 0.000000e+00
7.875000e+04 1.244190e-05
7.920500e+04 2.842253e-06
7.966200e+04 1.091484e-05
8.012200e+04 2.142513e-06
8.058500e+04 6.360294e-06
8.105000e+04 0.000000e+00
8.151800e+04 0.000000e+00
8.198800e+04 1.061900e-05
8.246200e+04 9.698459e-06
8.293800e+04 0.000000e+00
8.341600e+04 9.178939e-06
8.389800e+04 0.000000e+00
8.438200e+04 0.000000e+00
8.487000e+04 0.000000e+00
8.535900e+04 4.161977e-06
8.585200e+04 0.000000e+00
8.634800e+04 0.000000e+00
8.684600e+04 0.000000e+00
8.734800e+04 0.000000e+00
8.785200e+04 1.600703e-05
8.835900e+04 2.607427e-05
8.886900e+04 1.468383e-05
8.938200e+04 3.097562e-06
8.989800e+04 1.076887e-05
9.041700e+04 2.154486e-05
9.093900e+04 5.187830e-06
9.146400e+04 0.000000e+00
9.199200e+04 5.252195e-06
9.252300e+04 8.045811e-06
9.305800e+04 0.000000e+00
9.359500e+04 4.562011e-06
9.413500e+04 6.841862e-06
9.467900e+04 9.679879e-06
9.522500e+04 0.000000e+00
9.577500e+04 0.000000e+00
9.632800e+04 0.000000e+00
9.688400e+04 0.000000e+00
9.744300e+04 0.000000e+00
9.800600e+04 0.000000e+00
9.857200e+04 0.000000e+00
9.914100e+04 1.051850e-05
9.971300e+04 0.000000e+00
