1.002900e+01 0.000000e+00
1.008700e+01 0.000000e+00
1.014500e+01 0.000000e+00
1.020400e+01 0.000000e+00
1.026200e+01 0.000000e+00
1.032200e+01 0.000000e+00
1.038100e+01 0.000000e+00
1.044100e+01 0.000000e+00
1.050200e+01 0.000000e+00
1.056200e+01 0.000000e+00
1.062300e+01 0.000000e+00
1.068400e+01 0.000000e+00
1.074600e+01 0.000000e+00
1.080800e+01 0.000000e+00
1.087100e+01 0.000000e+00
1.093300e+01 0.000000e+00
1.099600e+01 0.000000e+00
1.106000e+01 0.000000e+00
1.112400e+01 0.000000e+00
1.118800e+01 0.000000e+00
1.125300e+01 0.000000e+00
1.131800e+01 0.000000e+00
1.138300e+01 0.000000e+00
1.144900e+01 0.000000e+00
1.151500e+01 0.000000e+00
1.158100e+01 0.000000e+00
1.164800e+01 0.000000e+00
1.171500e+01 0.000000e+00
1.178300e+01 0.000000e+00
1.185100e+01 0.000000e+00
1.191900e+01 0.000000e+00
1.198800e+01 0.000000e+00
1.205700e+01 0.000000e+00
1.212700e+01 0.000000e+00
1.219700e+01 0.000000e+00
1.226700e+01 0.000000e+00
1.233800e+01 0.000000e+00
1.240900e+01 0.000000e+00
1.248100e+01 0.000000e+00
1.255300e+01 0.000000e+00
1.262600e+01 0.000000e+00
1.269800e+01 3.761536e-06
1.277200e+01 0.000000e+00
1.284600e+01 0.000000e+00
1.292000e+01 3.179901e-06
1.299400e+01 0.000000e+00
1.306900e+01 2.722077e-06
1.314500e+01 1.083052e-06
1.322100e+01 0.000000e+00
1.329700e+01 2.381785e-06
1.337400e+01 1.127352e-05
1.345100e+01 0.000000e+00
1.352900e+01 4.194046e-06
1.360700e+01 5.253214e-06
1.368500e+01 6.495898e-06
1.376400e+01 2.714443e-06
1.384400e+01 2.635829e-06
1.392400e+01 2.176617e-06
1.400400e+01 1.149645e-05
1.408500e+01 2.815179e-06
1.416600e+01 8.711076e-06
1.424800e+01 8.900204e-06
1.433000e+01 1.059887e-05
1.441300e+01 1.577602e-05
1.449600e+01 1.048969e-05
1.458000e+01 2.816318e-05
1.466400e+01 1.730084e-05
1.474900e+01 3.637806e-05
1.483400e+01 2.382121e-05
1.491900e+01 1.949661e-05
1.500600e+01 4.378507e-05
1.509200e+01 1.623247e-05
1.517900e+01 3.428313e-05
1.526700e+01 2.510964e-05
1.535500e+01 5.031896e-05
1.544400e+01 4.512496e-05
1.553300e+01 5.310273e-05
1.562300e+01 6.578622e-05
1.571300e+01 6.334876e-05
1.580300e+01 1.131959e-04
1.589500e+01 9.473376e-05
1.598600e+01 1.063490e-04
1.607900e+01 6.691321e-05
1.617200e+01 8.380776e-05
1.626500e+01 1.005628e-04
1.635900e+01 7.845589e-05
1.645300e+01 4.630729e-05
1.654800e+01 5.232069e-05
1.664400e+01 8.656314e-05
1.674000e+01 4.352307e-05
1.683600e+01 6.667194e-05
1.693400e+01 4.242153e-05
1.703100e+01 1.157066e-04
1.713000e+01 1.482425e-04
1.722900e+01 1.504051e-04
1.732800e+01 2.037223e-04
1.742800e+01 2.222876e-04
1.752900e+01 2.989709e-04
1.763000e+01 3.082186e-04
1.773200e+01 2.492092e-04
1.783400e+01 2.753508e-04
1.793700e+01 3.003005e-04
1.804100e+01 4.144182e-04
1.814500e+01 3.861224e-04
1.825000e+01 3.437192e-04
1.835500e+01 3.622889e-04
1.846100e+01 3.099080e-04
1.856700e+01 2.281476e-04
1.867500e+01 2.410614e-04
1.878200e+01 2.409612e-04
1.889100e+01 2.095846e-04
1.900000e+01 1.823545e-04
1.911000e+01 2.504104e-04
1.922000e+01 3.940203e-04
1.933100e+01 5.717298e-04
1.944200e+01 6.587185e-04
1.955500e+01 7.532953e-04
1.966800e+01 8.864568e-04
1.978100e+01 1.021668e-03
1.989500e+01 9.385175e-04
2.001000e+01 1.150586e-03
2.012600e+01 1.263188e-03
2.024200e+01 1.314815e-03
2.035900e+01 1.403372e-03
2.047600e+01 1.570640e-03
2.059500e+01 1.437864e-03
2.071300e+01 1.708110e-03
2.083300e+01 1.557686e-03
2.095300e+01 1.602735e-03
2.107400e+01 1.826527e-03
2.119600e+01 1.832631e-03
2.131800e+01 1.843070e-03
2.144100e+01 2.035321e-03
2.156500e+01 1.899162e-03
2.169000e+01 1.955847e-03
2.181500e+01 2.259635e-03
2.194100e+01 2.250603e-03
2.206700e+01 2.144115e-03
2.219500e+01 2.540645e-03
2.232300e+01 2.410407e-03
2.245200e+01 2.307132e-03
2.258100e+01 2.560740e-03
2.271200e+01 2.751011e-03
2.284300e+01 2.712500e-03
2.297500e+01 2.611466e-03
2.310700e+01 2.919238e-03
2.324100e+01 3.090970e-03
2.337500e+01 3.005131e-03
2.351000e+01 3.379796e-03
2.364600e+01 3.320723e-03
2.378200e+01 3.597770e-03
2.391900e+01 3.459828e-03
2.405800e+01 3.794164e-03
2.419600e+01 3.983978e-03
2.433600e+01 3.966577e-03
2.447700e+01 4.043764e-03
2.461800e+01 4.345991e-03
2.476000e+01 4.254204e-03
2.490300e+01 4.977851e-03
2.504700e+01 4.662087e-03
2.519100e+01 4.493780e-03
2.533700e+01 5.579465e-03
2.548300e+01 5.669369e-03
2.563000e+01 5.727357e-03
2.577800e+01 6.201508e-03
2.592700e+01 5.458851e-03
2.607700e+01 6.102985e-03
2.622700e+01 6.316228e-03
2.637900e+01 6.634494e-03
2.653100e+01 6.767193e-03
2.668400e+01 6.847780e-03
2.683800e+01 7.262212e-03
2.699300e+01 7.645720e-03
2.714900e+01 7.959470e-03
2.730600e+01 7.785456e-03
2.746300e+01 8.873205e-03
2.762200e+01 8.592855e-03
2.778100e+01 8.757884e-03
2.794200e+01 8.943154e-03
2.810300e+01 1.033399e-02
2.826500e+01 1.035872e-02
2.842800e+01 1.008345e-02
2.859200e+01 1.120526e-02
2.875800e+01 1.093250e-02
2.892400e+01 1.171219e-02
2.909100e+01 1.238356e-02
2.925800e+01 1.282100e-02
2.942700e+01 1.326440e-02
2.959700e+01 1.361267e-02
2.976800e+01 1.360535e-02
2.994000e+01 1.462590e-02
3.011300e+01 1.580042e-02
3.028700e+01 1.553700e-02
3.046200e+01 1.579546e-02
3.063700e+01 1.727812e-02
3.081400e+01 1.712378e-02
3.099200e+01 1.759653e-02
3.117100e+01 1.791064e-02
3.135100e+01 1.897907e-02
3.153200e+01 1.942197e-02
3.171400e+01 2.023804e-02
3.189700e+01 2.084173e-02
3.208100e+01 2.177336e-02
3.226600e+01 2.191468e-02
3.245300e+01 2.280128e-02
3.264000e+01 2.367098e-02
3.282900e+01 2.431367e-02
3.301800e+01 2.529315e-02
3.320900e+01 2.608945e-02
3.340000e+01 2.694397e-02
3.359300e+01 2.761412e-02
3.378700e+01 2.910235e-02
3.398200e+01 2.998605e-02
3.417800e+01 3.035648e-02
3.437600e+01 3.219090e-02
3.457400e+01 3.194300e-02
3.477400e+01 3.372276e-02
3.497500e+01 3.469435e-02
3.517600e+01 3.568436e-02
3.538000e+01 3.507208e-02
3.558400e+01 3.746011e-02
3.578900e+01 3.876841e-02
3.599600e+01 3.977760e-02
3.620400e+01 4.087004e-02
3.641300e+01 4.213148e-02
3.662300e+01 4.339566e-02
3.683400e+01 4.404772e-02
3.704700e+01 4.568379e-02
3.726100e+01 4.783169e-02
3.747600e+01 4.749125e-02
3.769200e+01 5.011918e-02
3.791000e+01 5.193085e-02
3.812900e+01 5.230267e-02
3.834900e+01 5.407842e-02
3.857000e+01 5.437392e-02
3.879300e+01 5.871299e-02
3.901700e+01 5.837570e-02
3.924200e+01 6.055647e-02
3.946900e+01 6.167497e-02
3.969600e+01 6.206650e-02
3.992600e+01 6.578529e-02
4.015600e+01 6.749509e-02
4.038800e+01 6.784999e-02
4.062100e+01 6.987971e-02
4.085600e+01 7.253242e-02
4.109100e+01 7.344572e-02
4.132900e+01 7.617852e-02
4.156700e+01 7.826643e-02
4.180700e+01 7.985358e-02
4.204900e+01 7.888007e-02
4.229100e+01 8.403125e-02
4.253600e+01 8.430880e-02
4.278100e+01 8.674177e-02
4.302800e+01 9.150538e-02
4.327600e+01 9.228024e-02
4.352600e+01 9.425312e-02
4.377800e+01 9.649207e-02
4.403000e+01 9.859886e-02
4.428500e+01 1.021224e-01
4.454000e+01 1.030187e-01
4.479700e+01 1.048347e-01
4.505600e+01 1.073572e-01
4.531600e+01 1.111856e-01
4.557800e+01 1.126208e-01
4.584100e+01 1.160757e-01
4.610500e+01 1.176987e-01
4.637200e+01 1.198524e-01
4.663900e+01 1.233911e-01
4.690900e+01 1.259906e-01
4.717900e+01 1.288969e-01
4.745200e+01 1.308529e-01
4.772600e+01 1.373424e-01
4.800100e+01 1.383556e-01
4.827800e+01 1.414585e-01
4.855700e+01 1.446508e-01
4.883700e+01 1.480135e-01
4.911900e+01 1.495276e-01
4.940300e+01 1.523591e-01
4.968800e+01 1.565981e-01
4.997500e+01 1.605624e-01
5.026300e+01 1.622206e-01
5.055400e+01 1.660251e-01
5.084500e+01 1.694035e-01
5.113900e+01 1.702350e-01
5.143400e+01 1.776960e-01
5.173100e+01 1.789550e-01
5.203000e+01 1.814701e-01
5.233000e+01 1.869435e-01
5.263200e+01 1.911062e-01
5.293600e+01 1.943561e-01
5.324200e+01 2.008625e-01
5.354900e+01 2.020749e-01
5.385800e+01 2.028773e-01
5.416900e+01 2.084085e-01
5.448200e+01 2.129319e-01
5.479600e+01 2.180880e-01
5.511300e+01 2.213948e-01
5.543100e+01 2.251500e-01
5.575100e+01 2.288531e-01
5.607300e+01 2.315385e-01
5.639600e+01 2.380708e-01
5.672200e+01 2.408408e-01
5.704900e+01 2.439378e-01
5.737900e+01 2.484980e-01
5.771000e+01 2.548208e-01
5.804300e+01 2.573609e-01
5.837800e+01 2.641952e-01
5.871500e+01 2.645446e-01
5.905400e+01 2.695191e-01
5.939500e+01 2.758836e-01
5.973800e+01 2.818497e-01
6.008300e+01 2.852290e-01
6.043000e+01 2.909931e-01
6.077900e+01 2.944873e-01
6.113000e+01 2.984343e-01
6.148300e+01 3.009475e-01
6.183700e+01 3.089322e-01
6.219400e+01 3.140703e-01
6.255400e+01 3.181705e-01
6.291500e+01 3.223409e-01
6.327800e+01 3.260483e-01
6.364300e+01 3.319828e-01
6.401100e+01 3.378927e-01
6.438000e+01 3.428876e-01
6.475200e+01 3.493305e-01
6.512600e+01 3.520809e-01
6.550200e+01 3.574775e-01
6.588000e+01 3.613243e-01
6.626000e+01 3.677623e-01
6.664300e+01 3.738882e-01
6.702700e+01 3.764885e-01
6.741400e+01 3.815949e-01
6.780300e+01 3.861120e-01
6.819500e+01 3.923009e-01
6.858900e+01 3.983896e-01
6.898500e+01 4.050470e-01
6.938300e+01 4.080435e-01
6.978300e+01 4.154305e-01
7.018600e+01 4.195673e-01
7.059100e+01 4.247807e-01
7.099900e+01 4.287368e-01
7.140900e+01 4.366336e-01
7.182100e+01 4.410753e-01
7.223600e+01 4.476292e-01
7.265300e+01 4.520091e-01
7.307200e+01 4.593004e-01
7.349400e+01 4.629005e-01
7.391800e+01 4.659796e-01
7.434500e+01 4.734981e-01
7.477400e+01 4.796427e-01
7.520600e+01 4.867058e-01
7.564000e+01 4.927505e-01
7.607700e+01 4.945907e-01
7.651600e+01 5.009201e-01
7.695800e+01 5.107433e-01
7.740200e+01 5.157659e-01
7.784900e+01 5.211239e-01
7.829800e+01 5.238534e-01
7.875000e+01 5.314640e-01
7.920500e+01 5.384947e-01
7.966200e+01 5.419656e-01
8.012200e+01 5.516700e-01
8.058500e+01 5.528236e-01
8.105000e+01 5.604382e-01
8.151800e+01 5.673521e-01
8.198800e+01 5.693274e-01
8.246200e+01 5.772416e-01
8.293800e+01 5.805011e-01
8.341600e+01 5.848465e-01
8.389800e+01 5.946603e-01
8.438200e+01 5.996843e-01
8.487000e+01 6.027168e-01
8.535900e+01 6.122430e-01
8.585200e+01 6.112807e-01
8.634800e+01 6.214746e-01
8.684600e+01 6.294868e-01
8.734800e+01 6.338683e-01
8.785200e+01 6.356614e-01
8.835900e+01 6.446730e-01
8.886900e+01 6.495126e-01
8.938200e+01 6.548325e-01
8.989800e+01 6.615638e-01
9.041700e+01 6.666028e-01
9.093900e+01 6.703706e-01
9.146400e+01 6.782444e-01
9.199200e+01 6.835702e-01
9.252300e+01 6.910965e-01
9.305800e+01 6.969310e-01
9.359500e+01 7.003402e-01
9.413500e+01 7.066077e-01
9.467900e+01 7.124823e-01
9.522500e+01 7.185227e-01
9.577500e+01 7.209626e-01
9.632800e+01 7.281042e-01
9.688400e+01 7.324293e-01
9.744300e+01 7.376054e-01
9.800600e+01 7.446608e-01
9.857200e+01 7.482483e-01
9.914100e+01 7.543898e-01
9.971300e+01 7.558773e-01
1.002900e+02 7.619802e-01
1.008700e+02 7.708789e-01
1.014500e+02 7.726798e-01
1.020400e+02 7.775707e-01
1.026200e+02 7.815204e-01
1.032200e+02 7.862244e-01
1.038100e+02 7.961840e-01
1.044100e+02 7.984949e-01
1.050200e+02 8.042890e-01
1.056200e+02 8.067408e-01
1.062300e+02 8.057779e-01
1.068400e+02 8.161126e-01
1.074600e+02 8.182932e-01
1.080800e+02 8.224963e-01
1.087100e+02 8.277340e-01
1.093300e+02 8.358110e-01
1.099600e+02 8.380112e-01
1.106000e+02 8.387373e-01
1.112400e+02 8.477633e-01
1.118800e+02 8.509587e-01
1.125300e+02 8.546847e-01
1.131800e+02 8.586326e-01
1.138300e+02 8.611256e-01
1.144900e+02 8.674831e-01
1.151500e+02 8.719474e-01
1.158100e+02 8.760549e-01
1.164800e+02 8.795007e-01
1.171500e+02 8.866006e-01
1.178300e+02 8.837243e-01
1.185100e+02 8.909026e-01
1.191900e+02 8.961459e-01
1.198800e+02 8.968757e-01
1.205700e+02 9.036805e-01
1.212700e+02 9.027899e-01
1.219700e+02 9.093325e-01
1.226700e+02 9.119318e-01
1.233800e+02 9.144366e-01
1.240900e+02 9.174093e-01
1.248100e+02 9.190976e-01
1.255300e+02 9.270073e-01
1.262600e+02 9.334854e-01
1.269800e+02 9.340729e-01
1.277200e+02 9.336736e-01
1.284600e+02 9.387894e-01
1.292000e+02 9.404739e-01
1.299400e+02 9.439176e-01
1.306900e+02 9.457746e-01
1.314500e+02 9.460456e-01
1.322100e+02 9.479358e-01
1.329700e+02 9.530307e-01
1.337400e+02 9.548678e-01
1.345100e+02 9.567635e-01
1.352900e+02 9.637538e-01
1.360700e+02 9.638088e-01
1.368500e+02 9.651937e-01
1.376400e+02 9.688891e-01
1.384400e+02 9.739440e-01
1.392400e+02 9.701937e-01
1.400400e+02 9.722974e-01
1.408500e+02 9.731800e-01
1.416600e+02 9.776333e-01
1.424800e+02 9.781996e-01
1.433000e+02 9.784006e-01
1.441300e+02 9.801047e-01
1.449600e+02 9.841317e-01
1.458000e+02 9.821182e-01
1.466400e+02 9.847900e-01
1.474900e+02 9.824909e-01
1.483400e+02 9.872997e-01
1.491900e+02 9.848932e-01
1.500600e+02 9.863035e-01
1.509200e+02 9.869130e-01
1.517900e+02 9.905458e-01
1.526700e+02 9.899495e-01
1.535500e+02 9.968001e-01
1.544400e+02 9.939284e-01
1.553300e+02 9.897978e-01
1.562300e+02 9.936817e-01
1.571300e+02 9.969345e-01
1.580300e+02 9.923416e-01
1.589500e+02 9.956706e-01
1.598600e+02 9.957329e-01
1.607900e+02 9.979337e-01
1.617200e+02 9.988155e-01
1.626500e+02 9.991268e-01
1.635900e+02 9.988391e-01
1.645300e+02 9.988743e-01
1.654800e+02 9.996185e-01
1.664400e+02 9.960998e-01
1.674000e+02 1.000000e+00
1.683600e+02 9.966146e-01
1.693400e+02 9.960289e-01
1.703100e+02 9.939093e-01
1.713000e+02 9.962088e-01
1.722900e+02 9.967014e-01
1.732800e+02 9.917683e-01
1.742800e+02 9.949198e-01
1.752900e+02 9.934900e-01
1.763000e+02 9.944227e-01
1.773200e+02 9.915068e-01
1.783400e+02 9.939251e-01
1.793700e+02 9.889260e-01
1.804100e+02 9.886699e-01
1.814500e+02 9.854104e-01
1.825000e+02 9.892865e-01
1.835500e+02 9.837335e-01
1.846100e+02 9.860470e-01
1.856700e+02 9.834112e-01
1.867500e+02 9.833445e-01
1.878200e+02 9.807259e-01
1.889100e+02 9.799093e-01
1.900000e+02 9.807236e-01
1.911000e+02 9.786121e-01
1.922000e+02 9.745786e-01
1.933100e+02 9.735366e-01
1.944200e+02 9.717684e-01
1.955500e+02 9.688280e-01
1.966800e+02 9.698229e-01
1.978100e+02 9.630767e-01
1.989500e+02 9.649714e-01
2.001000e+02 9.618600e-01
2.012600e+02 9.592094e-01
2.024200e+02 9.563868e-01
2.035900e+02 9.516396e-01
2.047600e+02 9.494727e-01
2.059500e+02 9.481763e-01
2.071300e+02 9.442759e-01
2.083300e+02 9.469137e-01
2.095300e+02 9.422435e-01
2.107400e+02 9.390335e-01
2.119600e+02 9.350160e-01
2.131800e+02 9.363619e-01
2.144100e+02 9.322768e-01
2.156500e+02 9.284928e-01
2.169000e+02 9.271034e-01
2.181500e+02 9.246933e-01
2.194100e+02 9.184310e-01
2.206700e+02 9.200125e-01
2.219500e+02 9.156966e-01
2.232300e+02 9.126414e-01
2.245200e+02 9.111338e-01
2.258100e+02 9.050079e-01
2.271200e+02 9.006665e-01
2.284300e+02 9.035168e-01
2.297500e+02 8.982429e-01
2.310700e+02 8.926580e-01
2.324100e+02 8.910164e-01
2.337500e+02 8.869820e-01
2.351000e+02 8.861979e-01
2.364600e+02 8.795241e-01
2.378200e+02 8.803953e-01
2.391900e+02 8.745551e-01
2.405800e+02 8.699028e-01
2.419600e+02 8.687487e-01
2.433600e+02 8.658562e-01
2.447700e+02 8.624583e-01
2.461800e+02 8.580902e-01
2.476000e+02 8.577017e-01
2.490300e+02 8.491197e-01
2.504700e+02 8.463704e-01
2.519100e+02 8.458169e-01
2.533700e+02 8.415003e-01
2.548300e+02 8.354090e-01
2.563000e+02 8.330092e-01
2.577800e+02 8.288059e-01
2.592700e+02 8.246056e-01
2.607700e+02 8.205100e-01
2.622700e+02 8.164110e-01
2.637900e+02 8.129630e-01
2.653100e+02 8.078719e-01
2.668400e+02 8.078200e-01
2.683800e+02 7.994571e-01
2.699300e+02 7.948265e-01
2.714900e+02 7.937116e-01
2.730600e+02 7.887239e-01
2.746300e+02 7.844323e-01
2.762200e+02 7.813233e-01
2.778100e+02 7.774730e-01
2.794200e+02 7.729863e-01
2.810300e+02 7.683138e-01
2.826500e+02 7.635589e-01
2.842800e+02 7.624863e-01
2.859200e+02 7.572665e-01
2.875800e+02 7.511767e-01
2.892400e+02 7.493610e-01
2.909100e+02 7.471575e-01
2.925800e+02 7.430847e-01
2.942700e+02 7.370062e-01
2.959700e+02 7.298120e-01
2.976800e+02 7.273550e-01
2.994000e+02 7.220385e-01
3.011300e+02 7.189321e-01
3.028700e+02 7.178764e-01
3.046200e+02 7.108091e-01
3.063700e+02 7.068317e-01
3.081400e+02 7.039564e-01
3.099200e+02 6.997229e-01
3.117100e+02 6.927794e-01
3.135100e+02 6.920594e-01
3.153200e+02 6.874355e-01
3.171400e+02 6.819285e-01
3.189700e+02 6.801736e-01
3.208100e+02 6.712333e-01
3.226600e+02 6.691518e-01
3.245300e+02 6.665036e-01
3.264000e+02 6.614093e-01
3.282900e+02 6.552814e-01
3.301800e+02 6.538319e-01
3.320900e+02 6.474661e-01
3.340000e+02 6.429342e-01
3.359300e+02 6.413471e-01
3.378700e+02 6.345800e-01
3.398200e+02 6.322077e-01
3.417800e+02 6.258710e-01
3.437600e+02 6.234888e-01
3.457400e+02 6.195376e-01
3.477400e+02 6.156034e-01
3.497500e+02 6.106048e-01
3.517600e+02 6.070015e-01
3.538000e+02 6.007402e-01
3.558400e+02 5.972462e-01
3.578900e+02 5.946607e-01
3.599600e+02 5.885440e-01
3.620400e+02 5.826563e-01
3.641300e+02 5.795785e-01
3.662300e+02 5.772708e-01
3.683400e+02 5.723046e-01
3.704700e+02 5.646973e-01
3.726100e+02 5.642915e-01
3.747600e+02 5.603186e-01
3.769200e+02 5.550615e-01
3.791000e+02 5.522859e-01
3.812900e+02 5.492038e-01
3.834900e+02 5.445210e-01
3.857000e+02 5.375656e-01
3.879300e+02 5.360316e-01
3.901700e+02 5.313125e-01
3.924200e+02 5.270195e-01
3.946900e+02 5.231209e-01
3.969600e+02 5.173132e-01
3.992600e+02 5.142209e-01
4.015600e+02 5.096449e-01
4.038800e+02 5.047125e-01
4.062100e+02 5.040954e-01
4.085600e+02 4.983179e-01
4.109100e+02 4.942157e-01
4.132900e+02 4.905399e-01
4.156700e+02 4.873386e-01
4.180700e+02 4.837884e-01
4.204900e+02 4.791570e-01
4.229100e+02 4.734401e-01
4.253600e+02 4.713459e-01
4.278100e+02 4.684892e-01
4.302800e+02 4.643482e-01
4.327600e+02 4.602799e-01
4.352600e+02 4.553021e-01
4.377800e+02 4.532469e-01
4.403000e+02 4.465599e-01
4.428500e+02 4.445848e-01
4.454000e+02 4.408688e-01
4.479700e+02 4.379208e-01
4.505600e+02 4.339414e-01
4.531600e+02 4.298002e-01
4.557800e+02 4.254895e-01
4.584100e+02 4.194634e-01
4.610500e+02 4.172205e-01
4.637200e+02 4.146327e-01
4.663900e+02 4.131397e-01
4.690900e+02 4.064671e-01
4.717900e+02 4.028980e-01
4.745200e+02 3.999383e-01
4.772600e+02 3.967809e-01
4.800100e+02 3.924187e-01
4.827800e+02 3.910681e-01
4.855700e+02 3.869783e-01
4.883700e+02 3.834673e-01
4.911900e+02 3.791551e-01
4.940300e+02 3.769375e-01
4.968800e+02 3.723508e-01
4.997500e+02 3.679143e-01
5.026300e+02 3.655788e-01
5.055400e+02 3.622685e-01
5.084500e+02 3.577255e-01
5.113900e+02 3.557623e-01
5.143400e+02 3.509353e-01
5.173100e+02 3.497509e-01
5.203000e+02 3.445873e-01
5.233000e+02 3.425512e-01
5.263200e+02 3.385835e-01
5.293600e+02 3.357527e-01
5.324200e+02 3.319540e-01
5.354900e+02 3.285958e-01
5.385800e+02 3.262936e-01
5.416900e+02 3.213590e-01
5.448200e+02 3.206369e-01
5.479600e+02 3.145280e-01
5.511300e+02 3.142898e-01
5.543100e+02 3.112745e-01
5.575100e+02 3.086837e-01
5.607300e+02 3.055690e-01
5.639600e+02 3.031892e-01
5.672200e+02 2.977910e-01
5.704900e+02 2.942411e-01
5.737900e+02 2.933229e-01
5.771000e+02 2.894408e-01
5.804300e+02 2.868159e-01
5.837800e+02 2.836118e-01
5.871500e+02 2.793347e-01
5.905400e+02 2.761792e-01
5.939500e+02 2.753357e-01
5.973800e+02 2.718500e-01
6.008300e+02 2.698996e-01
6.043000e+02 2.676144e-01
6.077900e+02 2.645772e-01
6.113000e+02 2.612239e-01
6.148300e+02 2.586922e-01
6.183700e+02 2.576005e-01
6.219400e+02 2.539944e-01
6.255400e+02 2.527014e-01
6.291500e+02 2.477510e-01
6.327800e+02 2.468181e-01
6.364300e+02 2.446101e-01
6.401100e+02 2.412677e-01
6.438000e+02 2.392060e-01
6.475200e+02 2.358040e-01
6.512600e+02 2.337778e-01
6.550200e+02 2.304300e-01
6.588000e+02 2.295328e-01
6.626000e+02 2.261712e-01
6.664300e+02 2.241848e-01
6.702700e+02 2.214535e-01
6.741400e+02 2.198212e-01
6.780300e+02 2.179832e-01
6.819500e+02 2.153162e-01
6.858900e+02 2.114783e-01
6.898500e+02 2.110898e-01
6.938300e+02 2.084284e-01
6.978300e+02 2.050430e-01
7.018600e+02 2.019861e-01
7.059100e+02 2.001009e-01
7.099900e+02 1.984924e-01
7.140900e+02 1.974663e-01
7.182100e+02 1.930045e-01
7.223600e+02 1.925077e-01
7.265300e+02 1.895653e-01
7.307200e+02 1.883187e-01
7.349400e+02 1.863931e-01
7.391800e+02 1.850369e-01
7.434500e+02 1.813208e-01
7.477400e+02 1.788018e-01
7.520600e+02 1.772608e-01
7.564000e+02 1.754005e-01
7.607700e+02 1.753968e-01
7.651600e+02 1.724467e-01
7.695800e+02 1.700002e-01
7.740200e+02 1.675783e-01
7.784900e+02 1.655306e-01
7.829800e+02 1.631864e-01
7.875000e+02 1.633067e-01
7.920500e+02 1.596408e-01
7.966200e+02 1.586229e-01
8.012200e+02 1.565691e-01
8.058500e+02 1.555042e-01
8.105000e+02 1.530615e-01
8.151800e+02 1.511608e-01
8.198800e+02 1.484656e-01
8.246200e+02 1.474025e-01
8.293800e+02 1.450282e-01
8.341600e+02 1.447822e-01
8.389800e+02 1.424214e-01
8.438200e+02 1.418261e-01
8.487000e+02 1.393755e-01
8.535900e+02 1.388587e-01
8.585200e+02 1.361514e-01
8.634800e+02 1.338772e-01
8.684600e+02 1.332723e-01
8.734800e+02 1.323028e-01
8.785200e+02 1.295080e-01
8.835900e+02 1.276435e-01
8.886900e+02 1.258420e-01
8.938200e+02 1.254250e-01
8.989800e+02 1.231651e-01
9.041700e+02 1.217667e-01
9.093900e+02 1.209029e-01
9.146400e+02 1.193380e-01
9.199200e+02 1.183825e-01
9.252300e+02 1.162506e-01
9.305800e+02 1.152373e-01
9.359500e+02 1.141862e-01
9.413500e+02 1.125758e-01
9.467900e+02 1.110476e-01
9.522500e+02 1.091301e-01
9.577500e+02 1.091070e-01
9.632800e+02 1.069965e-01
9.688400e+02 1.057061e-01
9.744300e+02 1.051445e-01
9.800600e+02 1.035346e-01
9.857200e+02 1.010845e-01
9.914100e+02 1.004227e-01
9.971300e+02 9.946224e-02
1.002900e+03 9.773507e-02
1.008700e+03 9.760827e-02
1.014500e+03 9.621429e-02
1.020400e+03 9.475399e-02
1.026200e+03 9.314511e-02
1.032200e+03 9.323054e-02
1.038100e+03 9.134437e-02
1.044100e+03 9.042378e-02
1.050200e+03 8.979561e-02
1.056200e+03 8.839863e-02
1.062300e+03 8.695483e-02
1.068400e+03 8.614782e-02
1.074600e+03 8.505081e-02
1.080800e+03 8.413959e-02
1.087100e+03 8.248723e-02
1.093300e+03 8.203490e-02
1.099600e+03 8.056323e-02
1.106000e+03 7.953056e-02
1.112400e+03 7.850454e-02
1.118800e+03 7.755817e-02
1.125300e+03 7.634253e-02
1.131800e+03 7.633152e-02
1.138300e+03 7.466734e-02
1.144900e+03 7.308013e-02
1.151500e+03 7.272181e-02
1.158100e+03 7.282557e-02
1.164800e+03 7.092748e-02
1.171500e+03 6.958499e-02
1.178300e+03 6.969652e-02
1.185100e+03 6.800898e-02
1.191900e+03 6.772637e-02
1.198800e+03 6.663868e-02
1.205700e+03 6.575288e-02
1.212700e+03 6.445514e-02
1.219700e+03 6.398717e-02
1.226700e+03 6.228671e-02
1.233800e+03 6.238969e-02
1.240900e+03 6.165270e-02
1.248100e+03 6.072645e-02
1.255300e+03 5.993059e-02
1.262600e+03 5.907456e-02
1.269800e+03 5.848123e-02
1.277200e+03 5.777335e-02
1.284600e+03 5.593401e-02
1.292000e+03 5.664777e-02
1.299400e+03 5.566497e-02
1.306900e+03 5.479230e-02
1.314500e+03 5.404254e-02
1.322100e+03 5.252260e-02
1.329700e+03 5.283499e-02
1.337400e+03 5.222804e-02
1.345100e+03 5.165335e-02
1.352900e+03 5.004091e-02
1.360700e+03 4.955267e-02
1.368500e+03 4.922045e-02
1.376400e+03 4.888007e-02
1.384400e+03 4.775794e-02
1.392400e+03 4.719950e-02
1.400400e+03 4.648834e-02
1.408500e+03 4.567989e-02
1.416600e+03 4.509801e-02
1.424800e+03 4.479608e-02
1.433000e+03 4.421659e-02
1.441300e+03 4.372869e-02
1.449600e+03 4.301050e-02
1.458000e+03 4.217843e-02
1.466400e+03 4.226137e-02
1.474900e+03 4.079714e-02
1.483400e+03 4.040887e-02
1.491900e+03 4.075940e-02
1.500600e+03 3.910119e-02
1.509200e+03 3.899879e-02
1.517900e+03 3.828677e-02
1.526700e+03 3.775328e-02
1.535500e+03 3.693630e-02
1.544400e+03 3.674861e-02
1.553300e+03 3.673879e-02
1.562300e+03 3.603076e-02
1.571300e+03 3.564773e-02
1.580300e+03 3.524836e-02
1.589500e+03 3.423824e-02
1.598600e+03 3.391478e-02
1.607900e+03 3.317518e-02
1.617200e+03 3.321915e-02
1.626500e+03 3.267550e-02
1.635900e+03 3.221620e-02
1.645300e+03 3.216021e-02
1.654800e+03 3.123530e-02
1.664400e+03 3.101718e-02
1.674000e+03 3.096381e-02
1.683600e+03 3.006417e-02
1.693400e+03 2.976015e-02
1.703100e+03 2.943124e-02
1.713000e+03 2.848268e-02
1.722900e+03 2.825914e-02
1.732800e+03 2.828083e-02
1.742800e+03 2.755086e-02
1.752900e+03 2.683756e-02
1.763000e+03 2.675094e-02
1.773200e+03 2.665689e-02
1.783400e+03 2.653955e-02
1.793700e+03 2.617012e-02
1.804100e+03 2.542835e-02
1.814500e+03 2.485132e-02
1.825000e+03 2.481376e-02
1.835500e+03 2.426015e-02
1.846100e+03 2.391153e-02
1.856700e+03 2.349413e-02
1.867500e+03 2.341602e-02
1.878200e+03 2.306086e-02
1.889100e+03 2.257052e-02
1.900000e+03 2.257918e-02
1.911000e+03 2.191990e-02
1.922000e+03 2.166775e-02
1.933100e+03 2.148702e-02
1.944200e+03 2.118728e-02
1.955500e+03 2.108819e-02
1.966800e+03 2.074632e-02
1.978100e+03 2.005423e-02
1.989500e+03 1.998079e-02
2.001000e+03 1.988982e-02
2.012600e+03 1.944676e-02
2.024200e+03 1.929439e-02
2.035900e+03 1.892042e-02
2.047600e+03 1.872450e-02
2.059500e+03 1.845830e-02
2.071300e+03 1.808960e-02
2.083300e+03 1.794098e-02
2.095300e+03 1.737904e-02
2.107400e+03 1.722102e-02
2.119600e+03 1.681475e-02
2.131800e+03 1.651328e-02
2.144100e+03 1.633552e-02
2.156500e+03 1.632122e-02
2.169000e+03 1.643153e-02
2.181500e+03 1.628263e-02
2.194100e+03 1.547987e-02
2.206700e+03 1.537234e-02
2.219500e+03 1.478971e-02
2.232300e+03 1.507599e-02
2.245200e+03 1.463705e-02
2.258100e+03 1.474203e-02
2.271200e+03 1.438725e-02
2.284300e+03 1.408901e-02
2.297500e+03 1.419567e-02
2.310700e+03 1.363746e-02
2.324100e+03 1.355843e-02
2.337500e+03 1.343303e-02
2.351000e+03 1.300234e-02
2.364600e+03 1.319885e-02
2.378200e+03 1.267517e-02
2.391900e+03 1.262234e-02
2.405800e+03 1.234570e-02
2.419600e+03 1.218782e-02
2.433600e+03 1.217146e-02
2.447700e+03 1.186549e-02
2.461800e+03 1.148961e-02
2.476000e+03 1.158881e-02
2.490300e+03 1.130750e-02
2.504700e+03 1.127610e-02
2.519100e+03 1.089830e-02
2.533700e+03 1.089168e-02
2.548300e+03 1.055114e-02
2.563000e+03 1.062769e-02
2.577800e+03 1.060003e-02
2.592700e+03 1.017043e-02
2.607700e+03 1.013526e-02
2.622700e+03 9.736481e-03
2.637900e+03 9.795413e-03
2.653100e+03 9.564045e-03
2.668400e+03 9.535112e-03
2.683800e+03 9.331115e-03
2.699300e+03 9.220871e-03
2.714900e+03 8.878537e-03
2.730600e+03 8.974198e-03
2.746300e+03 8.781120e-03
2.762200e+03 8.878450e-03
2.778100e+03 8.509006e-03
2.794200e+03 8.563116e-03
2.810300e+03 8.250716e-03
2.826500e+03 8.124845e-03
2.842800e+03 7.919588e-03
2.859200e+03 7.913990e-03
2.875800e+03 8.019868e-03
2.892400e+03 7.754191e-03
2.909100e+03 7.577679e-03
2.925800e+03 7.396455e-03
2.942700e+03 7.392482e-03
2.959700e+03 7.266496e-03
2.976800e+03 7.300329e-03
2.994000e+03 6.866938e-03
3.011300e+03 6.745937e-03
3.028700e+03 6.836729e-03
3.046200e+03 6.885683e-03
3.063700e+03 6.527427e-03
3.081400e+03 6.454720e-03
3.099200e+03 6.217020e-03
3.117100e+03 6.320409e-03
3.135100e+03 6.383436e-03
3.153200e+03 6.190514e-03
3.171400e+03 6.088796e-03
3.189700e+03 5.910272e-03
3.208100e+03 5.997391e-03
3.226600e+03 5.923723e-03
3.245300e+03 5.653391e-03
3.264000e+03 5.693580e-03
3.282900e+03 5.505513e-03
3.301800e+03 5.364911e-03
3.320900e+03 5.442826e-03
3.340000e+03 5.231528e-03
3.359300e+03 5.288262e-03
3.378700e+03 5.128113e-03
3.398200e+03 5.089087e-03
3.417800e+03 4.852106e-03
3.437600e+03 4.713223e-03
3.457400e+03 4.847534e-03
3.477400e+03 4.784580e-03
3.497500e+03 4.638370e-03
3.517600e+03 4.501058e-03
3.538000e+03 4.496675e-03
3.558400e+03 4.585788e-03
3.578900e+03 4.373200e-03
3.599600e+03 4.342726e-03
3.620400e+03 4.256491e-03
3.641300e+03 4.279276e-03
3.662300e+03 4.029818e-03
3.683400e+03 3.962498e-03
3.704700e+03 4.100272e-03
3.726100e+03 4.055628e-03
3.747600e+03 3.907028e-03
3.769200e+03 3.741179e-03
3.791000e+03 3.807624e-03
3.812900e+03 3.808025e-03
3.834900e+03 3.669817e-03
3.857000e+03 3.534627e-03
3.879300e+03 3.435490e-03
3.901700e+03 3.490387e-03
3.924200e+03 3.627881e-03
3.946900e+03 3.319271e-03
3.969600e+03 3.376244e-03
3.992600e+03 3.225666e-03
4.015600e+03 3.178598e-03
4.038800e+03 3.236182e-03
4.062100e+03 3.102131e-03
4.085600e+03 3.031243e-03
4.109100e+03 3.072551e-03
4.132900e+03 3.068668e-03
4.156700e+03 3.018126e-03
4.180700e+03 2.831749e-03
4.204900e+03 2.837856e-03
4.229100e+03 2.865553e-03
4.253600e+03 2.727324e-03
4.278100e+03 2.740611e-03
4.302800e+03 2.735446e-03
4.327600e+03 2.723082e-03
4.352600e+03 2.666020e-03
4.377800e+03 2.613105e-03
4.403000e+03 2.460490e-03
4.428500e+03 2.437508e-03
4.454000e+03 2.431117e-03
4.479700e+03 2.493174e-03
4.505600e+03 2.374149e-03
4.531600e+03 2.320362e-03
4.557800e+03 2.191889e-03
4.584100e+03 2.316442e-03
4.610500e+03 2.298630e-03
4.637200e+03 2.190329e-03
4.663900e+03 2.159198e-03
4.690900e+03 2.056882e-03
4.717900e+03 2.082284e-03
4.745200e+03 2.094724e-03
4.772600e+03 1.913943e-03
4.800100e+03 1.979535e-03
4.827800e+03 1.984910e-03
4.855700e+03 1.994172e-03
4.883700e+03 1.930126e-03
4.911900e+03 1.912321e-03
4.940300e+03 1.877227e-03
4.968800e+03 1.785729e-03
4.997500e+03 1.868001e-03
5.026300e+03 1.782699e-03
5.055400e+03 1.794706e-03
5.084500e+03 1.772785e-03
5.113900e+03 1.643098e-03
5.143400e+03 1.653151e-03
5.173100e+03 1.611267e-03
5.203000e+03 1.651782e-03
5.233000e+03 1.630495e-03
5.263200e+03 1.565993e-03
5.293600e+03 1.606502e-03
5.324200e+03 1.514825e-03
5.354900e+03 1.590201e-03
5.385800e+03 1.514442e-03
5.416900e+03 1.413098e-03
5.448200e+03 1.459377e-03
5.479600e+03 1.403912e-03
5.511300e+03 1.353334e-03
5.543100e+03 1.344772e-03
5.575100e+03 1.415021e-03
5.607300e+03 1.246501e-03
5.639600e+03 1.320899e-03
5.672200e+03 1.242429e-03
5.704900e+03 1.280397e-03
5.737900e+03 1.289828e-03
5.771000e+03 1.250383e-03
5.804300e+03 1.232221e-03
5.837800e+03 1.153653e-03
5.871500e+03 1.157303e-03
5.905400e+03 1.120787e-03
5.939500e+03 1.153471e-03
5.973800e+03 1.152948e-03
6.008300e+03 1.061093e-03
6.043000e+03 1.051421e-03
6.077900e+03 1.021842e-03
6.113000e+03 1.064011e-03
6.148300e+03 1.003142e-03
6.183700e+03 1.002453e-03
6.219400e+03 9.512069e-04
6.255400e+03 9.642397e-04
6.291500e+03 8.903254e-04
6.327800e+03 9.628033e-04
6.364300e+03 8.827671e-04
6.401100e+03 8.424419e-04
6.438000e+03 9.662921e-04
6.475200e+03 8.717838e-04
6.512600e+03 8.426397e-04
6.550200e+03 8.565174e-04
6.588000e+03 9.033819e-04
6.626000e+03 8.540967e-04
6.664300e+03 8.622105e-04
6.702700e+03 8.700761e-04
6.741400e+03 8.067049e-04
6.780300e+03 7.269744e-04
6.819500e+03 7.417850e-04
6.858900e+03 7.543556e-04
6.898500e+03 7.296487e-04
6.938300e+03 6.804062e-04
6.978300e+03 7.554412e-04
7.018600e+03 6.925426e-04
7.059100e+03 6.799480e-04
7.099900e+03 6.663044e-04
7.140900e+03 7.338140e-04
7.182100e+03 6.877596e-04
7.223600e+03 6.313575e-04
7.265300e+03 5.666871e-04
7.307200e+03 6.057680e-04
7.349400e+03 6.100091e-04
7.391800e+03 6.108789e-04
7.434500e+03 5.633541e-04
7.477400e+03 5.943930e-04
7.520600e+03 5.270761e-04
7.564000e+03 5.798974e-04
7.607700e+03 4.841243e-04
7.651600e+03 4.886713e-04
7.695800e+03 5.766722e-04
7.740200e+03 5.060574e-04
7.784900e+03 5.080469e-04
7.829800e+03 4.771671e-04
7.875000e+03 5.245245e-04
7.920500e+03 5.407634e-04
7.966200e+03 4.907981e-04
8.012200e+03 4.486876e-04
8.058500e+03 4.695604e-04
8.105000e+03 4.730287e-04
8.151800e+03 4.542331e-04
8.198800e+03 4.212331e-04
8.246200e+03 4.519073e-04
8.293800e+03 4.864994e-04
8.341600e+03 4.804399e-04
8.389800e+03 3.754631e-04
8.438200e+03 3.984098e-04
8.487000e+03 3.983088e-04
8.535900e+03 3.876673e-04
8.585200e+03 3.733474e-04
8.634800e+03 4.211479e-04
8.684600e+03 3.995400e-04
8.734800e+03 3.570792e-04
8.785200e+03 4.072709e-04
8.835900e+03 3.528046e-04
8.886900e+03 3.617112e-04
8.938200e+03 3.266541e-04
8.989800e+03 3.014830e-04
9.041700e+03 3.480037e-04
9.093900e+03 3.392153e-04
9.146400e+03 3.202420e-04
9.199200e+03 2.994419e-04
9.252300e+03 3.426593e-04
9.305800e+03 2.851786e-04
9.359500e+03 3.382005e-04
9.413500e+03 3.145680e-04
9.467900e+03 3.061816e-04
9.522500e+03 2.880826e-04
9.577500e+03 2.908868e-04
9.632800e+03 2.695132e-04
9.688400e+03 2.988872e-04
9.744300e+03 2.896176e-04
9.800600e+03 2.601416e-04
9.857200e+03 2.480720e-04
9.914100e+03 2.698391e-04
9.971300e+03 2.382096e-04
1.002900e+04 2.209563e-04
1.008700e+04 2.626542e-04
1.014500e+04 2.464771e-04
1.020400e+04 2.573412e-04
1.026200e+04 2.587394e-04
1.032200e+04 2.299224e-04
1.038100e+04 2.449512e-04
1.044100e+04 2.503399e-04
1.050200e+04 2.354245e-04
1.056200e+04 2.135208e-04
1.062300e+04 2.407908e-04
1.068400e+04 1.985010e-04
1.074600e+04 2.263330e-04
1.080800e+04 1.815498e-04
1.087100e+04 2.316521e-04
1.093300e+04 2.244583e-04
1.099600e+04 1.666661e-04
1.106000e+04 2.309257e-04
1.112400e+04 1.650944e-04
1.118800e+04 1.976036e-04
1.125300e+04 1.851239e-04
1.131800e+04 2.035172e-04
1.138300e+04 1.585361e-04
1.144900e+04 1.502202e-04
1.151500e+04 1.850871e-04
1.158100e+04 1.592163e-04
1.164800e+04 1.858825e-04
1.171500e+04 1.783083e-04
1.178300e+04 1.897389e-04
1.185100e+04 1.515665e-04
1.191900e+04 1.521612e-04
1.198800e+04 1.353553e-04
1.205700e+04 1.653225e-04
1.212700e+04 1.383742e-04
1.219700e+04 1.662304e-04
1.226700e+04 1.308786e-04
1.233800e+04 1.317859e-04
1.240900e+04 1.557653e-04
1.248100e+04 1.276212e-04
1.255300e+04 1.345372e-04
1.262600e+04 1.223464e-04
1.269800e+04 1.061286e-04
1.277200e+04 1.437844e-04
1.284600e+04 1.222143e-04
1.292000e+04 1.055467e-04
1.299400e+04 1.200964e-04
1.306900e+04 1.156297e-04
1.314500e+04 1.375759e-04
1.322100e+04 9.654917e-05
1.329700e+04 1.146523e-04
1.337400e+04 9.851977e-05
1.345100e+04 1.134871e-04
1.352900e+04 1.041290e-04
1.360700e+04 1.090326e-04
1.368500e+04 1.189635e-04
1.376400e+04 9.548452e-05
1.384400e+04 8.549229e-05
1.392400e+04 9.172528e-05
1.400400e+04 1.017611e-04
1.408500e+04 9.813517e-05
1.416600e+04 1.012083e-04
1.424800e+04 9.396954e-05
1.433000e+04 9.851065e-05
1.441300e+04 8.987109e-05
1.449600e+04 1.046442e-04
1.458000e+04 9.033553e-05
1.466400e+04 7.608218e-05
1.474900e+04 9.994410e-05
1.483400e+04 8.598016e-05
1.491900e+04 9.145251e-05
1.500600e+04 8.179644e-05
1.509200e+04 9.209414e-05
1.517900e+04 6.977467e-05
1.526700e+04 6.948131e-05
1.535500e+04 6.711738e-05
1.544400e+04 8.655520e-05
1.553300e+04 7.334421e-05
1.562300e+04 6.458764e-05
1.571300e+04 6.155557e-05
1.580300e+04 7.098772e-05
1.589500e+04 5.902877e-05
1.598600e+04 5.088928e-05
1.607900e+04 6.938374e-05
1.617200e+04 7.818800e-05
1.626500e+04 7.129489e-05
1.635900e+04 6.487712e-05
1.645300e+04 5.182763e-05
1.654800e+04 5.478293e-05
1.664400e+04 5.899351e-05
1.674000e+04 7.265939e-05
1.683600e+04 6.564602e-05
1.693400e+04 5.379036e-05
1.703100e+04 4.389591e-05
1.713000e+04 5.632956e-05
1.722900e+04 4.847857e-05
1.732800e+04 4.392412e-05
1.742800e+04 8.086090e-05
1.752900e+04 4.890767e-05
1.763000e+04 5.830837e-05
1.773200e+04 4.774681e-05
1.783400e+04 4.987843e-05
1.793700e+04 4.467496e-05
1.804100e+04 4.926345e-05
1.814500e+04 3.141444e-05
1.825000e+04 3.909416e-05
1.835500e+04 3.816687e-05
1.846100e+04 3.185413e-05
1.856700e+04 3.696835e-05
1.867500e+04 5.093804e-05
1.878200e+04 2.830282e-05
1.889100e+04 3.015668e-05
1.900000e+04 4.360132e-05
1.911000e+04 4.849543e-05
1.922000e+04 3.121064e-05
1.933100e+04 3.651539e-05
1.944200e+04 4.224775e-05
1.955500e+04 4.015843e-05
1.966800e+04 4.484569e-05
1.978100e+04 3.970452e-05
1.989500e+04 2.740131e-05
2.001000e+04 3.748418e-05
2.012600e+04 3.448209e-05
2.024200e+04 2.286999e-05
2.035900e+04 3.175613e-05
2.047600e+04 4.446476e-05
2.059500e+04 3.293764e-05
2.071300e+04 3.512008e-05
2.083300e+04 2.268264e-05
2.095300e+04 2.436385e-05
2.107400e+04 2.934324e-05
2.119600e+04 3.092009e-05
2.131800e+04 3.486930e-05
2.144100e+04 2.059303e-05
2.156500e+04 3.033191e-05
2.169000e+04 3.604228e-05
2.181500e+04 3.178237e-05
2.194100e+04 2.821464e-05
2.206700e+04 2.714207e-05
2.219500e+04 2.834053e-05
2.232300e+04 2.895818e-05
2.245200e+04 2.033768e-05
2.258100e+04 2.740807e-05
2.271200e+04 2.599554e-05
2.284300e+04 2.769480e-05
2.297500e+04 3.104457e-05
2.310700e+04 1.684223e-05
2.324100e+04 1.648805e-05
2.337500e+04 2.299846e-05
2.351000e+04 1.997412e-05
2.364600e+04 2.569906e-05
2.378200e+04 1.608786e-05
2.391900e+04 2.884077e-05
2.405800e+04 2.969505e-05
2.419600e+04 3.298975e-05
2.433600e+04 3.164051e-05
2.447700e+04 1.973756e-05
2.461800e+04 1.865644e-05
2.476000e+04 1.566305e-05
2.490300e+04 1.621915e-05
2.504700e+04 1.490118e-05
2.519100e+04 1.752178e-05
2.533700e+04 1.438187e-05
2.548300e+04 1.586571e-05
2.563000e+04 1.166912e-05
2.577800e+04 2.745378e-05
2.592700e+04 7.709148e-06
2.607700e+04 1.056070e-05
2.622700e+04 1.968692e-05
2.637900e+04 8.882671e-06
2.653100e+04 1.780032e-05
2.668400e+04 1.614047e-05
2.683800e+04 1.079577e-05
2.699300e+04 1.702135e-05
2.714900e+04 2.540571e-05
2.730600e+04 6.993352e-06
2.746300e+04 2.011032e-05
2.762200e+04 2.566130e-05
2.778100e+04 2.031454e-05
2.794200e+04 6.064448e-06
2.810300e+04 1.079029e-05
2.826500e+04 1.695028e-05
2.842800e+04 1.291006e-05
2.859200e+04 1.636112e-05
2.875800e+04 1.228735e-05
2.892400e+04 1.649763e-05
2.909100e+04 1.899237e-05
2.925800e+04 1.795334e-05
2.942700e+04 1.454675e-05
2.959700e+04 8.489799e-06
2.976800e+04 9.529567e-06
2.994000e+04 1.837507e-05
3.011300e+04 1.221131e-05
3.028700e+04 3.363231e-06
3.046200e+04 7.978339e-06
3.063700e+04 2.143789e-05
3.081400e+04 1.469397e-05
3.099200e+04 4.815814e-06
3.117100e+04 5.534561e-06
3.135100e+04 1.000551e-05
3.153200e+04 1.014585e-05
3.171400e+04 1.157054e-05
3.189700e+04 1.446087e-05
3.208100e+04 1.879261e-05
3.226600e+04 1.007523e-05
3.245300e+04 4.309358e-06
3.264000e+04 9.312250e-06
3.282900e+04 6.499076e-06
3.301800e+04 1.870595e-05
3.320900e+04 1.500106e-05
3.340000e+04 3.417642e-06
3.359300e+04 1.004926e-05
3.378700e+04 1.028746e-05
3.398200e+04 7.474380e-06
3.417800e+04 7.558337e-06
3.437600e+04 9.258975e-06
3.457400e+04 6.179412e-06
3.477400e+04 2.830835e-06
3.497500e+04 7.241906e-06
3.517600e+04 5.963935e-06
3.538000e+04 2.786337e-06
3.558400e+04 3.156268e-06
3.578900e+04 8.071329e-06
3.599600e+04 1.456173e-05
3.620400e+04 1.101860e-05
3.641300e+04 4.809796e-06
3.662300e+04 7.778183e-06
3.683400e+04 1.092488e-05
3.704700e+04 6.180422e-06
3.726100e+04 2.668268e-06
3.747600e+04 2.531956e-06
3.769200e+04 3.352597e-06
3.791000e+04 6.548973e-06
3.812900e+04 3.417998e-06
3.834900e+04 5.212595e-06
3.857000e+04 7.381877e-06
3.879300e+04 4.590117e-06
3.901700e+04 4.612277e-06
3.924200e+04 6.586505e-06
3.946900e+04 4.233262e-06
3.969600e+04 1.161128e-05
3.992600e+04 4.858171e-06
4.015600e+04 5.162802e-06
4.038800e+04 3.411197e-06
4.062100e+04 6.065579e-06
4.085600e+04 1.396007e-06
4.109100e+04 1.445908e-06
4.132900e+04 1.111544e-06
4.156700e+04 1.758956e-06
4.180700e+04 4.389913e-06
4.204900e+04 1.982103e-06
4.229100e+04 6.865064e-06
4.253600e+04 4.047355e-06
4.278100e+04 3.291776e-06
4.302800e+04 3.109873e-06
4.327600e+04 2.149888e-06
4.352600e+04 2.893227e-06
4.377800e+04 6.288877e-06
4.403000e+04 2.964177e-06
4.428500e+04 2.456523e-06
4.454000e+04 8.243552e-06
4.479700e+04 5.892623e-06
4.505600e+04 4.083291e-06
4.531600e+04 4.818803e-06
4.557800e+04 9.193447e-06
4.584100e+04 7.443777e-06
4.610500e+04 4.389416e-06
4.637200e+04 2.252719e-06
4.663900e+04 1.763731e-06
4.690900e+04 1.589670e-05
4.717900e+04 1.144475e-05
4.745200e+04 1.023009e-06
4.772600e+04 2.499924e-07
4.800100e+04 4.876741e-06
4.827800e+04 2.796332e-07
4.855700e+04 1.427504e-06
4.883700e+04 7.134512e-07
4.911900e+04 5.308934e-06
4.940300e+04 2.519866e-06
4.968800e+04 3.320130e-06
4.997500e+04 2.353076e-06
5.026300e+04 2.277357e-06
5.055400e+04 3.758326e-06
5.084500e+04 0.000000e+00
5.113900e+04 3.796948e-07
5.143400e+04 5.081706e-08
5.173100e+04 1.141340e-05
5.203000e+04 2.901113e-06
5.233000e+04 8.195780e-07
5.263200e+04 5.349439e-07
5.293600e+04 1.838529e-06
5.324200e+04 1.589690e-06
5.354900e+04 1.915492e-06
5.385800e+04 0.000000e+00
5.416900e+04 0.000000e+00
5.448200e+04 6.640704e-07
5.479600e+04 7.438715e-07
5.511300e+04 4.391942e-06
5.543100e+04 4.713931e-07
5.575100e+04 1.681161e-06
5.607300e+04 3.338452e-06
5.639600e+04 3.681569e-07
5.672200e+04 6.475181e-07
5.704900e+04 0.000000e+00
5.737900e+04 2.702850e-06
5.771000e+04 1.431188e-06
5.804300e+04 6.992065e-07
5.837800e+04 4.380770e-06
5.871500e+04 3.765440e-06
5.905400e+04 3.525329e-06
5.939500e+04 0.000000e+00
5.973800e+04 2.623002e-07
6.008300e+04 0.000000e+00
6.043000e+04 2.079612e-08
6.077900e+04 0.000000e+00
6.113000e+04 5.077403e-07
6.148300e+04 3.267626e-07
6.183700e+04 1.984927e-06
6.219400e+04 1.092540e-06
6.255400e+04 1.938588e-06
6.291500e+04 6.362824e-07
6.327800e+04 1.870575e-06
6.364300e+04 1.012347e-07
6.401100e+04 2.132686e-06
6.438000e+04 3.579127e-06
6.475200e+04 5.752227e-07
6.512600e+04 0.000000e+00
6.550200e+04 2.699192e-06
6.588000e+04 9.638252e-07
6.626000e+04 1.386502e-07
6.664300e+04 8.119126e-07
6.702700e+04 2.826093e-07
6.741400e+04 9.949714e-07
6.780300e+04 1.702447e-06
6.819500e+04 1.218128e-06
6.858900e+04 0.000000e+00
6.898500e+04 6.712645e-07
6.938300e+04 6.794098e-07
6.978300e+04 4.085741e-07
7.018600e+04 1.144649e-06
7.059100e+04 1.401632e-07
7.099900e+04 1.325086e-06
7.140900e+04 1.687904e-06
7.182100e+04 6.383551e-06
7.223600e+04 0.000000e+00
7.265300e+04 8.234176e-07
7.307200e+04 0.000000e+00
7.349400e+04 0.000000e+00
7.391800e+04 2.020135e-07
7.434500e+04 1.067551e-06
7.477400e+04 0.000000e+00
7.520600e+04 1.313997e-06
7.564000e+04 5.778340e-08
7.607700e+04 0.000000e+00
7.651600e+04 0.000000e+00
7.695800e+04 0.000000e+00
7.740200e+04 2.191105e-07
7.784900e+04 0.000000e+00
7.829800e+04 0.000000e+00
7.875000e+04 0.000000e+00
7.920500e+04 0.000000e+00
7.966200e+04 7.605035e-08
8.012200e+04 0.000000e+00
8.058500e+04 1.894935e-06
8.105000e+04 0.000000e+00
8.151800e+04 0.000000e+00
8.198800e+04 3.568583e-07
8.246200e+04 5.248079e-06
8.293800e+04 0.000000e+00
8.341600e+04 5.727763e-08
8.389800e+04 0.000000e+00
8.438200e+04 0.000000e+00
8.487000e+04 0.000000e+00
8.535900e+04 0.000000e+00
8.585200e+04 0.000000e+00
8.634800e+04 0.000000e+00
8.684600e+04 0.000000e+00
8.734800e+04 1.303876e-06
8.785200e+04 9.395608e-07
8.835900e+04 4.711120e-06
8.886900e+04 3.759159e-06
8.938200e+04 0.000000e+00
8.989800e+04 0.000000e+00
9.041700e+04 0.000000e+00
9.093900e+04 0.000000e+00
9.146400e+04 0.000000e+00
9.199200e+04 0.000000e+00
9.252300e+04 5.153450e-08
9.305800e+04 0.000000e+00
9.359500e+04 0.000000e+00
9.413500e+04 0.000000e+00
9.467900e+04 0.000000e+00
9.522500e+04 0.000000e+00
9.577500e+04 3.019965e-08
9.632800e+04 3.154292e-06
9.688400e+04 0.000000e+00
9.744300e+04 4.930949e-07
9.800600e+04 0.000000e+00
9.857200e+04 0.000000e+00
9.914100e+04 0.000000e+00
9.971300e+04 0.000000e+00
