1.002900e+01 1.017787e-04
1.008700e+01 1.227714e-04
1.014500e+01 1.173108e-04
1.020400e+01 2.517111e-04
1.026200e+01 2.643834e-04
1.032200e+01 2.895139e-04
1.038100e+01 2.942848e-04
1.044100e+01 3.285978e-04
1.050200e+01 3.518789e-04
1.056200e+01 3.610454e-04
1.062300e+01 2.433701e-04
1.068400e+01 3.779219e-04
1.074600e+01 4.079316e-04
1.080800e+01 4.220366e-04
1.087100e+01 5.181423e-04
1.093300e+01 6.295348e-04
1.099600e+01 6.336133e-04
1.106000e+01 6.772372e-04
1.112400e+01 6.352485e-04
1.118800e+01 6.658018e-04
1.125300e+01 7.732630e-04
1.131800e+01 6.794720e-04
1.138300e+01 8.270878e-04
1.144900e+01 8.294226e-04
1.151500e+01 1.137225e-03
1.158100e+01 1.218523e-03
1.164800e+01 1.299755e-03
1.171500e+01 1.441971e-03
1.178300e+01 1.537630e-03
1.185100e+01 1.555895e-03
1.191900e+01 1.548188e-03
1.198800e+01 1.884699e-03
1.205700e+01 2.015619e-03
1.212700e+01 1.896319e-03
1.219700e+01 2.108736e-03
1.226700e+01 2.249553e-03
1.233800e+01 2.217727e-03
1.240900e+01 2.317585e-03
1.248100e+01 2.572929e-03
1.255300e+01 2.477115e-03
1.262600e+01 2.536296e-03
1.269800e+01 2.598149e-03
1.277200e+01 2.767069e-03
1.284600e+01 2.732438e-03
1.292000e+01 2.627753e-03
1.299400e+01 2.318109e-03
1.306900e+01 2.409989e-03
1.314500e+01 2.060292e-03
1.322100e+01 2.123397e-03
1.329700e+01 1.726200e-03
1.337400e+01 1.903376e-03
1.345100e+01 1.915292e-03
1.352900e+01 2.866391e-03
1.360700e+01 4.432200e-03
1.368500e+01 5.185718e-03
1.376400e+01 6.063555e-03
1.384400e+01 6.281651e-03
1.392400e+01 6.723871e-03
1.400400e+01 6.990097e-03
1.408500e+01 7.623613e-03
1.416600e+01 8.660599e-03
1.424800e+01 9.420661e-03
1.433000e+01 9.055075e-03
1.441300e+01 9.837830e-03
1.449600e+01 1.042734e-02
1.458000e+01 1.061329e-02
1.466400e+01 1.075196e-02
1.474900e+01 1.119982e-02
1.483400e+01 1.201622e-02
1.491900e+01 1.263102e-02
1.500600e+01 1.295953e-02
1.509200e+01 1.347501e-02
1.517900e+01 1.398483e-02
1.526700e+01 1.452719e-02
1.535500e+01 1.487642e-02
1.544400e+01 1.548565e-02
1.553300e+01 1.596940e-02
1.562300e+01 1.674489e-02
1.571300e+01 1.755055e-02
1.580300e+01 1.850555e-02
1.589500e+01 1.840899e-02
1.598600e+01 2.014025e-02
1.607900e+01 2.049453e-02
1.617200e+01 2.159943e-02
1.626500e+01 2.191569e-02
1.635900e+01 2.227174e-02
1.645300e+01 2.395826e-02
1.654800e+01 2.428475e-02
1.664400e+01 2.590614e-02
1.674000e+01 2.604810e-02
1.683600e+01 2.748777e-02
1.693400e+01 2.834844e-02
1.703100e+01 2.888592e-02
1.713000e+01 3.032458e-02
1.722900e+01 3.148311e-02
1.732800e+01 3.232397e-02
1.742800e+01 3.416874e-02
1.752900e+01 3.479310e-02
1.763000e+01 3.513254e-02
1.773200e+01 3.671448e-02
1.783400e+01 3.716184e-02
1.793700e+01 3.956887e-02
1.804100e+01 4.046336e-02
1.814500e+01 4.214119e-02
1.825000e+01 4.369083e-02
1.835500e+01 4.489360e-02
1.846100e+01 4.686326e-02
1.856700e+01 4.707214e-02
1.867500e+01 4.852787e-02
1.878200e+01 4.986938e-02
1.889100e+01 5.091968e-02
1.900000e+01 5.265683e-02
1.911000e+01 5.491675e-02
1.922000e+01 5.541268e-02
1.933100e+01 5.834283e-02
1.944200e+01 6.101280e-02
1.955500e+01 6.186162e-02
1.966800e+01 6.282411e-02
1.978100e+01 6.532394e-02
1.989500e+01 6.777461e-02
2.001000e+01 6.835256e-02
2.012600e+01 7.053211e-02
2.024200e+01 7.316341e-02
2.035900e+01 7.458229e-02
2.047600e+01 7.627727e-02
2.059500e+01 7.846970e-02
2.071300e+01 8.136572e-02
2.083300e+01 8.292599e-02
2.095300e+01 8.427105e-02
2.107400e+01 8.711231e-02
2.119600e+01 8.887138e-02
2.131800e+01 9.265415e-02
2.144100e+01 9.405688e-02
2.156500e+01 9.677974e-02
2.169000e+01 9.922064e-02
2.181500e+01 1.010676e-01
2.194100e+01 1.042963e-01
2.206700e+01 1.054034e-01
2.219500e+01 1.094213e-01
2.232300e+01 1.114797e-01
2.245200e+01 1.164702e-01
2.258100e+01 1.172438e-01
2.271200e+01 1.192292e-01
2.284300e+01 1.218781e-01
2.297500e+01 1.276629e-01
2.310700e+01 1.287065e-01
2.324100e+01 1.320086e-01
2.337500e+01 1.349922e-01
2.351000e+01 1.364784e-01
2.364600e+01 1.391469e-01
2.378200e+01 1.424009e-01
2.391900e+01 1.468211e-01
2.405800e+01 1.484116e-01
2.419600e+01 1.554423e-01
2.433600e+01 1.554297e-01
2.447700e+01 1.601482e-01
2.461800e+01 1.629685e-01
2.476000e+01 1.659407e-01
2.490300e+01 1.702673e-01
2.504700e+01 1.741147e-01
2.519100e+01 1.762974e-01
2.533700e+01 1.810743e-01
2.548300e+01 1.832581e-01
2.563000e+01 1.869959e-01
2.577800e+01 1.917644e-01
2.592700e+01 1.946683e-01
2.607700e+01 2.009065e-01
2.622700e+01 2.030476e-01
2.637900e+01 2.035696e-01
2.653100e+01 2.108248e-01
2.668400e+01 2.165264e-01
2.683800e+01 2.177076e-01
2.699300e+01 2.204712e-01
2.714900e+01 2.260827e-01
2.730600e+01 2.295750e-01
2.746300e+01 2.335450e-01
2.762200e+01 2.380748e-01
2.778100e+01 2.438018e-01
2.794200e+01 2.487009e-01
2.810300e+01 2.537025e-01
2.826500e+01 2.559482e-01
2.842800e+01 2.612444e-01
2.859200e+01 2.658383e-01
2.875800e+01 2.711363e-01
2.892400e+01 2.755376e-01
2.909100e+01 2.801308e-01
2.925800e+01 2.858194e-01
2.942700e+01 2.893074e-01
2.959700e+01 2.921485e-01
2.976800e+01 2.984346e-01
2.994000e+01 3.027703e-01
3.011300e+01 3.083278e-01
3.028700e+01 3.138840e-01
3.046200e+01 3.183611e-01
3.063700e+01 3.211022e-01
3.081400e+01 3.243634e-01
3.099200e+01 3.311978e-01
3.117100e+01 3.355294e-01
3.135100e+01 3.422034e-01
3.153200e+01 3.483875e-01
3.171400e+01 3.533843e-01
3.189700e+01 3.590345e-01
3.208100e+01 3.629642e-01
3.226600e+01 3.682521e-01
3.245300e+01 3.730330e-01
3.264000e+01 3.760147e-01
3.282900e+01 3.845435e-01
3.301800e+01 3.916398e-01
3.320900e+01 3.949003e-01
3.340000e+01 4.017774e-01
3.359300e+01 4.035407e-01
3.378700e+01 4.103200e-01
3.398200e+01 4.143335e-01
3.417800e+01 4.197222e-01
3.437600e+01 4.260082e-01
3.457400e+01 4.313875e-01
3.477400e+01 4.374672e-01
3.497500e+01 4.428622e-01
3.517600e+01 4.476484e-01
3.538000e+01 4.522866e-01
3.558400e+01 4.595754e-01
3.578900e+01 4.666832e-01
3.599600e+01 4.673504e-01
3.620400e+01 4.743395e-01
3.641300e+01 4.818157e-01
3.662300e+01 4.847345e-01
3.683400e+01 4.901576e-01
3.704700e+01 4.958275e-01
3.726100e+01 5.051133e-01
3.747600e+01 5.073016e-01
3.769200e+01 5.157168e-01
3.791000e+01 5.194844e-01
3.812900e+01 5.223197e-01
3.834900e+01 5.339298e-01
3.857000e+01 5.398178e-01
3.879300e+01 5.434244e-01
3.901700e+01 5.484108e-01
3.924200e+01 5.526415e-01
3.946900e+01 5.556740e-01
3.969600e+01 5.656336e-01
3.992600e+01 5.697518e-01
4.015600e+01 5.741830e-01
4.038800e+01 5.795208e-01
4.062100e+01 5.851069e-01
4.085600e+01 5.937690e-01
4.109100e+01 5.989640e-01
4.132900e+01 6.050083e-01
4.156700e+01 6.090256e-01
4.180700e+01 6.137639e-01
4.204900e+01 6.214937e-01
4.229100e+01 6.236321e-01
4.253600e+01 6.326411e-01
4.278100e+01 6.392236e-01
4.302800e+01 6.411589e-01
4.327600e+01 6.472414e-01
4.352600e+01 6.543140e-01
4.377800e+01 6.575956e-01
4.403000e+01 6.644394e-01
4.428500e+01 6.720995e-01
4.454000e+01 6.741683e-01
4.479700e+01 6.804355e-01
4.505600e+01 6.841392e-01
4.531600e+01 6.930778e-01
4.557800e+01 6.980590e-01
4.584100e+01 7.005510e-01
4.610500e+01 7.069915e-01
4.637200e+01 7.142400e-01
4.663900e+01 7.182599e-01
4.690900e+01 7.217673e-01
4.717900e+01 7.278035e-01
4.745200e+01 7.315257e-01
4.772600e+01 7.353675e-01
4.800100e+01 7.429840e-01
4.827800e+01 7.475077e-01
4.855700e+01 7.540627e-01
4.883700e+01 7.551790e-01
4.911900e+01 7.607801e-01
4.940300e+01 7.664161e-01
4.968800e+01 7.731082e-01
4.997500e+01 7.731810e-01
5.026300e+01 7.816134e-01
5.055400e+01 7.824219e-01
5.084500e+01 7.903852e-01
5.113900e+01 7.951529e-01
5.143400e+01 8.019540e-01
5.173100e+01 8.068170e-01
5.203000e+01 8.026893e-01
5.233000e+01 8.129422e-01
5.263200e+01 8.171652e-01
5.293600e+01 8.233700e-01
5.324200e+01 8.246696e-01
5.354900e+01 8.285785e-01
5.385800e+01 8.366495e-01
5.416900e+01 8.369754e-01
5.448200e+01 8.423190e-01
5.479600e+01 8.443203e-01
5.511300e+01 8.523905e-01
5.543100e+01 8.577678e-01
5.575100e+01 8.589767e-01
5.607300e+01 8.648057e-01
5.639600e+01 8.683965e-01
5.672200e+01 8.723507e-01
5.704900e+01 8.781508e-01
5.737900e+01 8.769880e-01
5.771000e+01 8.829779e-01
5.804300e+01 8.870978e-01
5.837800e+01 8.923523e-01
5.871500e+01 8.948601e-01
5.905400e+01 8.953922e-01
5.939500e+01 9.017377e-01
5.973800e+01 9.056771e-01
6.008300e+01 9.076581e-01
6.043000e+01 9.052231e-01
6.077900e+01 9.132042e-01
6.113000e+01 9.183486e-01
6.148300e+01 9.212666e-01
6.183700e+01 9.262687e-01
6.219400e+01 9.297830e-01
6.255400e+01 9.265860e-01
6.291500e+01 9.315131e-01
6.327800e+01 9.337591e-01
6.364300e+01 9.385276e-01
6.401100e+01 9.390988e-01
6.438000e+01 9.443409e-01
6.475200e+01 9.412221e-01
6.512600e+01 9.487312e-01
6.550200e+01 9.468502e-01
6.588000e+01 9.512913e-01
6.626000e+01 9.551955e-01
6.664300e+01 9.536755e-01
6.702700e+01 9.593958e-01
6.741400e+01 9.609314e-01
6.780300e+01 9.624568e-01
6.819500e+01 9.666556e-01
6.858900e+01 9.673519e-01
6.898500e+01 9.696987e-01
6.938300e+01 9.723267e-01
6.978300e+01 9.681897e-01
7.018600e+01 9.729957e-01
7.059100e+01 9.792341e-01
7.099900e+01 9.794850e-01
7.140900e+01 9.770851e-01
7.182100e+01 9.802844e-01
7.223600e+01 9.836814e-01
7.265300e+01 9.857007e-01
7.307200e+01 9.851076e-01
7.349400e+01 9.887930e-01
7.391800e+01 9.848966e-01
7.434500e+01 9.876341e-01
7.477400e+01 9.868823e-01
7.520600e+01 9.893244e-01
7.564000e+01 9.919173e-01
7.607700e+01 9.906013e-01
7.651600e+01 9.916782e-01
7.695800e+01 9.910608e-01
7.740200e+01 9.945477e-01
7.784900e+01 9.908334e-01
7.829800e+01 9.903051e-01
7.875000e+01 9.990130e-01
7.920500e+01 9.935052e-01
7.966200e+01 9.959184e-01
8.012200e+01 9.957668e-01
8.058500e+01 9.925964e-01
8.105000e+01 9.947118e-01
8.151800e+01 1.000000e+00
8.198800e+01 9.917641e-01
8.246200e+01 9.967178e-01
8.293800e+01 9.976368e-01
8.341600e+01 9.994858e-01
8.389800e+01 9.979213e-01
8.438200e+01 9.979846e-01
8.487000e+01 9.988958e-01
8.535900e+01 9.966100e-01
8.585200e+01 9.960044e-01
8.634800e+01 9.972344e-01
8.684600e+01 9.962130e-01
8.734800e+01 9.939366e-01
8.785200e+01 9.937295e-01
8.835900e+01 9.920291e-01
8.886900e+01 9.923541e-01
8.938200e+01 9.923518e-01
8.989800e+01 9.910710e-01
9.041700e+01 9.894197e-01
9.093900e+01 9.918743e-01
9.146400e+01 9.859946e-01
9.199200e+01 9.907623e-01
9.252300e+01 9.877427e-01
9.305800e+01 9.870300e-01
9.359500e+01 9.859719e-01
9.413500e+01 9.822256e-01
9.467900e+01 9.800781e-01
9.522500e+01 9.795342e-01
9.577500e+01 9.800851e-01
9.632800e+01 9.735927e-01
9.688400e+01 9.781362e-01
9.744300e+01 9.770132e-01
9.800600e+01 9.720712e-01
9.857200e+01 9.709068e-01
9.914100e+01 9.698245e-01
9.971300e+01 9.682178e-01
1.002900e+02 9.658851e-01
1.008700e+02 9.631351e-01
1.014500e+02 9.617129e-01
1.020400e+02 9.592567e-01
1.026200e+02 9.566091e-01
1.032200e+02 9.589293e-01
1.038100e+02 9.501956e-01
1.044100e+02 9.535489e-01
1.050200e+02 9.480255e-01
1.056200e+02 9.474730e-01
1.062300e+02 9.432609e-01
1.068400e+02 9.407563e-01
1.074600e+02 9.406602e-01
1.080800e+02 9.387362e-01
1.087100e+02 9.377907e-01
1.093300e+02 9.335153e-01
1.099600e+02 9.300831e-01
1.106000e+02 9.294126e-01
1.112400e+02 9.249637e-01
1.118800e+02 9.225779e-01
1.125300e+02 9.207336e-01
1.131800e+02 9.191746e-01
1.138300e+02 9.133691e-01
1.144900e+02 9.116928e-01
1.151500e+02 9.087694e-01
1.158100e+02 9.078551e-01
1.164800e+02 9.043924e-01
1.171500e+02 8.999904e-01
1.178300e+02 9.009852e-01
1.185100e+02 8.930478e-01
1.191900e+02 8.919413e-01
1.198800e+02 8.882551e-01
1.205700e+02 8.851222e-01
1.212700e+02 8.814650e-01
1.219700e+02 8.759330e-01
1.226700e+02 8.755391e-01
1.233800e+02 8.714544e-01
1.240900e+02 8.687240e-01
1.248100e+02 8.647877e-01
1.255300e+02 8.640156e-01
1.262600e+02 8.624347e-01
1.269800e+02 8.569340e-01
1.277200e+02 8.528665e-01
1.284600e+02 8.503916e-01
1.292000e+02 8.473438e-01
1.299400e+02 8.464670e-01
1.306900e+02 8.385273e-01
1.314500e+02 8.360399e-01
1.322100e+02 8.326116e-01
1.329700e+02 8.296210e-01
1.337400e+02 8.238452e-01
1.345100e+02 8.227847e-01
1.352900e+02 8.167604e-01
1.360700e+02 8.149412e-01
1.368500e+02 8.136259e-01
1.376400e+02 8.099343e-01
1.384400e+02 8.036677e-01
1.392400e+02 8.012241e-01
1.400400e+02 7.957046e-01
1.408500e+02 7.940348e-01
1.416600e+02 7.917379e-01
1.424800e+02 7.871049e-01
1.433000e+02 7.799016e-01
1.441300e+02 7.783258e-01
1.449600e+02 7.750447e-01
1.458000e+02 7.715867e-01
1.466400e+02 7.636119e-01
1.474900e+02 7.608376e-01
1.483400e+02 7.601120e-01
1.491900e+02 7.573008e-01
1.500600e+02 7.500594e-01
1.509200e+02 7.495817e-01
1.517900e+02 7.420204e-01
1.526700e+02 7.403550e-01
1.535500e+02 7.357411e-01
1.544400e+02 7.337122e-01
1.553300e+02 7.285576e-01
1.562300e+02 7.270462e-01
1.571300e+02 7.213125e-01
1.580300e+02 7.170284e-01
1.589500e+02 7.164090e-01
1.598600e+02 7.083705e-01
1.607900e+02 7.060219e-01
1.617200e+02 7.012993e-01
1.626500e+02 6.993222e-01
1.635900e+02 6.932211e-01
1.645300e+02 6.907875e-01
1.654800e+02 6.866048e-01
1.664400e+02 6.815460e-01
1.674000e+02 6.800424e-01
1.683600e+02 6.740558e-01
1.693400e+02 6.690665e-01
1.703100e+02 6.638770e-01
1.713000e+02 6.595833e-01
1.722900e+02 6.575241e-01
1.732800e+02 6.525625e-01
1.742800e+02 6.491082e-01
1.752900e+02 6.481865e-01
1.763000e+02 6.414011e-01
1.773200e+02 6.361482e-01
1.783400e+02 6.332036e-01
1.793700e+02 6.286572e-01
1.804100e+02 6.255234e-01
1.814500e+02 6.231140e-01
1.825000e+02 6.186290e-01
1.835500e+02 6.161981e-01
1.846100e+02 6.091385e-01
1.856700e+02 6.088633e-01
1.867500e+02 6.021529e-01
1.878200e+02 5.967706e-01
1.889100e+02 5.935762e-01
1.900000e+02 5.872592e-01
1.911000e+02 5.861789e-01
1.922000e+02 5.828682e-01
1.933100e+02 5.764076e-01
1.944200e+02 5.718804e-01
1.955500e+02 5.702190e-01
1.966800e+02 5.653136e-01
1.978100e+02 5.614928e-01
1.989500e+02 5.590499e-01
2.001000e+02 5.568708e-01
2.012600e+02 5.521924e-01
2.024200e+02 5.483432e-01
2.035900e+02 5.431249e-01
2.047600e+02 5.403922e-01
2.059500e+02 5.345685e-01
2.071300e+02 5.311403e-01
2.083300e+02 5.274301e-01
2.095300e+02 5.217268e-01
2.107400e+02 5.193632e-01
2.119600e+02 5.159909e-01
2.131800e+02 5.125728e-01
2.144100e+02 5.079231e-01
2.156500e+02 5.046597e-01
2.169000e+02 5.001461e-01
2.181500e+02 4.967486e-01
2.194100e+02 4.935217e-01
2.206700e+02 4.902236e-01
2.219500e+02 4.866050e-01
2.232300e+02 4.821932e-01
2.245200e+02 4.784600e-01
2.258100e+02 4.758293e-01
2.271200e+02 4.715696e-01
2.284300e+02 4.686979e-01
2.297500e+02 4.628007e-01
2.310700e+02 4.613354e-01
2.324100e+02 4.589280e-01
2.337500e+02 4.529048e-01
2.351000e+02 4.509119e-01
2.364600e+02 4.475503e-01
2.378200e+02 4.442312e-01
2.391900e+02 4.401436e-01
2.405800e+02 4.354311e-01
2.419600e+02 4.343184e-01
2.433600e+02 4.278677e-01
2.447700e+02 4.260441e-01
2.461800e+02 4.223637e-01
2.476000e+02 4.173315e-01
2.490300e+02 4.147949e-01
2.504700e+02 4.123069e-01
2.519100e+02 4.080429e-01
2.533700e+02 4.064061e-01
2.548300e+02 4.011221e-01
2.563000e+02 3.995631e-01
2.577800e+02 3.949396e-01
2.592700e+02 3.906004e-01
2.607700e+02 3.880741e-01
2.622700e+02 3.853497e-01
2.637900e+02 3.817962e-01
2.653100e+02 3.787164e-01
2.668400e+02 3.757798e-01
2.683800e+02 3.700592e-01
2.699300e+02 3.675894e-01
2.714900e+02 3.665203e-01
2.730600e+02 3.631404e-01
2.746300e+02 3.577244e-01
2.762200e+02 3.569452e-01
2.778100e+02 3.518446e-01
2.794200e+02 3.488919e-01
2.810300e+02 3.472821e-01
2.826500e+02 3.441069e-01
2.842800e+02 3.401422e-01
2.859200e+02 3.382552e-01
2.875800e+02 3.350973e-01
2.892400e+02 3.329166e-01
2.909100e+02 3.298738e-01
2.925800e+02 3.261391e-01
2.942700e+02 3.233818e-01
2.959700e+02 3.199290e-01
2.976800e+02 3.173090e-01
2.994000e+02 3.140278e-01
3.011300e+02 3.131942e-01
3.028700e+02 3.069986e-01
3.046200e+02 3.057325e-01
3.063700e+02 3.028919e-01
3.081400e+02 2.992668e-01
3.099200e+02 2.980223e-01
3.117100e+02 2.939987e-01
3.135100e+02 2.905831e-01
3.153200e+02 2.885967e-01
3.171400e+02 2.875720e-01
3.189700e+02 2.826260e-01
3.208100e+02 2.806701e-01
3.226600e+02 2.773160e-01
3.245300e+02 2.757744e-01
3.264000e+02 2.735655e-01
3.282900e+02 2.705138e-01
3.301800e+02 2.676506e-01
3.320900e+02 2.648932e-01
3.340000e+02 2.614753e-01
3.359300e+02 2.598581e-01
3.378700e+02 2.576434e-01
3.398200e+02 2.541879e-01
3.417800e+02 2.526415e-01
3.437600e+02 2.502741e-01
3.457400e+02 2.484048e-01
3.477400e+02 2.443444e-01
3.497500e+02 2.436252e-01
3.517600e+02 2.393342e-01
3.538000e+02 2.381808e-01
3.558400e+02 2.350358e-01
3.578900e+02 2.336207e-01
3.599600e+02 2.303405e-01
3.620400e+02 2.298981e-01
3.641300e+02 2.250483e-01
3.662300e+02 2.225722e-01
3.683400e+02 2.222616e-01
3.704700e+02 2.204188e-01
3.726100e+02 2.160464e-01
3.747600e+02 2.152133e-01
3.769200e+02 2.121574e-01
3.791000e+02 2.110439e-01
3.812900e+02 2.074505e-01
3.834900e+02 2.075716e-01
3.857000e+02 2.044271e-01
3.879300e+02 2.021811e-01
3.901700e+02 2.009283e-01
3.924200e+02 1.973114e-01
3.946900e+02 1.970468e-01
3.969600e+02 1.945592e-01
3.992600e+02 1.927742e-01
4.015600e+02 1.905862e-01
4.038800e+02 1.884382e-01
4.062100e+02 1.850384e-01
4.085600e+02 1.847306e-01
4.109100e+02 1.826068e-01
4.132900e+02 1.796004e-01
4.156700e+02 1.789922e-01
4.180700e+02 1.769256e-01
4.204900e+02 1.751466e-01
4.229100e+02 1.729965e-01
4.253600e+02 1.721271e-01
4.278100e+02 1.692486e-01
4.302800e+02 1.671649e-01
4.327600e+02 1.658646e-01
4.352600e+02 1.636662e-01
4.377800e+02 1.621419e-01
4.403000e+02 1.604764e-01
4.428500e+02 1.576010e-01
4.454000e+02 1.576274e-01
4.479700e+02 1.551091e-01
4.505600e+02 1.529586e-01
4.531600e+02 1.508550e-01
4.557800e+02 1.500740e-01
4.584100e+02 1.480397e-01
4.610500e+02 1.466302e-01
4.637200e+02 1.445469e-01
4.663900e+02 1.436190e-01
4.690900e+02 1.413824e-01
4.717900e+02 1.410048e-01
4.745200e+02 1.393459e-01
4.772600e+02 1.377050e-01
4.800100e+02 1.364619e-01
4.827800e+02 1.333636e-01
4.855700e+02 1.328316e-01
4.883700e+02 1.317306e-01
4.911900e+02 1.290208e-01
4.940300e+02 1.286396e-01
4.968800e+02 1.276439e-01
4.997500e+02 1.256495e-01
5.026300e+02 1.251000e-01
5.055400e+02 1.230423e-01
5.084500e+02 1.227763e-01
5.113900e+02 1.194955e-01
5.143400e+02 1.181060e-01
5.173100e+02 1.173367e-01
5.203000e+02 1.155965e-01
5.233000e+02 1.140060e-01
5.263200e+02 1.126737e-01
5.293600e+02 1.122341e-01
5.324200e+02 1.109142e-01
5.354900e+02 1.092092e-01
5.385800e+02 1.083116e-01
5.416900e+02 1.071264e-01
5.448200e+02 1.053476e-01
5.479600e+02 1.052729e-01
5.511300e+02 1.030681e-01
5.543100e+02 1.023192e-01
5.575100e+02 1.011456e-01
5.607300e+02 9.935529e-02
5.639600e+02 9.921103e-02
5.672200e+02 9.739569e-02
5.704900e+02 9.577204e-02
5.737900e+02 9.556565e-02
5.771000e+02 9.322313e-02
5.804300e+02 9.315874e-02
5.837800e+02 9.217878e-02
5.871500e+02 9.006234e-02
5.905400e+02 8.907253e-02
5.939500e+02 8.854411e-02
5.973800e+02 8.782641e-02
6.008300e+02 8.651128e-02
6.043000e+02 8.628247e-02
6.077900e+02 8.496937e-02
6.113000e+02 8.336260e-02
6.148300e+02 8.272539e-02
6.183700e+02 8.073633e-02
6.219400e+02 8.039944e-02
6.255400e+02 7.923316e-02
6.291500e+02 7.821412e-02
6.327800e+02 7.825658e-02
6.364300e+02 7.628781e-02
6.401100e+02 7.555738e-02
6.438000e+02 7.472383e-02
6.475200e+02 7.477414e-02
6.512600e+02 7.314427e-02
6.550200e+02 7.181229e-02
6.588000e+02 7.152363e-02
6.626000e+02 7.145793e-02
6.664300e+02 6.968491e-02
6.702700e+02 6.823386e-02
6.741400e+02 6.742813e-02
6.780300e+02 6.696853e-02
6.819500e+02 6.649672e-02
6.858900e+02 6.549825e-02
6.898500e+02 6.452358e-02
6.938300e+02 6.351710e-02
6.978300e+02 6.275530e-02
7.018600e+02 6.236771e-02
7.059100e+02 6.184186e-02
7.099900e+02 6.024919e-02
7.140900e+02 5.986267e-02
7.182100e+02 5.926284e-02
7.223600e+02 5.851838e-02
7.265300e+02 5.743039e-02
7.307200e+02 5.715737e-02
7.349400e+02 5.625673e-02
7.391800e+02 5.598708e-02
7.434500e+02 5.517699e-02
7.477400e+02 5.433989e-02
7.520600e+02 5.343719e-02
7.564000e+02 5.293606e-02
7.607700e+02 5.226065e-02
7.651600e+02 5.166022e-02
7.695800e+02 5.098326e-02
7.740200e+02 5.035990e-02
7.784900e+02 4.979504e-02
7.829800e+02 4.848900e-02
7.875000e+02 4.803000e-02
7.920500e+02 4.804110e-02
7.966200e+02 4.723092e-02
8.012200e+02 4.628705e-02
8.058500e+02 4.624067e-02
8.105000e+02 4.563806e-02
8.151800e+02 4.497356e-02
8.198800e+02 4.425254e-02
8.246200e+02 4.337613e-02
8.293800e+02 4.284909e-02
8.341600e+02 4.210741e-02
8.389800e+02 4.167197e-02
8.438200e+02 4.147406e-02
8.487000e+02 4.095282e-02
8.535900e+02 4.009820e-02
8.585200e+02 3.968625e-02
8.634800e+02 3.930875e-02
8.684600e+02 3.866859e-02
8.734800e+02 3.801475e-02
8.785200e+02 3.777139e-02
8.835900e+02 3.744340e-02
8.886900e+02 3.687815e-02
8.938200e+02 3.660166e-02
8.989800e+02 3.561737e-02
9.041700e+02 3.564875e-02
9.093900e+02 3.497944e-02
9.146400e+02 3.454247e-02
9.199200e+02 3.440134e-02
9.252300e+02 3.308015e-02
9.305800e+02 3.291687e-02
9.359500e+02 3.281163e-02
9.413500e+02 3.205271e-02
9.467900e+02 3.191569e-02
9.522500e+02 3.142589e-02
9.577500e+02 3.135361e-02
9.632800e+02 3.058862e-02
9.688400e+02 2.990250e-02
9.744300e+02 2.942615e-02
9.800600e+02 2.923416e-02
9.857200e+02 2.926474e-02
9.914100e+02 2.889698e-02
9.971300e+02 2.812454e-02
1.002900e+03 2.820842e-02
1.008700e+03 2.754244e-02
1.014500e+03 2.765824e-02
1.020400e+03 2.655394e-02
1.026200e+03 2.661631e-02
1.032200e+03 2.586173e-02
1.038100e+03 2.536072e-02
1.044100e+03 2.540444e-02
1.050200e+03 2.515333e-02
1.056200e+03 2.453216e-02
1.062300e+03 2.459857e-02
1.068400e+03 2.393200e-02
1.074600e+03 2.366408e-02
1.080800e+03 2.311848e-02
1.087100e+03 2.290620e-02
1.093300e+03 2.258690e-02
1.099600e+03 2.228123e-02
1.106000e+03 2.202650e-02
1.112400e+03 2.186880e-02
1.118800e+03 2.160734e-02
1.125300e+03 2.123086e-02
1.131800e+03 2.052781e-02
1.138300e+03 2.067287e-02
1.144900e+03 1.997699e-02
1.151500e+03 2.029832e-02
1.158100e+03 2.017432e-02
1.164800e+03 1.972082e-02
1.171500e+03 1.947618e-02
1.178300e+03 1.893105e-02
1.185100e+03 1.879116e-02
1.191900e+03 1.871496e-02
1.198800e+03 1.831575e-02
1.205700e+03 1.806003e-02
1.212700e+03 1.780930e-02
1.219700e+03 1.722606e-02
1.226700e+03 1.725498e-02
1.233800e+03 1.717424e-02
1.240900e+03 1.683174e-02
1.248100e+03 1.694123e-02
1.255300e+03 1.623180e-02
1.262600e+03 1.639614e-02
1.269800e+03 1.630701e-02
1.277200e+03 1.578976e-02
1.284600e+03 1.565604e-02
1.292000e+03 1.490534e-02
1.299400e+03 1.498215e-02
1.306900e+03 1.468443e-02
1.314500e+03 1.472253e-02
1.322100e+03 1.441597e-02
1.329700e+03 1.420056e-02
1.337400e+03 1.410247e-02
1.345100e+03 1.372853e-02
1.352900e+03 1.342793e-02
1.360700e+03 1.347450e-02
1.368500e+03 1.302413e-02
1.376400e+03 1.299170e-02
1.384400e+03 1.271943e-02
1.392400e+03 1.263766e-02
1.400400e+03 1.222784e-02
1.408500e+03 1.236893e-02
1.416600e+03 1.219883e-02
1.424800e+03 1.197254e-02
1.433000e+03 1.168070e-02
1.441300e+03 1.142527e-02
1.449600e+03 1.152090e-02
1.458000e+03 1.124406e-02
1.466400e+03 1.082998e-02
1.474900e+03 1.123153e-02
1.483400e+03 1.097718e-02
1.491900e+03 1.064109e-02
1.500600e+03 1.055999e-02
1.509200e+03 1.048272e-02
1.517900e+03 1.003596e-02
1.526700e+03 1.010930e-02
1.535500e+03 9.913382e-03
1.544400e+03 9.826624e-03
1.553300e+03 9.561238e-03
1.562300e+03 9.450044e-03
1.571300e+03 9.351892e-03
1.580300e+03 9.090382e-03
1.589500e+03 8.907246e-03
1.598600e+03 8.824332e-03
1.607900e+03 9.096821e-03
1.617200e+03 8.769020e-03
1.626500e+03 8.630904e-03
1.635900e+03 8.391556e-03
1.645300e+03 8.373920e-03
1.654800e+03 8.098930e-03
1.664400e+03 8.139297e-03
1.674000e+03 8.104283e-03
1.683600e+03 7.951627e-03
1.693400e+03 7.701139e-03
1.703100e+03 7.695779e-03
1.713000e+03 7.773022e-03
1.722900e+03 7.280791e-03
1.732800e+03 7.484320e-03
1.742800e+03 7.091492e-03
1.752900e+03 7.195031e-03
1.763000e+03 7.034143e-03
1.773200e+03 7.009351e-03
1.783400e+03 6.863468e-03
1.793700e+03 6.903524e-03
1.804100e+03 6.664758e-03
1.814500e+03 6.541138e-03
1.825000e+03 6.431657e-03
1.835500e+03 6.305244e-03
1.846100e+03 6.252587e-03
1.856700e+03 6.217497e-03
1.867500e+03 6.085314e-03
1.878200e+03 6.100017e-03
1.889100e+03 5.840081e-03
1.900000e+03 5.670432e-03
1.911000e+03 5.735523e-03
1.922000e+03 5.694999e-03
1.933100e+03 5.615964e-03
1.944200e+03 5.561089e-03
1.955500e+03 5.268788e-03
1.966800e+03 5.325292e-03
1.978100e+03 5.249495e-03
1.989500e+03 5.251511e-03
2.001000e+03 5.036680e-03
2.012600e+03 5.034038e-03
2.024200e+03 4.909350e-03
2.035900e+03 4.719734e-03
2.047600e+03 4.792822e-03
2.059500e+03 4.824559e-03
2.071300e+03 4.760493e-03
2.083300e+03 4.631348e-03
2.095300e+03 4.608371e-03
2.107400e+03 4.487772e-03
2.119600e+03 4.490941e-03
2.131800e+03 4.277416e-03
2.144100e+03 4.215374e-03
2.156500e+03 4.150332e-03
2.169000e+03 4.128821e-03
2.181500e+03 4.080177e-03
2.194100e+03 4.042867e-03
2.206700e+03 3.966299e-03
2.219500e+03 3.956985e-03
2.232300e+03 3.805189e-03
2.245200e+03 3.857121e-03
2.258100e+03 3.775344e-03
2.271200e+03 3.673531e-03
2.284300e+03 3.550220e-03
2.297500e+03 3.515340e-03
2.310700e+03 3.488051e-03
2.324100e+03 3.459702e-03
2.337500e+03 3.570870e-03
2.351000e+03 3.385771e-03
2.364600e+03 3.268304e-03
2.378200e+03 3.179705e-03
2.391900e+03 3.114836e-03
2.405800e+03 3.139812e-03
2.419600e+03 3.148182e-03
2.433600e+03 3.044182e-03
2.447700e+03 3.089416e-03
2.461800e+03 2.937150e-03
2.476000e+03 2.854510e-03
2.490300e+03 3.008764e-03
2.504700e+03 2.886127e-03
2.519100e+03 2.715429e-03
2.533700e+03 2.634479e-03
2.548300e+03 2.726979e-03
2.563000e+03 2.582354e-03
2.577800e+03 2.568912e-03
2.592700e+03 2.678612e-03
2.607700e+03 2.606788e-03
2.622700e+03 2.543798e-03
2.637900e+03 2.487234e-03
2.653100e+03 2.352156e-03
2.668400e+03 2.485427e-03
2.683800e+03 2.395593e-03
2.699300e+03 2.297782e-03
2.714900e+03 2.309009e-03
2.730600e+03 2.316212e-03
2.746300e+03 2.111303e-03
2.762200e+03 2.201079e-03
2.778100e+03 2.155756e-03
2.794200e+03 2.114289e-03
2.810300e+03 1.996679e-03
2.826500e+03 2.092246e-03
2.842800e+03 2.021168e-03
2.859200e+03 2.032385e-03
2.875800e+03 1.915660e-03
2.892400e+03 1.939195e-03
2.909100e+03 1.880473e-03
2.925800e+03 1.857350e-03
2.942700e+03 1.824568e-03
2.959700e+03 1.761953e-03
2.976800e+03 1.679340e-03
2.994000e+03 1.859717e-03
3.011300e+03 1.724557e-03
3.028700e+03 1.762308e-03
3.046200e+03 1.656401e-03
3.063700e+03 1.635624e-03
3.081400e+03 1.690140e-03
3.099200e+03 1.622547e-03
3.117100e+03 1.683555e-03
3.135100e+03 1.610016e-03
3.153200e+03 1.587722e-03
3.171400e+03 1.452247e-03
3.189700e+03 1.480083e-03
3.208100e+03 1.422065e-03
3.226600e+03 1.396087e-03
3.245300e+03 1.362387e-03
3.264000e+03 1.337724e-03
3.282900e+03 1.403336e-03
3.301800e+03 1.346557e-03
3.320900e+03 1.324301e-03
3.340000e+03 1.245546e-03
3.359300e+03 1.345040e-03
3.378700e+03 1.221644e-03
3.398200e+03 1.321793e-03
3.417800e+03 1.215427e-03
3.437600e+03 1.245868e-03
3.457400e+03 1.224799e-03
3.477400e+03 1.150792e-03
3.497500e+03 1.139206e-03
3.517600e+03 1.128747e-03
3.538000e+03 1.106257e-03
3.558400e+03 1.116313e-03
3.578900e+03 1.098578e-03
3.599600e+03 1.082977e-03
3.620400e+03 1.039970e-03
3.641300e+03 1.040729e-03
3.662300e+03 1.009742e-03
3.683400e+03 9.863061e-04
3.704700e+03 9.644636e-04
3.726100e+03 1.004551e-03
3.747600e+03 9.464884e-04
3.769200e+03 9.940706e-04
3.791000e+03 8.820009e-04
3.812900e+03 9.573895e-04
3.834900e+03 8.544406e-04
3.857000e+03 9.299885e-04
3.879300e+03 8.767387e-04
3.901700e+03 8.800552e-04
3.924200e+03 8.733394e-04
3.946900e+03 7.964882e-04
3.969600e+03 7.748246e-04
3.992600e+03 8.200294e-04
4.015600e+03 8.359777e-04
4.038800e+03 7.610463e-04
4.062100e+03 7.573451e-04
4.085600e+03 7.187186e-04
4.109100e+03 7.176076e-04
4.132900e+03 7.101104e-04
4.156700e+03 7.454078e-04
4.180700e+03 7.082778e-04
4.204900e+03 7.073262e-04
4.229100e+03 6.670496e-04
4.253600e+03 6.531979e-04
4.278100e+03 6.342118e-04
4.302800e+03 6.342460e-04
4.327600e+03 6.528182e-04
4.352600e+03 6.627943e-04
4.377800e+03 6.320840e-04
4.403000e+03 6.166219e-04
4.428500e+03 6.442785e-04
4.454000e+03 6.124459e-04
4.479700e+03 5.750977e-04
4.505600e+03 5.934579e-04
4.531600e+03 6.112833e-04
4.557800e+03 5.683983e-04
4.584100e+03 5.478071e-04
4.610500e+03 5.280745e-04
4.637200e+03 5.301777e-04
4.663900e+03 5.358386e-04
4.690900e+03 5.453899e-04
4.717900e+03 5.783142e-04
4.745200e+03 4.611216e-04
4.772600e+03 4.857815e-04
4.800100e+03 4.890769e-04
4.827800e+03 5.005981e-04
4.855700e+03 4.853406e-04
4.883700e+03 4.133277e-04
4.911900e+03 4.347733e-04
4.940300e+03 4.848879e-04
4.968800e+03 3.926164e-04
4.997500e+03 3.990402e-04
5.026300e+03 4.330467e-04
5.055400e+03 4.443822e-04
5.084500e+03 4.037273e-04
5.113900e+03 3.861231e-04
5.143400e+03 4.005617e-04
5.173100e+03 3.586130e-04
5.203000e+03 3.822297e-04
5.233000e+03 4.008623e-04
5.263200e+03 3.800504e-04
5.293600e+03 3.329190e-04
5.324200e+03 3.919531e-04
5.354900e+03 3.839208e-04
5.385800e+03 3.326371e-04
5.416900e+03 3.509289e-04
5.448200e+03 3.512286e-04
5.479600e+03 3.323433e-04
5.511300e+03 3.125863e-04
5.543100e+03 3.127241e-04
5.575100e+03 3.166033e-04
5.607300e+03 3.107018e-04
5.639600e+03 2.987064e-04
5.672200e+03 2.839321e-04
5.704900e+03 3.136088e-04
5.737900e+03 2.626473e-04
5.771000e+03 3.320487e-04
5.804300e+03 3.117566e-04
5.837800e+03 2.938676e-04
5.871500e+03 2.916976e-04
5.905400e+03 2.853251e-04
5.939500e+03 2.647831e-04
5.973800e+03 2.547083e-04
6.008300e+03 2.580684e-04
6.043000e+03 2.836894e-04
6.077900e+03 2.415585e-04
6.113000e+03 2.632853e-04
6.148300e+03 2.227371e-04
6.183700e+03 2.629495e-04
6.219400e+03 2.527494e-04
6.255400e+03 2.105099e-04
6.291500e+03 2.501445e-04
6.327800e+03 2.032478e-04
6.364300e+03 2.242086e-04
6.401100e+03 2.350993e-04
6.438000e+03 2.038242e-04
6.475200e+03 1.834763e-04
6.512600e+03 2.122389e-04
6.550200e+03 2.065680e-04
6.588000e+03 1.971733e-04
6.626000e+03 1.992710e-04
6.664300e+03 2.250225e-04
6.702700e+03 1.716485e-04
6.741400e+03 1.748496e-04
6.780300e+03 1.791312e-04
6.819500e+03 1.633886e-04
6.858900e+03 1.872041e-04
6.898500e+03 1.808013e-04
6.938300e+03 1.643135e-04
6.978300e+03 1.899902e-04
7.018600e+03 1.469390e-04
7.059100e+03 1.655707e-04
7.099900e+03 1.802068e-04
7.140900e+03 1.600052e-04
7.182100e+03 1.856932e-04
7.223600e+03 1.407739e-04
7.265300e+03 1.593425e-04
7.307200e+03 1.576962e-04
7.349400e+03 1.578676e-04
7.391800e+03 1.445767e-04
7.434500e+03 1.390282e-04
7.477400e+03 1.513485e-04
7.520600e+03 1.185623e-04
7.564000e+03 1.246124e-04
7.607700e+03 1.246398e-04
7.651600e+03 1.514296e-04
7.695800e+03 1.186745e-04
7.740200e+03 1.052642e-04
7.784900e+03 1.373809e-04
7.829800e+03 1.482419e-04
7.875000e+03 1.190486e-04
7.920500e+03 1.130119e-04
7.966200e+03 1.235921e-04
8.012200e+03 1.118715e-04
8.058500e+03 1.212547e-04
8.105000e+03 1.006465e-04
8.151800e+03 1.113569e-04
8.198800e+03 9.550753e-05
8.246200e+03 9.799951e-05
8.293800e+03 1.033062e-04
8.341600e+03 1.037747e-04
8.389800e+03 9.532075e-05
8.438200e+03 9.697240e-05
8.487000e+03 8.509437e-05
8.535900e+03 1.168067e-04
8.585200e+03 7.921136e-05
8.634800e+03 8.060529e-05
8.684600e+03 1.007779e-04
8.734800e+03 7.528681e-05
8.785200e+03 8.366236e-05
8.835900e+03 8.823976e-05
8.886900e+03 8.176774e-05
8.938200e+03 9.657284e-05
8.989800e+03 1.055501e-04
9.041700e+03 8.399276e-05
9.093900e+03 9.286542e-05
9.146400e+03 8.010631e-05
9.199200e+03 1.040803e-04
9.252300e+03 7.883877e-05
9.305800e+03 7.783660e-05
9.359500e+03 6.493347e-05
9.413500e+03 7.784337e-05
9.467900e+03 8.223273e-05
9.522500e+03 5.840803e-05
9.577500e+03 7.012211e-05
9.632800e+03 6.428701e-05
9.688400e+03 7.152793e-05
9.744300e+03 6.391385e-05
9.800600e+03 6.021013e-05
9.857200e+03 5.039974e-05
9.914100e+03 6.053641e-05
9.971300e+03 6.484803e-05
1.002900e+04 5.819028e-05
1.008700e+04 6.467691e-05
1.014500e+04 5.730974e-05
1.020400e+04 5.680005e-05
1.026200e+04 4.523535e-05
1.032200e+04 5.665623e-05
1.038100e+04 6.488017e-05
1.044100e+04 5.802614e-05
1.050200e+04 5.099902e-05
1.056200e+04 4.829930e-05
1.062300e+04 4.110742e-05
1.068400e+04 5.756834e-05
1.074600e+04 5.031815e-05
1.080800e+04 6.555867e-05
1.087100e+04 5.199879e-05
1.093300e+04 3.768878e-05
1.099600e+04 3.310607e-05
1.106000e+04 4.375152e-05
1.112400e+04 5.573096e-05
1.118800e+04 4.442093e-05
1.125300e+04 3.895383e-05
1.131800e+04 4.104637e-05
1.138300e+04 4.217128e-05
1.144900e+04 3.944833e-05
1.151500e+04 3.987188e-05
1.158100e+04 3.080282e-05
1.164800e+04 3.892488e-05
1.171500e+04 3.456240e-05
1.178300e+04 2.665017e-05
1.185100e+04 2.315525e-05
1.191900e+04 3.388267e-05
1.198800e+04 3.996981e-05
1.205700e+04 4.797760e-05
1.212700e+04 3.273418e-05
1.219700e+04 2.923899e-05
1.226700e+04 3.179112e-05
1.233800e+04 3.576255e-05
1.240900e+04 2.733288e-05
1.248100e+04 3.460896e-05
1.255300e+04 3.015454e-05
1.262600e+04 2.634184e-05
1.269800e+04 4.054985e-05
1.277200e+04 2.541474e-05
1.284600e+04 2.223187e-05
1.292000e+04 3.524543e-05
1.299400e+04 3.075764e-05
1.306900e+04 3.310511e-05
1.314500e+04 2.637015e-05
1.322100e+04 2.259501e-05
1.329700e+04 1.612711e-05
1.337400e+04 3.062050e-05
1.345100e+04 2.264864e-05
1.352900e+04 2.951406e-05
1.360700e+04 2.759844e-05
1.368500e+04 1.622431e-05
1.376400e+04 2.179129e-05
1.384400e+04 2.298517e-05
1.392400e+04 1.864515e-05
1.400400e+04 1.729510e-05
1.408500e+04 2.830489e-05
1.416600e+04 2.235913e-05
1.424800e+04 2.657736e-05
1.433000e+04 1.615285e-05
1.441300e+04 1.734026e-05
1.449600e+04 2.408425e-05
1.458000e+04 2.537049e-05
1.466400e+04 3.245911e-05
1.474900e+04 1.542589e-05
1.483400e+04 2.333885e-05
1.491900e+04 2.043331e-05
1.500600e+04 1.734426e-05
1.509200e+04 2.533615e-05
1.517900e+04 1.281426e-05
1.526700e+04 1.778792e-05
1.535500e+04 1.785405e-05
1.544400e+04 1.893880e-05
1.553300e+04 2.049686e-05
1.562300e+04 1.602332e-05
1.571300e+04 1.941125e-05
1.580300e+04 1.433388e-05
1.589500e+04 1.922151e-05
1.598600e+04 1.011837e-05
1.607900e+04 1.079861e-05
1.617200e+04 1.160935e-05
1.626500e+04 2.277249e-05
1.635900e+04 1.476239e-05
1.645300e+04 6.109465e-06
1.654800e+04 1.623741e-05
1.664400e+04 1.175575e-05
1.674000e+04 1.788465e-05
1.683600e+04 1.415277e-05
1.693400e+04 9.205507e-06
1.703100e+04 1.748138e-05
1.713000e+04 5.566337e-06
1.722900e+04 1.457245e-05
1.732800e+04 1.162537e-05
1.742800e+04 1.012539e-05
1.752900e+04 1.454439e-05
1.763000e+04 1.988265e-05
1.773200e+04 1.014201e-05
1.783400e+04 1.009968e-05
1.793700e+04 8.097071e-06
1.804100e+04 1.125078e-05
1.814500e+04 1.268287e-05
1.825000e+04 8.742430e-06
1.835500e+04 9.184993e-06
1.846100e+04 9.488109e-06
1.856700e+04 6.554260e-06
1.867500e+04 7.306076e-06
1.878200e+04 1.211865e-05
1.889100e+04 1.006091e-05
1.900000e+04 5.752473e-06
1.911000e+04 4.331909e-06
1.922000e+04 1.502821e-05
1.933100e+04 1.402911e-05
1.944200e+04 7.450778e-06
1.955500e+04 1.331136e-05
1.966800e+04 2.485326e-06
1.978100e+04 4.656755e-06
1.989500e+04 8.264526e-06
2.001000e+04 1.501448e-05
2.012600e+04 6.639236e-06
2.024200e+04 5.535707e-06
2.035900e+04 3.928755e-06
2.047600e+04 6.716855e-06
2.059500e+04 6.587956e-06
2.071300e+04 4.767161e-06
2.083300e+04 4.821602e-06
2.095300e+04 9.704844e-06
2.107400e+04 7.149013e-06
2.119600e+04 4.389796e-06
2.131800e+04 6.235562e-06
2.144100e+04 7.107856e-06
2.156500e+04 4.925017e-06
2.169000e+04 6.471656e-06
2.181500e+04 1.040069e-05
2.194100e+04 3.477697e-06
2.206700e+04 4.386286e-06
2.219500e+04 7.369535e-06
2.232300e+04 4.632876e-06
2.245200e+04 6.237090e-06
2.258100e+04 3.826743e-06
2.271200e+04 2.711119e-06
2.284300e+04 2.973776e-06
2.297500e+04 6.553863e-06
2.310700e+04 5.849487e-06
2.324100e+04 5.651238e-06
2.337500e+04 6.367334e-06
2.351000e+04 7.841450e-06
2.364600e+04 7.319489e-06
2.378200e+04 2.658422e-06
2.391900e+04 4.005733e-06
2.405800e+04 3.076525e-06
2.419600e+04 4.925691e-06
2.433600e+04 2.269422e-06
2.447700e+04 3.506219e-06
2.461800e+04 3.754597e-06
2.476000e+04 7.751279e-06
2.490300e+04 4.563373e-06
2.504700e+04 3.582102e-06
2.519100e+04 4.105786e-06
2.533700e+04 2.952750e-06
2.548300e+04 2.270937e-06
2.563000e+04 6.311214e-06
2.577800e+04 4.755706e-06
2.592700e+04 5.669454e-06
2.607700e+04 3.545170e-06
2.622700e+04 1.300236e-06
2.637900e+04 9.589440e-06
2.653100e+04 2.646356e-06
2.668400e+04 1.649415e-06
2.683800e+04 8.383548e-06
2.699300e+04 6.200318e-06
2.714900e+04 4.839114e-06
2.730600e+04 1.439115e-06
2.746300e+04 2.402066e-06
2.762200e+04 8.991545e-07
2.778100e+04 2.326762e-06
2.794200e+04 3.120160e-07
2.810300e+04 1.738998e-06
2.826500e+04 4.054035e-06
2.842800e+04 3.677109e-06
2.859200e+04 3.888871e-06
2.875800e+04 6.120343e-06
2.892400e+04 2.017831e-06
2.909100e+04 1.030280e-06
2.925800e+04 7.487449e-06
2.942700e+04 7.002002e-07
2.959700e+04 3.284835e-06
2.976800e+04 1.109055e-06
2.994000e+04 3.274077e-06
3.011300e+04 1.362247e-06
3.028700e+04 1.755457e-06
3.046200e+04 1.464083e-06
3.063700e+04 2.831722e-06
3.081400e+04 1.585465e-06
3.099200e+04 1.074449e-06
3.117100e+04 1.425574e-06
3.135100e+04 2.263575e-06
3.153200e+04 3.479561e-06
3.171400e+04 1.758052e-06
3.189700e+04 3.954370e-07
3.208100e+04 1.889398e-06
3.226600e+04 1.440224e-06
3.245300e+04 8.728266e-07
3.264000e+04 2.130105e-06
3.282900e+04 8.827767e-07
3.301800e+04 1.493263e-07
3.320900e+04 2.902801e-06
3.340000e+04 1.575549e-06
3.359300e+04 1.554686e-06
3.378700e+04 2.979898e-06
3.398200e+04 1.982105e-06
3.417800e+04 9.911236e-07
3.437600e+04 1.310972e-07
3.457400e+04 4.628796e-07
3.477400e+04 2.285921e-06
3.497500e+04 1.101958e-06
3.517600e+04 1.373450e-06
3.538000e+04 1.375469e-06
3.558400e+04 2.489909e-07
3.578900e+04 2.846510e-06
3.599600e+04 1.403245e-06
3.620400e+04 3.473838e-06
3.641300e+04 9.290354e-07
3.662300e+04 7.490081e-07
3.683400e+04 8.848915e-07
3.704700e+04 1.631269e-06
3.726100e+04 5.827511e-07
3.747600e+04 1.423348e-06
3.769200e+04 2.036240e-07
3.791000e+04 1.819703e-06
3.812900e+04 2.785495e-07
3.834900e+04 1.307178e-06
3.857000e+04 4.131600e-06
3.879300e+04 4.885490e-06
3.901700e+04 4.347752e-06
3.924200e+04 2.886103e-06
3.946900e+04 2.093548e-07
3.969600e+04 3.466062e-06
3.992600e+04 7.811154e-08
4.015600e+04 6.710546e-07
4.038800e+04 3.605042e-07
4.062100e+04 1.653622e-06
4.085600e+04 1.562729e-07
4.109100e+04 6.663893e-07
4.132900e+04 3.961585e-07
4.156700e+04 3.267204e-07
4.180700e+04 5.915983e-07
4.204900e+04 5.858248e-08
4.229100e+04 2.035216e-06
4.253600e+04 2.130040e-07
4.278100e+04 1.411609e-07
4.302800e+04 9.816457e-07
4.327600e+04 1.248968e-07
4.352600e+04 1.641598e-06
4.377800e+04 7.853957e-07
4.403000e+04 1.127741e-06
4.428500e+04 9.631898e-07
4.454000e+04 1.003893e-07
4.479700e+04 0.000000e+00
4.505600e+04 9.678456e-07
4.531600e+04 1.356141e-06
4.557800e+04 1.299228e-06
4.584100e+04 2.352868e-07
4.610500e+04 5.360509e-07
4.637200e+04 1.148568e-07
4.663900e+04 9.058850e-07
4.690900e+04 6.742326e-08
4.717900e+04 0.000000e+00
4.745200e+04 6.787684e-07
4.772600e+04 1.233426e-07
4.800100e+04 9.757199e-07
4.827800e+04 0.000000e+00
4.855700e+04 7.318057e-08
4.883700e+04 5.764519e-08
4.911900e+04 1.023713e-07
4.940300e+04 0.000000e+00
4.968800e+04 4.571502e-07
4.997500e+04 6.531739e-07
5.026300e+04 3.537788e-07
5.055400e+04 1.759685e-07
5.084500e+04 2.874966e-07
5.113900e+04 1.189500e-06
5.143400e+04 8.905229e-07
5.173100e+04 0.000000e+00
5.203000e+04 4.803279e-07
5.233000e+04 0.000000e+00
5.263200e+04 9.341795e-08
5.293600e+04 4.797886e-07
5.324200e+04 4.238692e-07
5.354900e+04 1.140174e-08
5.385800e+04 4.971754e-07
5.416900e+04 1.771758e-07
5.448200e+04 8.759213e-07
5.479600e+04 1.878329e-07
5.511300e+04 1.715609e-07
5.543100e+04 2.140919e-07
5.575100e+04 2.139957e-07
5.607300e+04 4.715347e-07
5.639600e+04 5.680090e-07
5.672200e+04 2.055319e-06
5.704900e+04 2.189164e-06
5.737900e+04 1.478283e-08
5.771000e+04 1.248199e-07
5.804300e+04 1.244773e-07
5.837800e+04 4.444804e-08
5.871500e+04 1.275517e-07
5.905400e+04 1.165743e-08
5.939500e+04 1.803559e-06
5.973800e+04 0.000000e+00
6.008300e+04 0.000000e+00
6.043000e+04 1.542355e-06
6.077900e+04 0.000000e+00
6.113000e+04 0.000000e+00
6.148300e+04 8.413180e-09
6.183700e+04 9.072819e-07
6.219400e+04 7.700225e-07
6.255400e+04 1.015505e-06
6.291500e+04 0.000000e+00
6.327800e+04 0.000000e+00
6.364300e+04 1.184733e-07
6.401100e+04 0.000000e+00
6.438000e+04 1.042842e-06
6.475200e+04 0.000000e+00
6.512600e+04 0.000000e+00
6.550200e+04 9.121187e-07
6.588000e+04 1.784187e-07
6.626000e+04 0.000000e+00
6.664300e+04 0.000000e+00
6.702700e+04 2.108832e-08
6.741400e+04 7.398478e-07
6.780300e+04 4.324224e-08
6.819500e+04 1.411772e-08
6.858900e+04 0.000000e+00
6.898500e+04 0.000000e+00
6.938300e+04 0.000000e+00
6.978300e+04 8.420213e-09
7.018600e+04 0.000000e+00
7.059100e+04 0.000000e+00
7.099900e+04 4.820064e-07
7.140900e+04 0.000000e+00
7.182100e+04 0.000000e+00
7.223600e+04 1.754398e-07
7.265300e+04 0.000000e+00
7.307200e+04 0.000000e+00
7.349400e+04 0.000000e+00
7.391800e+04 0.000000e+00
7.434500e+04 1.666764e-07
7.477400e+04 0.000000e+00
7.520600e+04 0.000000e+00
7.564000e+04 6.667870e-07
7.607700e+04 4.896608e-08
7.651600e+04 4.841343e-07
7.695800e+04 1.519974e-08
7.740200e+04 2.276980e-07
7.784900e+04 0.000000e+00
7.829800e+04 0.000000e+00
7.875000e+04 0.000000e+00
7.920500e+04 0.000000e+00
7.966200e+04 0.000000e+00
8.012200e+04 0.000000e+00
8.058500e+04 0.000000e+00
8.105000e+04 0.000000e+00
8.151800e+04 2.221722e-07
8.198800e+04 0.000000e+00
8.246200e+04 6.147039e-07
8.293800e+04 5.697618e-08
8.341600e+04 0.000000e+00
8.389800e+04 0.000000e+00
8.438200e+04 0.000000e+00
8.487000e+04 7.538368e-08
8.535900e+04 0.000000e+00
8.585200e+04 0.000000e+00
8.634800e+04 1.807561e-08
8.684600e+04 1.055700e-07
8.734800e+04 0.000000e+00
8.785200e+04 0.000000e+00
8.835900e+04 0.000000e+00
8.886900e+04 0.000000e+00
8.938200e+04 0.000000e+00
8.989800e+04 0.000000e+00
9.041700e+04 0.000000e+00
9.093900e+04 1.249071e-07
9.146400e+04 1.729289e-06
9.199200e+04 9.115342e-08
9.252300e+04 0.000000e+00
9.305800e+04 0.000000e+00
9.359500e+04 5.684630e-07
9.413500e+04 0.000000e+00
9.467900e+04 7.588468e-09
9.522500e+04 0.000000e+00
9.577500e+04 0.000000e+00
9.632800e+04 0.000000e+00
9.688400e+04 0.000000e+00
9.744300e+04 0.000000e+00
9.800600e+04 0.000000e+00
9.857200e+04 8.513207e-09
9.914100e+04 0.000000e+00
9.971300e+04 0.000000e+00
