r_in (cm)    r_out (cm)   rho (g/cc)   T_init (K)   v_in (cm/s)  v_out (cm/s)

3.549527e+12 3.726115e+12 1.316740e-11 7.493253e+05 5.141503e+06 2.428399e+08 
3.726115e+12 3.911487e+12 1.276289e-11 7.380420e+05 2.428399e+08 6.682888e+08 
3.911487e+12 4.106082e+12 1.229874e-11 7.269287e+05 6.682888e+08 1.225650e+09 
4.106082e+12 4.310358e+12 1.176952e-11 7.159827e+05 1.225650e+09 1.816060e+09 
4.310358e+12 4.524796e+12 1.110736e-11 7.052015e+05 1.816060e+09 2.403568e+09 
4.524796e+12 4.749903e+12 1.045315e-11 6.945827e+05 2.403568e+09 2.983625e+09 
4.749903e+12 4.986209e+12 9.818245e-12 6.841238e+05 2.983625e+09 3.546728e+09 
4.986209e+12 5.234270e+12 9.293245e-12 6.738223e+05 3.546728e+09 4.072442e+09 
5.234270e+12 5.494673e+12 8.687266e-12 6.636760e+05 4.072442e+09 4.598187e+09 
5.494673e+12 5.768031e+12 8.263254e-12 6.536825e+05 4.598187e+09 5.115344e+09 
5.768031e+12 6.054988e+12 7.835654e-12 6.438394e+05 5.115344e+09 5.619320e+09 
6.054988e+12 6.356221e+12 7.484231e-12 6.341446e+05 5.619320e+09 6.049604e+09 
6.356221e+12 6.672440e+12 7.132680e-12 6.245957e+05 6.049604e+09 6.451316e+09 
6.672440e+12 7.004391e+12 6.776409e-12 6.151906e+05 6.451316e+09 6.810874e+09 
7.004391e+12 7.352856e+12 6.507874e-12 6.059272e+05 6.810874e+09 7.109537e+09 
7.352856e+12 7.718658e+12 6.222412e-12 5.968032e+05 7.109537e+09 7.361002e+09 
7.718658e+12 8.102657e+12 5.965675e-12 5.878166e+05 7.361002e+09 7.592773e+09 
8.102657e+12 8.505761e+12 5.743757e-12 5.789654e+05 7.592773e+09 7.798057e+09 
8.505761e+12 8.928919e+12 5.533359e-12 5.702474e+05 7.798057e+09 7.948812e+09 
8.928919e+12 9.373129e+12 5.366103e-12 5.616607e+05 7.948812e+09 8.074110e+09 
9.373129e+12 9.839438e+12 5.173907e-12 5.532033e+05 8.074110e+09 8.172708e+09 
9.839438e+12 1.032895e+13 5.040361e-12 5.448732e+05 8.172708e+09 8.238963e+09 
1.032895e+13 1.084281e+13 4.877017e-12 5.366686e+05 8.238963e+09 8.257429e+09 
1.084281e+13 1.138223e+13 4.742615e-12 5.285875e+05 8.257429e+09 8.243229e+09 
1.138223e+13 1.194849e+13 4.582576e-12 5.206281e+05 8.243229e+09 8.197091e+09 
1.194849e+13 1.254292e+13 4.460123e-12 5.127886e+05 8.197091e+09 8.125506e+09 
1.254292e+13 1.316693e+13 4.323993e-12 5.050671e+05 8.125506e+09 8.005129e+09 
1.316693e+13 1.382198e+13 4.209487e-12 4.974618e+05 8.005129e+09 7.866305e+09 
1.382198e+13 1.450962e+13 4.066843e-12 4.899711e+05 7.866305e+09 7.697627e+09 
1.450962e+13 1.523146e+13 3.947823e-12 4.825932e+05 7.697627e+09 7.512886e+09 
1.523146e+13 1.598922e+13 3.816396e-12 4.753264e+05 7.512886e+09 7.289727e+09 
1.598922e+13 1.678468e+13 3.688285e-12 4.681690e+05 7.289727e+09 7.063053e+09 
1.678468e+13 1.761971e+13 3.548976e-12 4.611194e+05 7.063053e+09 6.810636e+09 
1.761971e+13 1.849628e+13 3.423275e-12 4.541759e+05 6.810636e+09 6.545265e+09 
1.849628e+13 1.941646e+13 3.292792e-12 4.473370e+05 6.545265e+09 6.284563e+09 
1.941646e+13 2.038242e+13 3.167885e-12 4.406010e+05 6.284563e+09 5.999752e+09 
2.038242e+13 2.139644e+13 3.054532e-12 4.339665e+05 5.999752e+09 5.711350e+09 
2.139644e+13 2.246090e+13 2.939829e-12 4.274319e+05 5.711350e+09 5.447373e+09 
2.246090e+13 2.357832e+13 2.837841e-12 4.209957e+05 5.447373e+09 5.164060e+09 
2.357832e+13 2.475134e+13 2.727662e-12 4.146564e+05 5.164060e+09 4.860704e+09 
2.475134e+13 2.598270e+13 2.635136e-12 4.084126e+05 4.860704e+09 4.600254e+09 
2.598270e+13 2.727533e+13 2.534282e-12 4.022627e+05 4.600254e+09 4.342599e+09 
2.727533e+13 2.863227e+13 2.442275e-12 3.962055e+05 4.342599e+09 4.067830e+09 
2.863227e+13 3.005671e+13 2.353076e-12 3.902395e+05 4.067830e+09 3.828471e+09 
3.005671e+13 3.155202e+13 2.251504e-12 3.843633e+05 3.828471e+09 3.592542e+09 
3.155202e+13 3.312172e+13 2.159240e-12 3.785757e+05 3.592542e+09 3.375084e+09 
3.312172e+13 3.476951e+13 2.055653e-12 3.728751e+05 3.375084e+09 3.185446e+09 
3.476951e+13 3.649928e+13 1.956298e-12 3.672604e+05 3.185446e+09 3.009801e+09 
3.649928e+13 3.831510e+13 1.849351e-12 3.617303e+05 3.009801e+09 2.841098e+09 
3.831510e+13 4.022126e+13 1.740921e-12 3.562834e+05 2.841098e+09 2.704856e+09 
4.022126e+13 4.222225e+13 1.627623e-12 3.509185e+05 2.704856e+09 2.600032e+09 
4.222225e+13 4.432279e+13 1.514588e-12 3.456344e+05 2.600032e+09 2.496921e+09 
4.432279e+13 4.652783e+13 1.407940e-12 3.404299e+05 2.496921e+09 2.408456e+09 
4.652783e+13 4.884257e+13 1.300668e-12 3.353038e+05 2.408456e+09 2.353084e+09 
4.884257e+13 5.127247e+13 1.199383e-12 3.302548e+05 2.353084e+09 2.299913e+09 
5.127247e+13 5.382325e+13 1.108395e-12 3.252819e+05 2.299913e+09 2.242723e+09 
5.382325e+13 5.650093e+13 1.022992e-12 3.203838e+05 2.242723e+09 2.210925e+09 
5.650093e+13 5.931183e+13 9.456022e-13 3.155595e+05 2.210925e+09 2.184947e+09 
5.931183e+13 6.226257e+13 8.741026e-13 3.108079e+05 2.184947e+09 2.165054e+09 
6.226257e+13 6.536010e+13 8.068736e-13 3.061278e+05 2.165054e+09 2.152639e+09 
6.536010e+13 6.861174e+13 7.460879e-13 3.015181e+05 2.152639e+09 2.148777e+09 
6.861174e+13 7.202514e+13 6.864555e-13 2.969779e+05 2.148777e+09 2.149353e+09 
7.202514e+13 7.560836e+13 6.327601e-13 2.925061e+05 2.149353e+09 2.157949e+09 
7.560836e+13 7.936984e+13 5.836766e-13 2.881016e+05 2.157949e+09 2.166186e+09 
7.936984e+13 8.331846e+13 5.382978e-13 2.837634e+05 2.166186e+09 2.179404e+09 
8.331846e+13 8.746352e+13 4.953279e-13 2.794905e+05 2.179404e+09 2.194900e+09 
8.746352e+13 9.181479e+13 4.554398e-13 2.752820e+05 2.194900e+09 2.210896e+09 
9.181479e+13 9.638253e+13 4.206828e-13 2.711368e+05 2.210896e+09 2.221685e+09 
9.638253e+13 1.011775e+14 3.883195e-13 2.670541e+05 2.221685e+09 2.242283e+09 
1.011775e+14 1.062111e+14 3.582426e-13 2.630328e+05 2.242283e+09 2.259100e+09 
1.062111e+14 1.114950e+14 3.306772e-13 2.590721e+05 2.259100e+09 2.264681e+09 
1.114950e+14 1.170418e+14 3.066147e-13 2.551710e+05 2.264681e+09 2.287783e+09 
1.170418e+14 1.228646e+14 2.834335e-13 2.513287e+05 2.287783e+09 2.298252e+09 
1.228646e+14 1.289771e+14 2.620556e-13 2.475442e+05 2.298252e+09 2.303158e+09 
1.289771e+14 1.353936e+14 2.433162e-13 2.438167e+05 2.303158e+09 2.319025e+09 
1.353936e+14 1.421294e+14 2.254860e-13 2.401454e+05 2.319025e+09 2.320718e+09 
1.421294e+14 1.492003e+14 2.069814e-13 2.365293e+05 2.320718e+09 2.322217e+09 
1.492003e+14 1.566229e+14 1.902722e-13 2.329677e+05 2.322217e+09 2.319855e+09 
1.566229e+14 1.644149e+14 1.755769e-13 2.294597e+05 2.319855e+09 2.304831e+09 
1.644149e+14 1.725944e+14 1.628313e-13 2.260045e+05 2.304831e+09 2.295703e+09 
1.725944e+14 1.811809e+14 1.506136e-13 2.226014e+05 2.295703e+09 2.282699e+09 
1.811809e+14 1.901946e+14 1.397511e-13 2.192495e+05 2.282699e+09 2.259634e+09 
1.901946e+14 1.996567e+14 1.306299e-13 2.159480e+05 2.259634e+09 2.240655e+09 
1.996567e+14 2.095895e+14 1.215605e-13 2.126963e+05 2.240655e+09 2.211003e+09 
2.095895e+14 2.200165e+14 1.131361e-13 2.094936e+05 2.211003e+09 2.175709e+09 
2.200165e+14 2.309622e+14 1.056752e-13 2.063390e+05 2.175709e+09 2.146839e+09 
2.309622e+14 2.424525e+14 9.892806e-14 2.032320e+05 2.146839e+09 2.098899e+09 
2.424525e+14 2.545144e+14 9.202065e-14 2.001718e+05 2.098899e+09 2.057581e+09 
2.545144e+14 2.671764e+14 8.756930e-14 1.971576e+05 2.057581e+09 2.022061e+09 
2.671764e+14 2.804683e+14 8.470982e-14 1.941888e+05 2.022061e+09 1.968774e+09 
2.804683e+14 2.944215e+14 8.224065e-14 1.912648e+05 1.968774e+09 1.930111e+09 
2.944215e+14 3.090688e+14 7.940839e-14 1.883847e+05 1.930111e+09 1.886047e+09 
3.090688e+14 3.244449e+14 7.667708e-14 1.855481e+05 1.886047e+09 1.828142e+09 
3.244449e+14 3.405859e+14 7.637972e-14 1.827541e+05 1.828142e+09 1.798645e+09 
3.405859e+14 3.575299e+14 7.560648e-14 1.800022e+05 1.798645e+09 1.780941e+09 
3.575299e+14 3.753168e+14 7.286661e-14 1.772918e+05 1.780941e+09 1.760609e+09 
3.753168e+14 3.939887e+14 6.843592e-14 1.746221e+05 1.760609e+09 1.738879e+09 
3.939887e+14 4.135894e+14 6.231462e-14 1.719927e+05 1.738879e+09 1.771593e+09 
4.135894e+14 4.341653e+14 5.197547e-14 1.694029e+05 1.771593e+09 1.777650e+09 
4.341653e+14 4.557649e+14 4.571496e-14 1.668520e+05 1.777650e+09 1.781650e+09 
4.557649e+14 4.784390e+14 4.114524e-14 1.643396e+05 1.781650e+09 1.837002e+09 
4.784390e+14 5.022411e+14 3.891702e-14 1.618650e+05 1.837002e+09 1.864509e+09 
5.022411e+14 5.272274e+14 3.548996e-14 1.594276e+05 1.864509e+09 1.894359e+09 
5.272274e+14 5.534567e+14 3.088731e-14 1.570270e+05 1.894359e+09 1.970216e+09 
5.534567e+14 5.809909e+14 2.744871e-14 1.546625e+05 1.970216e+09 2.066230e+09 
5.809909e+14 6.098950e+14 2.305286e-14 1.523336e+05 2.066230e+09 2.125396e+09 
6.098950e+14 6.402370e+14 1.968218e-14 1.500398e+05 2.125396e+09 2.205856e+09 
6.402370e+14 6.720885e+14 1.668150e-14 1.477805e+05 2.205856e+09 2.306947e+09 
6.720885e+14 7.055246e+14 1.364099e-14 1.455553e+05 2.306947e+09 2.411675e+09 
7.055246e+14 7.406242e+14 1.100631e-14 1.433635e+05 2.411675e+09 2.411675e+09 
