r_in (cm)    r_out (cm)   rho (g/cc)   T_init (K)   v_in (cm/s)  v_out (cm/s)

3.221062e+12 3.381309e+12 1.561262e-10 2.056471e+06 0.000000e+00 9.539798e+06
3.381309e+12 3.549527e+12 1.492737e-10 2.025505e+06 9.539798e+06 8.189332e+07
3.549527e+12 3.726115e+12 1.424241e-10 1.995005e+06 8.189332e+07 2.135543e+08
3.726115e+12 3.911487e+12 1.358709e-10 1.964965e+06 2.135543e+08 3.800724e+08
3.911487e+12 4.106082e+12 1.298908e-10 1.935377e+06 3.800724e+08 5.493574e+08
4.106082e+12 4.310358e+12 1.244205e-10 1.906234e+06 5.493574e+08 7.099555e+08
4.310358e+12 4.524796e+12 1.190971e-10 1.877530e+06 7.099555e+08 8.613565e+08
4.524796e+12 4.749903e+12 1.139347e-10 1.849259e+06 8.613565e+08 9.997896e+08
4.749903e+12 4.986209e+12 1.087797e-10 1.821413e+06 9.997896e+08 1.127419e+09
4.986209e+12 5.234270e+12 1.036215e-10 1.793986e+06 1.127419e+09 1.231650e+09
5.234270e+12 5.494673e+12 9.860770e-11 1.766973e+06 1.231650e+09 1.320966e+09
5.494673e+12 5.768031e+12 9.357179e-11 1.740366e+06 1.320966e+09 1.389759e+09
5.768031e+12 6.054988e+12 8.854932e-11 1.714160e+06 1.389759e+09 1.445083e+09
6.054988e+12 6.356221e+12 8.332103e-11 1.688348e+06 1.445083e+09 1.477642e+09
6.356221e+12 6.672440e+12 7.829565e-11 1.662925e+06 1.477642e+09 1.494708e+09
6.672440e+12 7.004391e+12 7.331174e-11 1.637885e+06 1.494708e+09 1.499743e+09
7.004391e+12 7.352856e+12 6.881133e-11 1.613222e+06 1.499743e+09 1.495394e+09
7.352856e+12 7.718658e+12 6.452874e-11 1.588930e+06 1.495394e+09 1.475601e+09
7.718658e+12 8.102657e+12 6.056303e-11 1.565004e+06 1.475601e+09 1.447910e+09
8.102657e+12 8.505761e+12 5.694439e-11 1.541439e+06 1.447910e+09 1.415725e+09
8.505761e+12 8.928919e+12 5.353581e-11 1.518228e+06 1.415725e+09 1.373353e+09
8.928919e+12 9.373129e+12 5.043087e-11 1.495367e+06 1.373353e+09 1.323926e+09
9.373129e+12 9.839438e+12 4.737021e-11 1.472850e+06 1.323926e+09 1.272250e+09
9.839438e+12 1.032895e+13 4.455419e-11 1.450672e+06 1.272250e+09 1.215487e+09
1.032895e+13 1.084281e+13 4.170699e-11 1.428828e+06 1.215487e+09 1.150108e+09
1.084281e+13 1.138223e+13 3.912088e-11 1.407313e+06 1.150108e+09 1.083739e+09
1.138223e+13 1.194849e+13 3.642810e-11 1.386121e+06 1.083739e+09 1.016535e+09
1.194849e+13 1.254292e+13 3.391440e-11 1.365249e+06 1.016535e+09 9.466851e+08
1.254292e+13 1.316693e+13 3.159836e-11 1.344692e+06 9.466851e+08 8.783886e+08
1.316693e+13 1.382198e+13 2.953455e-11 1.324444e+06 8.783886e+08 8.122706e+08
1.382198e+13 1.450962e+13 2.771443e-11 1.304500e+06 8.122706e+08 7.541526e+08
1.450962e+13 1.523146e+13 2.601115e-11 1.284857e+06 7.541526e+08 6.976428e+08
1.523146e+13 1.598922e+13 2.444945e-11 1.265510e+06 6.976428e+08 6.460906e+08
1.598922e+13 1.678468e+13 2.287179e-11 1.246454e+06 6.460906e+08 5.993157e+08
1.678468e+13 1.761971e+13 2.142318e-11 1.227685e+06 5.993157e+08 5.583401e+08
1.761971e+13 1.849628e+13 2.011523e-11 1.209199e+06 5.583401e+08 5.173447e+08
1.849628e+13 1.941646e+13 1.902830e-11 1.190991e+06 5.173447e+08 4.831899e+08
1.941646e+13 2.038242e+13 1.801371e-11 1.173057e+06 4.831899e+08 4.536687e+08
2.038242e+13 2.139644e+13 1.710033e-11 1.155393e+06 4.536687e+08 4.270392e+08
2.139644e+13 2.246090e+13 1.638743e-11 1.137996e+06 4.270392e+08 3.990627e+08
2.246090e+13 2.357832e+13 1.576681e-11 1.120860e+06 3.990627e+08 3.724083e+08
2.357832e+13 2.475134e+13 1.516095e-11 1.103982e+06 3.724083e+08 3.483420e+08
2.475134e+13 2.598270e+13 1.466043e-11 1.087359e+06 3.483420e+08 3.238096e+08
2.598270e+13 2.727533e+13 1.427645e-11 1.070985e+06 3.238096e+08 3.034341e+08
2.727533e+13 2.863227e+13 1.387040e-11 1.054859e+06 3.034341e+08 2.869856e+08
2.863227e+13 3.005671e+13 1.343780e-11 1.038975e+06 2.869856e+08 2.727829e+08
3.005671e+13 3.155202e+13 1.308453e-11 1.023330e+06 2.727829e+08 2.561980e+08
3.155202e+13 3.312172e+13 1.272464e-11 1.007921e+06 2.561980e+08 2.441902e+08
3.312172e+13 3.476951e+13 1.238656e-11 9.927436e+05 2.441902e+08 2.321963e+08
3.476951e+13 3.649928e+13 1.219846e-11 9.777950e+05 2.321963e+08 2.250468e+08
3.649928e+13 3.831510e+13 1.205317e-11 9.630715e+05 2.250468e+08 2.168883e+08
3.831510e+13 4.022126e+13 1.202360e-11 9.485697e+05 2.168883e+08 2.123017e+08
4.022126e+13 4.222225e+13 1.190930e-11 9.342863e+05 2.123017e+08 2.054478e+08
4.222225e+13 4.432279e+13 1.177797e-11 9.202179e+05 2.054478e+08 1.994659e+08
4.432279e+13 4.652783e+13 1.168807e-11 9.063614e+05 1.994659e+08 1.948142e+08
4.652783e+13 4.884257e+13 1.156037e-11 8.927135e+05 1.948142e+08 1.929204e+08
4.884257e+13 5.127247e+13 1.133062e-11 8.792712e+05 1.929204e+08 1.944364e+08
5.127247e+13 5.382325e+13 1.109511e-11 8.660312e+05 1.944364e+08 1.977931e+08
5.382325e+13 5.650093e+13 1.088126e-11 8.529906e+05 1.977931e+08 2.055807e+08
5.650093e+13 5.931183e+13 1.051021e-11 8.401464e+05 2.055807e+08 2.156381e+08
5.931183e+13 6.226257e+13 9.987545e-12 8.274956e+05 2.156381e+08 2.273061e+08
6.226257e+13 6.536010e+13 9.423362e-12 8.150353e+05 2.273061e+08 2.399460e+08
6.536010e+13 6.861174e+13 8.822022e-12 8.027626e+05 2.399460e+08 2.532890e+08
6.861174e+13 7.202514e+13 7.997730e-12 7.906747e+05 2.532890e+08 2.673648e+08
7.202514e+13 7.560836e+13 7.202032e-12 7.787688e+05 2.673648e+08 2.802170e+08
7.560836e+13 7.936984e+13 6.475477e-12 7.670423e+05 2.802170e+08 2.899275e+08
7.936984e+13 8.331846e+13 5.777671e-12 7.554922e+05 2.899275e+08 2.973120e+08
8.331846e+13 8.746352e+13 5.081038e-12 7.441161e+05 2.973120e+08 3.002350e+08
8.746352e+13 9.181479e+13 4.512083e-12 7.329113e+05 3.002350e+08 3.006010e+08
9.181479e+13 9.638253e+13 4.056050e-12 7.218753e+05 3.006010e+08 2.970523e+08
9.638253e+13 1.011775e+14 3.617891e-12 7.110054e+05 2.970523e+08 2.888496e+08
1.011775e+14 1.062111e+14 3.252735e-12 7.002991e+05 2.888496e+08 2.808922e+08
1.062111e+14 1.114950e+14 2.950962e-12 6.897541e+05 2.808922e+08 2.682854e+08
1.114950e+14 1.170418e+14 2.689964e-12 6.793679e+05 2.682854e+08 2.551995e+08
1.170418e+14 1.228646e+14 2.452228e-12 6.691381e+05 2.551995e+08 2.410916e+08
1.228646e+14 1.289771e+14 2.248742e-12 6.590623e+05 2.410916e+08 2.234816e+08
1.289771e+14 1.353936e+14 2.081001e-12 6.491382e+05 2.234816e+08 2.010874e+08
1.353936e+14 1.421294e+14 1.939637e-12 6.393636e+05 2.010874e+08 1.806829e+08
1.421294e+14 1.492003e+14 1.796729e-12 6.297361e+05 1.806829e+08 1.605968e+08
1.492003e+14 1.566229e+14 1.681036e-12 6.202537e+05 1.605968e+08 1.425534e+08
1.566229e+14 1.644149e+14 1.586937e-12 6.109140e+05 1.425534e+08 1.264100e+08
1.644149e+14 1.725944e+14 1.495584e-12 6.017149e+05 1.264100e+08 1.116975e+08
1.725944e+14 1.811809e+14 1.408877e-12 5.926544e+05 1.116975e+08 9.521192e+07
1.811809e+14 1.901946e+14 1.343247e-12 5.837303e+05 9.521192e+07 8.190344e+07
1.901946e+14 1.996567e+14 1.287157e-12 5.749405e+05 8.190344e+07 6.902890e+07
1.996567e+14 2.095895e+14 1.227918e-12 5.662832e+05 6.902890e+07 5.777481e+07
2.095895e+14 2.200165e+14 1.177560e-12 5.577561e+05 5.777481e+07 4.710266e+07
2.200165e+14 2.309622e+14 1.130873e-12 5.493575e+05 4.710266e+07 3.745074e+07
2.309622e+14 2.424525e+14 1.091084e-12 5.410854e+05 3.745074e+07 3.333072e+07
2.424525e+14 2.545144e+14 1.037400e-12 5.329378e+05 3.333072e+07 2.883785e+07
2.545144e+14 2.671764e+14 9.952687e-13 5.249129e+05 2.883785e+07 2.200048e+07
2.671764e+14 2.804683e+14 9.616492e-13 5.170088e+05 2.200048e+07 2.000057e+07
2.804683e+14 2.944215e+14 9.240293e-13 5.092238e+05 2.000057e+07 1.770416e+07
2.944215e+14 3.090688e+14 8.934286e-13 5.015559e+05 1.770416e+07 1.522096e+07
3.090688e+14 3.244449e+14 8.643101e-13 4.940036e+05 1.522096e+07 1.932933e+07
3.244449e+14 3.405859e+14 8.382291e-13 4.865650e+05 1.932933e+07 3.608816e+07
3.405859e+14 3.575299e+14 8.344870e-13 4.792383e+05 3.608816e+07 7.787429e+07
3.575299e+14 3.753168e+14 8.089424e-13 4.720220e+05 7.787429e+07 1.404119e+08
3.753168e+14 3.939887e+14 7.865903e-13 4.649144e+05 1.404119e+08 2.253262e+08
3.939887e+14 4.135894e+14 7.764292e-13 4.579138e+05 2.253262e+08 2.726545e+08
4.135894e+14 4.341653e+14 7.548077e-13 4.510186e+05 2.726545e+08 3.601846e+08
4.341653e+14 4.557649e+14 7.413990e-13 4.442272e+05 3.601846e+08 4.633094e+08
4.557649e+14 4.784390e+14 7.217583e-13 4.375381e+05 4.633094e+08 5.082421e+08
4.784390e+14 5.022411e+14 6.902909e-13 4.309497e+05 5.082421e+08 6.070494e+08
5.022411e+14 5.272274e+14 5.882207e-13 4.244605e+05 6.070494e+08 6.844532e+08
5.272274e+14 5.534567e+14 4.417232e-13 4.180690e+05 6.844532e+08 7.171642e+08
5.534567e+14 5.809909e+14 2.938628e-13 4.117738e+05 7.171642e+08 8.457183e+08
5.809909e+14 6.098950e+14 1.677011e-13 4.055734e+05 8.457183e+08 9.141772e+08
6.098950e+14 6.402370e+14 9.560881e-14 3.994663e+05 9.141772e+08 9.820184e+08
6.402370e+14 6.720885e+14 5.429453e-14 3.934512e+05 9.820184e+08 1.110277e+09
6.720885e+14 7.055246e+14 2.897274e-14 3.875267e+05 1.110277e+09 1.208445e+09
7.055246e+14 7.406242e+14 1.745737e-14 3.816913e+05 1.208445e+09 1.208445e+09
