9.983474683046827, 0.00011653481638038395
9.967152979675678, 0.00011001116478331011
9.967152979675678, 0.00010505618270971204
9.967152979675678, 0.00010148696299574612
10.08196771709354, 0.00015723678275872003
10.065484990217366, 0.00014843462370597412
10.065484990217366, 0.0001417490213763099
10.065484990217366, 0.00013536454338943313
10.065484990217366, 0.00012926762688812555
10.065484990217366, 0.0001234453198960229
10.164787105694417, 0.0002671334880790259
10.164787105694417, 0.0002551016034308042
10.164787105694417, 0.00024361164353050213
10.164787105694417, 0.00023263919969726876
10.164787105694417, 0.00022216096263481518
10.164787105694417, 0.000212154672914339
10.164787105694417, 0.0002025990736877404
10.164787105694417, 0.00019347386553066227
10.164787105694417, 0.00018475966331943692
10.164787105694417, 0.00017643795505032576
10.164787105694417, 0.00016849106251356664
10.115014188873992, 0.00011653481638038395
10.115014188873992, 0.00011128600434160376
10.115014188873992, 0.00010627360257637257
10.115014188873992, 0.00010266302176517102
10.265068896780523, 0.00029292647682635227
10.265068896780523, 0.00027973285739312713
10.214804939941803, 0.0001609021037386941
10.214804939941803, 0.00015365495713134903
10.214804939941803, 0.00014673422722538934
10.214804939941803, 0.00014012521197755327
10.214804939941803, 0.00013381387153519445
10.214804939941803, 0.00012778679841073795
10.214804939941803, 0.00012203118899950315
10.383315420372913, 0.0003363597863436173
10.36634002856987, 0.0003175302714782099
10.36634002856987, 0.0003032284794183012
10.315580187305194, 0.0002671334880790259
10.315580187305194, 0.00025805779079668027
10.485753125849662, 0.00036043486004695257
10.485753125849662, 0.00028625366437608647
10.417349643617355, 0.0002765283707690529
10.589201441432962, 0.0003363597863436173
10.571889452335832, 0.0003175302714782099
10.571889452335832, 0.0003032284794183012
10.589201441432962, 0.0002671334880790259
10.571889452335832, 0.0002521792807419645
10.520123117352675, 0.00024643468208886425
10.676187555032998, 0.0004138778912363512
10.676187555032998, 0.0003952365330089915
10.676187555032998, 0.000377434794978601
10.676187555032998, 0.00036043486004695257
10.676187555032998, 0.00028625366437608647
10.79916988240918, 0.0005457115015992712
10.781514621783872, 0.0005151624191917504
10.781514621783872, 0.0004919591328969951
10.781514621783872, 0.0004698009393241072
10.781514621783872, 0.00044864076674439057
10.781514621783872, 0.00042843366357370313
10.728721835777794, 0.0003442006144251527
10.728721835777794, 0.0003286975709153651
10.728721835777794, 0.0003138927956479731
10.728721835777794, 0.0002997548381185638
10.728721835777794, 0.0002733605932202713
10.728721835777794, 0.00026104823527276167
10.728721835777794, 0.0002521792807419645
10.887880803943052, 0.000641233377687093
10.887880803943052, 0.0006123517646463557
10.887880803943052, 0.0005847710002527116
10.83456718507721, 0.0004044498273226576
10.995296353014393, 0.0006714771939907157
10.94145676295668, 0.0005584324933464394
10.94145676295668, 0.0005332802917558417
10.94145676295668, 0.0005092609634353189
10.94145676295668, 0.00048632348295708197
10.94145676295668, 0.00046441912311534527
10.94145676295668, 0.00044864076674439057
11.10377162163907, 0.000703147461967684
11.10377162163907, 0.0006449380700032444
11.049400871364602, 0.0006194478648894521
11.21331706459333, 0.0007710396409103643
11.21331706459333, 0.0007363114603091528
11.21331706459333, 0.0006714771939907157
11.32394323979614, 0.0008454871275386977
11.32394323979614, 0.0008074057785350397
11.32394323979614, 0.000703147461967684
11.268494396736964, 0.0006486641659855717
11.435660809326745, 0.0011673820900091245
11.435660809326745, 0.001114802360120542
11.435660809326745, 0.0010645908591253254
11.435660809326745, 0.0010166409202889107
11.435660809326745, 0.0009708506812232651
11.435660809326745, 0.0009271228674956573
11.435660809326745, 0.0008853645859838443
11.379664929793723, 0.0007710396409103643
11.379664929793723, 0.0007363114603091528
11.548480540452253, 0.0013404742194390465
11.548480540452253, 0.0012800982954087566
11.548480540452253, 0.0012224417464694961
11.491932227598733, 0.0008454871275386977
11.491932227598733, 0.0008167622182027669
11.681511082225924, 0.0015392313693682557
11.662413306665416, 0.0014530647670348484
11.662413306665416, 0.0013876176836718414
11.605307110401561, 0.0011673820900091245
11.605307110401561, 0.001114802360120542
11.605307110401561, 0.0010645908591253254
11.605307110401561, 0.0010166409202889107
11.605307110401561, 0.0009821011652632972
11.719800505200102, 0.0013099384578457518
11.719800505200102, 0.0012509378865044034
11.893661975751968, 0.0019381154278228817
11.893661975751968, 0.0018508213134451074
11.893661975751968, 0.0017674589888336237
11.893661975751968, 0.0016878513633463313
11.893661975751968, 0.0016118293226311683
11.893661975751968, 0.0015392313693682557
11.835423446793724, 0.001469903280193287
12.011000166222578, 0.002029526775101338
12.129495969123322, 0.002225487085615083
12.129495969123322, 0.002125249544853039
12.129495969123322, 0.0019381154278228817
12.070102654962643, 0.0018508213134451074
12.070102654962643, 0.0017674589888336237
12.070102654962643, 0.0016878513633463313
12.249160805003058, 0.0023304523368722807
12.189181539768287, 0.002029526775101338
12.370006207081307, 0.0025554684190317156
12.370006207081307, 0.002440368281414873
12.370006207081307, 0.002225487085615083
12.309435210009632, 0.002125249544853039
12.430875255657673, 0.0023304523368722807
12.635943563258856, 0.0026759972625452523
12.615285412744953, 0.002526194187740673
12.553513381025489, 0.002440368281414873
12.739742856181602, 0.002834683645422429
12.886495919346798, 0.0026759972625452523
12.865428147797656, 0.002526194187740673
12.865428147797656, 0.002412412582579613
12.802431266662708, 0.0023574582578950684
12.992353401060264, 0.0022773650518418754
12.992353401060264, 0.002174790890127089
13.056284831412961, 0.002615038526264904
13.056284831412961, 0.002497255308125785
13.120530848943268, 0.002384777130939551
13.120530848943268, 0.0020768367425127994
13.120530848943268, 0.0019832945202373545
13.249972845106228, 0.0022773650518418754
13.249972845106228, 0.002174790890127089
13.249972845106228, 0.0018939655070067606
13.249972845106228, 0.0018086599368519801
13.249972845106228, 0.0017472118189405374
13.402603406321331, 0.0027383769979778404
13.380691865085035, 0.002585081888146137
13.380691865085035, 0.0024686479385576817
13.380691865085035, 0.0023574582578950684
13.402603406321331, 0.0020768367425127994
13.380691865085035, 0.001960574841108749
13.51270050749431, 0.004871722817169334
13.51270050749431, 0.004652296913678901
13.51270050749431, 0.004442754110875741
13.51270050749431, 0.004242649266788738
13.51270050749431, 0.004051557288961666
13.51270050749431, 0.0038690722314086144
13.51270050749431, 0.003694806432243159
13.51270050749431, 0.003528389690149382
13.51270050749431, 0.0033694684779451934
13.51270050749431, 0.003217705191567323
13.51270050749431, 0.003072777432882609
13.51270050749431, 0.0029343773248019407
13.51270050749431, 0.002225487085615083
13.446534191231565, 0.0018508213134451074
13.446534191231565, 0.0017879407884860972
13.64601149524166, 0.006134205253306322
13.64601149524166, 0.005857916231862239
13.64601149524166, 0.005594071466881434
13.64601149524166, 0.0053421104600925185
13.64601149524166, 0.005101497958469816
13.579192408130359, 0.002802210857241985
13.579192408130359, 0.0026759972625452523
13.579192408130359, 0.0025554684190317156
13.579192408130359, 0.002440368281414873
13.579192408130359, 0.0023304523368722807
13.579192408130359, 0.002125249544853039
13.579192408130359, 0.002029526775101338
13.579192408130359, 0.0019381154278228817
13.780637676753894, 0.00672649148522013
13.780637676753894, 0.006423525465424538
13.713159378813621, 0.004871722817169334
13.713159378813621, 0.004652296913678901
13.713159378813621, 0.004442754110875741
13.713159378813621, 0.004242649266788738
13.713159378813621, 0.004051557288961666
13.713159378813621, 0.0038690722314086144
13.713159378813621, 0.003694806432243159
13.916592027215346, 0.007375965725364609
13.916592027215346, 0.007043746918149498
13.848448014931375, 0.006134205253306322
13.848448014931375, 0.005857916231862239
13.848448014931375, 0.005594071466881434
13.848448014931375, 0.005404016301674282
14.053887649818403, 0.008869098462662185
14.053887649818403, 0.00846962788185315
14.053887649818403, 0.008088149743636069
14.053887649818403, 0.007723853655441442
13.985071355514883, 0.00672649148522013
13.985071355514883, 0.006423525465424538
14.192537777026397, 0.009287410100853905
14.12304256823339, 0.007375965725364609
14.12304256823339, 0.007043746918149498
14.332555771848945, 0.010184153021203388
14.332555771848945, 0.009725451436193909
14.262374950663157, 0.008869098462662185
14.262374950663157, 0.00846962788185315
14.262374950663157, 0.008088149743636069
14.473955129129859, 0.010664489297977106
14.403081931569119, 0.009287410100853905
14.640685123235269, 0.011167480668238184
14.545177072199127, 0.010184153021203388
14.545177072199127, 0.00983815263554532
14.7609525774296, 0.012531211956883656
14.7609525774296, 0.011966797147449354
14.688674067590958, 0.010542321978676748
14.930988584469013, 0.013122247429573429
14.833586747892237, 0.011427803987429718
14.833586747892237, 0.010913087467430674
15.053640767105525, 0.01406147704871001
14.979929079693404, 0.012245753202629817
15.227048340500106, 0.014724687579566539
15.202154065298112, 0.013583746944729223
15.127715167373779, 0.01297192520158158
15.377272409598872, 0.015778612433634848
15.503590637850373, 0.016907972341385677
15.427675725003516, 0.014724687579566539
15.682181323851529, 0.018540516218521937
15.656542964471994, 0.017502612937799956
15.656542964471994, 0.01633353429645104
15.579879104957463, 0.01541917848066551
15.811004258581564, 0.019867560391402927
15.966989407058746, 0.02080461524192559
15.966989407058746, 0.018972711166058975
15.966989407058746, 0.018222843354433072
16.12451344365128, 0.021785866348837515
16.0455581189548, 0.019867560391402927
16.28359155042398, 0.023889393726206572
16.28359155042398, 0.022813398231607093
16.20385728355252, 0.02080461524192559
16.444239059221907, 0.025016138622216737
16.363718165438375, 0.021785866348837515
16.63366536716271, 0.026196026518641058
16.606471453148096, 0.02416623057459201
16.525156171900814, 0.022813398231607093
16.797766566528864, 0.028071016617863324
16.935753594055384, 0.03008020981348572
16.85282594922002, 0.026196026518641058
17.130841810905284, 0.03149894497548694
17.10283507703632, 0.02905825303667056
17.01908930067806, 0.027749448396974335
17.271564920203883, 0.033753493386596466
17.44195938563127, 0.0353454792206338
17.44195938563127, 0.03241943743650032
17.356553052506996, 0.031138108037034144
17.6428787445493, 0.03701255117588377
17.614034895826897, 0.034144638127992455
17.787808035317173, 0.03966173795054045
17.99271133247522, 0.04153238654526142
17.963295552244915, 0.03831425460085147
17.875336443407136, 0.03616941191794309
18.14051435998355, 0.0445050821758
18.31948153876718, 0.0466041674335848
18.31948153876718, 0.042746085884479215
18.22977832891721, 0.04058628625063779
18.53050934849319, 0.048802256191734894
18.40962615090478, 0.0445050821758
18.682730174602664, 0.0466041674335848
18.867046641323153, 0.05351434247432469
18.867046641323153, 0.05110401795714532
18.867046641323153, 0.0490842086755193
19.0843820238934, 0.05603835011291709
19.272661029762148, 0.06004931534704151
19.146936428916007, 0.052295295378960396
19.335832571937818, 0.05603835011291709
19.335832571937818, 0.05413448135619843
19.622676728014568, 0.06584735783946272
19.622676728014568, 0.0628815454300495
19.622676728014568, 0.060396247127103765
19.526592290001055, 0.05800917649353831
19.81626633768643, 0.06895305299488146
20.044536077380727, 0.07220522847562941
20.01176582629542, 0.06661041508686318
19.913776173827042, 0.06361023402960007
20.441990032104037, 0.07917698128342064
20.408569994670916, 0.0747446317380704
20.30863735012005, 0.07220522847562941
20.30863735012005, 0.06975209988976844
20.813242211743706, 0.08484410243582444
20.813242211743706, 0.08102266297149276
20.711328048407402, 0.07737334389220023
21.018577472148063, 0.08884578035497816
21.225938489459313, 0.09303619768805584
21.122003516706222, 0.08484410243582444
21.43534524899825, 0.09742425634247938
21.330384894688635, 0.08884578035497816
21.682265662605168, 0.10201927808474553
21.54082208137572, 0.09303619768805584
21.753335358567462, 0.09630821037912984
22.11219340958297, 0.10932134491547588
22.076042803388756, 0.10379774676996176
21.967945208156127, 0.10085059373687572
22.330343611539796, 0.1171460598280341
22.403537564418198, 0.10932134491547588
22.77312180029279, 0.12553083154843842
22.73589066076874, 0.11918822874857432
22.624562053201267, 0.11447749365747419
23.22467963560411, 0.1345157463458399
23.18671025681197, 0.1277191694501494
23.073174165111134, 0.12267126178634684
23.646468948807474, 0.14414375967864318
23.646468948807474, 0.137651420954337
23.530681601778195, 0.1329747979069985
23.879755709699896, 0.15094231000482672
24.154834048218685, 0.15806151442412336
24.1153439860078, 0.14581413711061997
24.59351613226004, 0.16551649660885964
24.59351613226004, 0.1589747065603131
24.473091472102915, 0.15269147090311763
24.876816499241993, 0.17332309354040656
24.958357229930478, 0.16362041831334045
25.37008753631563, 0.18572875682386608
25.32861069018599, 0.17634457830361325
25.204586564550016, 0.1713375865818414
25.873139419584874, 0.19902235995630307
25.83084014800923, 0.1889665054548747
25.704356804608132, 0.18360113648460946
26.386166088983604, 0.2132674575544588
26.343028084463242, 0.20132868566385315
26.21403676059068, 0.19674245441958838
26.909365329992067, 0.2233262318389208
26.733822927730557, 0.2132674575544588
26.733822927730557, 0.2060218257961255
27.442938849888513, 0.23931088788195182
27.398073157155185, 0.2272194049466831
27.263915697474886, 0.2207679127004332
27.987092355512733, 0.2564396514788069
27.94133704144123, 0.24348271626693394
27.80451943474133, 0.23656945612323896
28.54203563257152, 0.26853464525512055
28.355842556706186, 0.2564396514788069
28.355842556706186, 0.24772727077076426
29.107982626516662, 0.28775510988525155
29.060394800309293, 0.27321592183781856
28.918097613154806, 0.26545844002546054
29.68515152502668, 0.3013270994083002
29.636620101539243, 0.28610216955794276
29.491501368425173, 0.27797880558305926
30.273764842123928, 0.3155392127494355
30.076274884976417, 0.3013270994083002
30.87404950395968, 0.3304216413925067
30.67264360861419, 0.3155392127494355
31.48623693630035, 0.3540716902172343
31.434760968677498, 0.3361817737240269
31.280837455406132, 0.3266364881573297
32.11056315374817, 0.3707715058067912
31.901090900320607, 0.3540716902172343
32.74726885073116, 0.38825896934570586
32.69373125732146, 0.36864169767094446
33.39659949429729, 0.4065712303036115
33.17873782306491, 0.38825896934570586
34.05880541874854, 0.42574719030742847
34.00312363090722, 0.40423577922244597
33.836623867900116, 0.39275822079858536
34.73414192215151, 0.43567171357367623
34.507554834766324, 0.4160487458959552
35.42286936476157, 0.4562201998697788
35.19178938546695, 0.43567171357367623
36.12525326939873, 0.4777378569334704
35.8895913106922, 0.4562201998697788
36.7813331811508, 0.5002703957705749
36.7813331811508, 0.4804979624259507
37.57207898508429, 0.5119321173163
37.326978704118154, 0.4888743261439422
38.317078586080235, 0.5360774307930944
38.0671183235412, 0.5119321173163
39.0768504440414, 0.5506847194329793
38.82193383357362, 0.5299363826071454
39.78653506271208, 0.57444736733436
39.78653506271208, 0.5517432009942386
40.64188838824121, 0.5878382161576439
40.37676230174209, 0.5678667713971782
41.379996059026226, 0.6155636460001253
41.379996059026226, 0.591234420719537
42.26960650596965, 0.6299129496847207
41.99386205128954, 0.6015412168723012
43.10775123556275, 0.6445967476455304
42.82653916997947, 0.6226969664055061
43.96251515435141, 0.6621610214021386
43.675727063104546, 0.6372125537578286
44.76092957231476, 0.690733993649851
44.76092957231476, 0.663433773681266
45.64847360959897, 0.7068355810398137
45.64847360959897, 0.6788989700992619
46.55361635239812, 0.723312509905453
46.55361635239812, 0.6987384086662499
47.47670675740936, 0.7401735297706487
47.47670675740936, 0.7150265856682443
48.41810070063284, 0.7574275941180024
48.41810070063284, 0.7316944537059075
49.37816111457145, 0.775083865143289
49.37816111457145, 0.744449843642909
50.43972061582707, 0.7780663355675848
50.11067867753828, 0.7487508636950024
51.355769209414724, 0.8116407488816996
51.355769209414724, 0.7795618716530658
52.4598444426347, 0.8147638877284169
52.11762428980704, 0.7840657496113443
53.41258101878503, 0.8305607739094504
53.41258101878503, 0.8023429783316721
54.471674702766606, 0.8499218405526497
54.471674702766606, 0.8210462645476381
55.642737426140556, 0.8531922824575948
55.27975377058386, 0.8210462645476381
56.65327933121584, 0.8697342298604125
56.37587077061967, 0.8401855400159857
57.77663134252252, 0.8900084625417105
57.77663134252252, 0.859770968011018
59.018745884007515, 0.8934331550637422
58.63373894297078, 0.859770968011018
60.090600337249434, 0.9107553045520463
60.090600337249434, 0.879812948721468
61.38246188665284, 0.9142598295225084
60.982035318275216, 0.879812948721468
62.49724438734283, 0.9319857728103534
62.49724438734283, 0.9003221247731692
63.84084532516918, 0.9355719911904219
63.42438156939654, 0.9003221247731692
65.00027515268523, 0.953711141049165
65.00027515268523, 0.92130938688047
66.28913593338898, 0.953711141049165
66.28913593338898, 0.92130938688047
67.71425709002412, 0.9573809571805776
68.94403293366125, 0.9759429458011526
68.94403293366125, 0.9427858796293833
70.31109268691635, 0.9759429458011526
70.31109268691635, 0.9427858796293833
71.70525924389975, 0.9759429458011526
71.35414712843452, 0.9427858796293833
73.12707009304715, 0.9759429458011526
74.6991970071325, 0.9796983084174471
76.05582812096621, 0.9986929925252187
76.05582812096621, 0.9647630073955471
77.5639044141634, 0.9986929925252187
77.5639044141634, 0.9647630073955471
79.10188366367953, 0.9986929925252187
79.10188366367953, 0.9647630073955471
80.67035880158352, 0.9986929925252187
80.67035880158352, 0.9647630073955471
82.26993451692363, 0.9986929925252187
82.26993451692363, 0.9647630073955471
83.9012274888511, 0.9986929925252187
83.9012274888511, 0.9647630073955471
85.56486662436662, 0.9986929925252187
85.56486662436662, 0.9647630073955471
87.26149330078057, 0.9986929925252187
87.26149330078057, 0.9647630073955471
88.99176161298129, 0.9986929925252187
88.99176161298129, 0.9647630073955471
90.75633862560593, 0.9986929925252187
90.75633862560593, 0.9647630073955471
92.55590463021198, 0.9759429458011526
94.39115340754749, 0.9759429458011526
94.39115340754749, 0.9427858796293833
96.26279249502224, 0.9759429458011526
96.26279249502224, 0.9427858796293833
98.1715434594823, 0.9759429458011526
98.1715434594823, 0.9427858796293833
100.11814217539332, 0.9647630073955471
99.6279034806822, 0.9427858796293833
102.1033391085397, 0.953711141049165
102.1033391085397, 0.92130938688047
104.12789960534943, 0.953711141049165
104.12789960534943, 0.92130938688047
106.19260418795535, 0.9427858796293833
105.67262127043507, 0.92130938688047
108.29824885510722, 0.9319857728103534
109.3666767772813, 0.9003221247731692
110.44564538905054, 0.9319857728103534
111.7179031541463, 0.8968710255715614
113.74684040465925, 0.9107553045520463
113.74684040465925, 0.879812948721468
116.00227457293263, 0.9107553045520463
116.00227457293263, 0.8747590739040575
118.30243071563012, 0.8900084625417105
118.30243071563012, 0.859770968011018
120.64819560436541, 0.8900084625417105
120.64819560436541, 0.859770968011018
123.04047359414116, 0.8697342298604125
123.04047359414116, 0.8401855400159857
125.4801869720029, 0.8697342298604125
125.4801869720029, 0.8401855400159857
127.96827631260487, 0.8499218405526497
127.96827631260487, 0.8210462645476381
130.50570084082653, 0.8401855400159857
130.50570084082653, 0.8116407488816996
133.09343880157954, 0.8305607739094504
133.09343880157954, 0.8023429783316721
135.73248783694748, 0.8116407488816996
135.73248783694748, 0.7840657496113443
138.42386537080333, 0.8023429783316721
138.42386537080333, 0.775083865143289
141.16860900105362, 0.7931517186207322
141.16860900105362, 0.766204872873544
143.96777689965978, 0.775083865143289
143.96777689965978, 0.7487508636950024
146.822448220592, 0.766204872873544
146.822448220592, 0.7359217801594868
149.73372351587213, 0.7574275941180024
149.73372351587213, 0.7274914101169301
152.70272515986545, 0.7401735297706487
152.70272515986545, 0.7150265856682443
155.73059778198632, 0.723312509905453
155.73059778198632, 0.6987384086662499
158.81850870798286, 0.7150265856682443
158.81850870798286, 0.6867662376159017
161.96764840997247, 0.6987384086662499
161.96764840997247, 0.6749991975242657
165.17923096540105, 0.690733993649851
165.17923096540105, 0.663433773681266
168.4544945251017, 0.6749991975242657
168.4544945251017, 0.6483208716557808
171.79470179063532, 0.6596228372240343
171.79470179063532, 0.6335522388199156
175.2011405010952, 0.6445967476455304
175.2011405010952, 0.6226969664055061
178.67512392956525, 0.6299129496847207
178.67512392956525, 0.6085120415219947
182.21799138942214, 0.6155636460001253
182.21799138942214, 0.5946502466757344
185.8311087506758, 0.6015412168723012
185.8311087506758, 0.5811042210226018
189.5158689665493, 0.5878382161576439
189.5158689665493, 0.5678667713971782
193.27369261049878, 0.57444736733436
193.27369261049878, 0.5549308684930592
197.1060284238829, 0.5613615596385145
197.1060284238829, 0.5422896431301757
201.0143538744917, 0.5549308684930592
201.0143538744917, 0.5329980623527865
205.00017572614928, 0.5360774307930944
205.00017572614928, 0.5178645271367158
209.06503061961203, 0.5238656833496457
209.06503061961203, 0.5060676663624083
213.21048566498382, 0.5119321173163
213.21048566498382, 0.4916987720050757
217.43813904587932, 0.5002703957705749
217.43813904587932, 0.4804979624259507
221.749620635567, 0.4832740142836166
221.749620635567, 0.46685507448837643
226.14659262532788, 0.47226511916993485
226.14659262532788, 0.4562201998697788
230.63075016527546, 0.461507004706654
230.63075016527546, 0.4432666359664973
235.2038220178803, 0.4509939581556689
235.2038220178803, 0.43316910173432144
239.86757122445485, 0.4407203969140204
239.86757122445485, 0.42330158751560243
244.62379578485323, 0.42574719030742847
244.62379578485323, 0.4089201743313019
249.47432935064788, 0.41128268926031036
249.47432935064788, 0.39730961081163857
254.42104193205037, 0.40191374358080495
254.42104193205037, 0.38825896934570586
259.465840618852, 0.39275822079858536
259.465840618852, 0.3772350441186393
264.6106703156559, 0.3794144998643306
264.6106703156559, 0.36441871364157
269.85751449169135, 0.36652412370796295
269.85751449169135, 0.3540716902172343
275.2083959454936, 0.3581747701005349
275.2083959454936, 0.34401845218244104
280.66537758474544, 0.34600600080477173
280.66537758474544, 0.33425065802180276
286.23056322158584, 0.3381240463462627
286.23056322158584, 0.32476020306247566
291.9060983836827, 0.3266364881573297
291.9060983836827, 0.3137266732959787
297.69417114139355, 0.3191957677127267
297.69417114139355, 0.30481896050320156
303.59701295132413, 0.30481896050320156
303.59701295132413, 0.2944629222867279
309.61689951661344, 0.297875239414006
309.61689951661344, 0.28610216955794276
315.7561516642804, 0.28775510988525155
315.7561516642804, 0.27638202289493047
322.01713623996204, 0.27797880558305926
322.01713623996204, 0.26853464525512055
328.40226702039826, 0.27164649839491717
328.40226702039826, 0.2594113445125475
334.9140056440046, 0.2594113445125475
334.9140056440046, 0.25059800234668
341.55486255990195, 0.2535020007476624
341.55486255990195, 0.2420840881039769
348.32739799576063, 0.2448894249309827
348.32739799576063, 0.2352105395278341
355.23422294483566, 0.23656945612323896
355.23422294483566, 0.2259141974814421
362.27800017257664, 0.22853215317981884
362.27800017257664, 0.21949976428762533
369.4614452431922, 0.2207679127004332
369.4614452431922, 0.212042393710293
376.78732756657473, 0.2132674575544588
376.78732756657473, 0.20483838274866753
384.25847146598153, 0.2060218257961255
384.25847146598153, 0.19674245441958838
391.8777572668848, 0.19902235995630307
391.8777572668848, 0.19115630116170979
399.6481224074173, 0.19226069669809312
399.6481224074173, 0.18360113648460946
407.5725625708297, 0.18572875682386608
407.5725625708297, 0.1783881076558831
415.6541328404096, 0.17941873562180277
415.6541328404096, 0.1713375865818414
423.8959488772962, 0.17332309354040656
423.8959488772962, 0.16551649660885964
432.30118812164983, 0.16743454717984305
432.30118812164983, 0.15989317461632835
440.87309101764276, 0.15989317461632835
440.87309101764276, 0.15269147090311763
447.41337674153914, 0.15806151442412336
449.6149622627337, 0.15094231000482672
454.05068661642525, 0.1449765427144058
458.53017208172025, 0.149213186662203
463.8121238500015, 0.14086019076185324
472.235533784758, 0.14086019076185324
472.235533784758, 0.13529290403792116
481.59927658923357, 0.13607455171793886
481.59927658923357, 0.12994565593028534
491.1486887748449, 0.12994565593028534
491.1486887748449, 0.1248097497442968
500.88745189498536, 0.12698551726291726
500.88745189498536, 0.12126599813153
510.8193205028897, 0.12126599813153
510.8193205028897, 0.1158040902600675
520.9481235991132, 0.1158040902600675
520.9481235991132, 0.11058819065189403
531.277766107717, 0.1118697169442559
531.277766107717, 0.10744823500116554
541.8122303817167, 0.10806901156153208
541.8122303817167, 0.10320150546745882
552.5555777383894, 0.10320150546745882
552.5555777383894, 0.09855323535263151
563.5119500250182, 0.09855323535263151
563.5119500250182, 0.09411432667068771
574.6855712156835, 0.09411432667068771
571.871564701175, 0.0919704192384864
580.3551929985701, 0.08884578035497816
586.0807490397215, 0.0919704192384864
592.8319956036974, 0.08682188946013858
603.598568240821, 0.08682188946013858
603.598568240821, 0.0829113690441583
609.5534342789193, 0.0796344221534433
615.5670486828983, 0.08196157581800084
622.6579571099817, 0.07767107129973005
633.966206619155, 0.07826996742805255
633.966206619155, 0.0747446317380704
646.5368330985604, 0.0747446317380704
646.5368330985604, 0.07137807970592591
659.3567167914172, 0.07220522847562941
659.3567167914172, 0.06895305299488146
665.8616707896623, 0.06622778750690549
672.4308001052162, 0.0681631596013405
680.1767397835969, 0.06434736687255277
692.5296025326877, 0.06361023402960007
692.5296025326877, 0.060745183287387865
706.2614558530638, 0.062161204340663266
706.2614558530638, 0.05936141893899116
720.2655918237731, 0.05936141893899116
720.2655918237731, 0.05668773788775048
734.5474094131816, 0.05668773788775048
734.5474094131816, 0.05413448135619843
749.1124146433341, 0.05413448135619843
749.1124146433341, 0.05169622533725855
763.9662227126706, 0.05169622533725855
763.9662227126706, 0.04936779012503845
779.1145601608406, 0.04936779012503845
779.1145601608406, 0.047144229311328806
794.5632670764304, 0.048243200746305885
794.5632670764304, 0.04607029224795673
790.6726069977155, 0.04502081927770765
810.3182993484794, 0.04607029224795673
810.3182993484794, 0.04399525311294081
819.652608047694, 0.04185262914119479
822.3392489437659, 0.0445050821758
834.5385275108748, 0.04201367523466432
830.4521244921663, 0.04105661127027068
842.7717563428165, 0.03966173795054045
851.086210971728, 0.04105661127027068
860.8901379338149, 0.03875825069441083
876.5249826645032, 0.03831425460085147
876.5249826645032, 0.036588552986070486
893.9051963760542, 0.036588552986070486
893.9051963760542, 0.034940578214582775
911.6300344105099, 0.034940578214582775
911.6300344105099, 0.03336682941340039
907.1661449653195, 0.0326067390414139
929.7063301662324, 0.03336682941340039
929.7063301662324, 0.031863963391375594
948.1410525379238, 0.031863963391375594
948.1410525379238, 0.030428787537097147
966.9413086033135, 0.030428787537097147
966.9413086033135, 0.02905825303667056
986.1143463631346, 0.029394988044785644
986.1143463631346, 0.028071016617863324
997.4737044438762, 0.027013375308275692
1005.6675575354141, 0.02839631125951594
1017.2521551415244, 0.0268066778173138
1010.6161425552224, 0.02589593729292347
1025.6084804051836, 0.025016138622216737
1035.7267302316382, 0.02589593729292347
1047.6575888038592, 0.024446275484324775
1061.4612359189614, 0.025016138622216737
1066.6843647072149, 0.023889393726206572
1066.6843647072149, 0.022945201447214465
1087.8351619897132, 0.023077766149009367
1087.8351619897132, 0.02203832694488617
1109.4053487753163, 0.02203832694488617
1109.4053487753163, 0.021045704830948028
1122.18493428678, 0.02002075262627899
1131.4032409470137, 0.021045704830948028
1144.4362270251788, 0.019867560391402927
1136.9705331277758, 0.01919257214808035
1159.5150027553589, 0.02033068984906459
1165.220624389351, 0.019414980939478712
1165.220624389351, 0.018647633081683327
1188.3252521792303, 0.018755368806921625
1188.3252521792303, 0.017910613491358255
1202.0139406215762, 0.017038344164557316
1211.8880110853434, 0.017910613491358255
1225.848126281362, 0.016907972341385677
1248.1110658520415, 0.017103906563460263
1248.1110658520415, 0.01633353429645104
1248.1110658520415, 0.01568797597261447
1266.626605022254, 0.016522811772867897
1272.85929036279, 0.015778612433634848
1272.85929036279, 0.015067932368489557
1285.4168194198091, 0.014640105137513668
1298.098236118779, 0.015242543702556259
1313.0514337296186, 0.014389261845192068
1326.0054826628061, 0.013531677960811266
1336.898094743814, 0.014224425302417208
1352.2982400024894, 0.013428137997697247
1350.0874054540604, 0.012823324993567628
1376.8576722463831, 0.01297192520158158
1376.8576722463831, 0.012387660350277661
1390.4412084294654, 0.011898056746621618
1404.1587544372046, 0.012531211956883656
1418.0116323578168, 0.011966797147449354
1418.0116323578168, 0.011493827527525868
1434.346149702601, 0.010997234701695875
1446.1287376352125, 0.011694195661027074
1460.3956749004217, 0.011167480668238184
1460.3956749004217, 0.010664489297977106
1453.2446985252245, 0.010184153021203388
1467.5818390613854, 0.011694195661027074
1482.0604241863086, 0.011167480668238184
1489.3531940073344, 0.010664489297977106
1489.3531940073344, 0.010242991432859755
1504.046566756007, 0.009894992048062325
1518.8848985403217, 0.010302169780363427
1536.3814064347484, 0.009725451436193909
1533.8696194690988, 0.009287410100853905
1564.2840198789863, 0.009503907401899048
1564.2840198789863, 0.009075844569382879
1579.7166306803438, 0.008717135492628737
1595.301493549179, 0.009503907401899048
1595.301493549179, 0.009075844569382879
1613.6782679859375, 0.008667061995062949
1611.0401105444948, 0.008276691282227662
1642.9846893904137, 0.008372603851457824
1642.9846893904137, 0.00799549574543033
1675.562682706256, 0.008181877441791986
1675.562682706256, 0.007813359790585311
1675.562682706256, 0.007547905658543184
1711.5848723874187, 0.007903903147378596
1708.7866501783626, 0.007461440439734147
1708.7866501783626, 0.007125371789839149
1708.7866501783626, 0.006843752209785345
1734.1362420701007, 0.007723853655441442
1742.6694005333661, 0.007375965725364609
1742.6694005333661, 0.007043746918149498
1759.861891329219, 0.006765353438117586
1777.2239964762916, 0.007043746918149498
1794.7573893230544, 0.00672649148522013
1794.7573893230544, 0.006460637047981573
1812.4637597265735, 0.006241140845838468
1821.3823441465672, 0.006573263219153244
1848.4022761539459, 0.006277198710790836
1848.4022761539459, 0.005994469161061527
1869.69459728235, 0.0057244739538268655
1875.8230447720593, 0.006134205253306322
1903.6505963514946, 0.005790810728472741
1903.6505963514946, 0.00552998844368283
1922.4312643004887, 0.005250578837664372
1941.3972149317615, 0.005658897101733592
1941.3972149317615, 0.005404016301674282
1960.5502761713688, 0.005130971596220512
1979.8922939789707, 0.0053421104600925185
1979.8922939789707, 0.004899868941053724
1999.4251325257378, 0.005101497958469816
2019.1506743740201, 0.004871722817169334
2019.1506743740201, 0.004652296913678901
2059.18749127086, 0.004871722817169334
2059.18749127086, 0.004652296913678901
2079.5026250419414, 0.004468421890485835
2100.0181799314914, 0.00459900241202458
2103.4570630184426, 0.004275362942256205
2131.171632482716, 0.004442754110875741
2141.6584816766886, 0.004242649266788738
2141.6584816766886, 0.004074964949384776
2184.1244499546783, 0.004098507846342237
2184.1244499546783, 0.003913908101878772
2209.2840592955627, 0.00372329587149181
2227.4324565301936, 0.003959263542716341
2249.407428946393, 0.0037809354619487917
2249.407428946393, 0.003610639406341264
2271.5991977962067, 0.003467934326054847
2297.766455983717, 0.003610639406341264
2320.435315971403, 0.0033694684779451934
2328.0411923577753, 0.0037809354619487917
2328.0411923577753, 0.003610639406341264
2339.4967769430373, 0.0031625730899606996
2351.008730985427, 0.003448013607697213
2362.5773318619486, 0.0032549928420818604
2385.8855904565453, 0.003072777432882609
2409.423799161721, 0.003217705191567323
2409.423799161721, 0.0029513305363878593
2433.194226574811, 0.003072777432882609
2445.1672373472984, 0.003217705191567323
2461.222948194769, 0.0029343773248019407
2457.199163674244, 0.002770110061884767
2481.440924040331, 0.0026301467746371824
2493.651342177254, 0.0030027801156950963
2505.921844078265, 0.002834683645422429
2505.921844078265, 0.002707007452964544
2534.788337760484, 0.0025653016891109175
2559.795562397033, 0.0027383769979778404
2585.0494984748148, 0.0025554684190317156
2593.522721926778, 0.0027383769979778404
2606.2846605953696, 0.0023985550561383177
2619.1093968933033, 0.002615038526264904
2631.997239828665, 0.002497255308125785
2657.9634892541785, 0.002384777130939551
2657.9634892541785, 0.0022905224093691173
2671.0425213931444, 0.002497255308125785
2710.667033812955, 0.002384777130939551
2710.667033812955, 0.0022773650518418754
2710.667033812955, 0.002174790890127089
2737.409408479764, 0.002088835558216436
2764.415612895449, 0.002251276640509828
2764.415612895449, 0.0021498775196259756
2791.6882499005324, 0.002029526775101338
2805.425301026343, 0.002225487085615083
2819.2299480141337, 0.002100903696450505
2819.2299480141337, 0.001971901959755152
2847.0433616873124, 0.0018939655070067606
2861.052798528368, 0.0020768367425127994
2875.1311715588904, 0.0019832945202373545
2903.496084713825, 0.0018939655070067606
2903.496084713825, 0.0018086599368519801
2936.9423598176554, 0.0017338427269617469
2961.0681830122403, 0.0018508213134451074
2990.2809169173343, 0.0017674589888336237
2990.2809169173343, 0.0016878513633463313
2990.2809169173343, 0.0016305076430157897
3019.7818521637873, 0.0018296191843932789
3049.5738320326673, 0.0017271965909998657
3049.5738320326673, 0.001649402412901295
3049.5738320326673, 0.0015842122686447677
3079.6597278557324, 0.0018086599368519801
3079.6597278557324, 0.0015215986665800961
3110.042439292172, 0.001707410647994869
3110.042439292172, 0.0016305076430157897
3110.042439292172, 0.0015570684047537333
3140.7248946080636, 0.001469903280193287
3140.7248946080636, 0.0014036977780733251
3156.1794491955516, 0.0016118293226311683
3171.7100509586157, 0.0015215986665800961
3203.000894673163, 0.0014364191478778076
3203.000894673163, 0.001371721795187044
3234.6004415429925, 0.001332774186254885
3266.5117371120023, 0.0014036977780733251
3266.5117371120023, 0.0012800982954087566
3298.7378569702205, 0.0013404742194390465
3331.281907050246, 0.0012800982954087566
3331.281907050246, 0.0012295043397509353
3364.1470239265836, 0.001325118384067617
3402.8996805753595, 0.0012509378865044034
3397.3363751179486, 0.0011809100339311676
3380.700971045883, 0.001154009115781215
3447.7353471717233, 0.0012509378865044034
3464.7006070763878, 0.0011809100339311676
3464.7006070763878, 0.0011277209957077606
3533.4005736357853, 0.001140789335988299
3533.4005736357853, 0.0010957013569737842
3574.102914603296, 0.0010403396708538667
3585.818037525938, 0.001114802360120542
3639.0131065767373, 0.001052395412369551
3639.0131065767373, 0.0010049947652361504
3621.194307739267, 0.0009821011652632972
3674.914178416097, 0.0009487348773423615
3711.169436107902, 0.000993482022998875
3711.169436107902, 0.0009112375613257352
3747.7823739104483, 0.0009487348773423615
3766.2240742258987, 0.000993482022998875
3784.7565205550122, 0.0009060031753456752
3784.7565205550122, 0.000870194765441773
3822.0954395859335, 0.0009378666216337966
3866.1233465696914, 0.0008853645859838443
3840.90281195754, 0.0008552848643260281
3904.2649986989945, 0.0008262270828602368
3897.8820251137226, 0.0007799746597985043
3936.3369958727035, 0.0008752222702056631
3942.7829413645118, 0.0007419889162195638
3981.6808869006577, 0.0008262270828602368
3975.1713482462537, 0.0007799746597985043
3994.7319607346503, 0.0008853645859838443
4014.3888250641385, 0.0007363114603091528
4034.142414860833, 0.0008074057785350397
4053.993206081421, 0.0007622069773507321
4060.631819405931, 0.0007085692011759299
4134.377986550181, 0.0007363114603091528
4134.377986550181, 0.000703147461967684
4182.003173389385, 0.0006714771939907157
4195.710859600366, 0.0007195384176915785
4216.356680131903, 0.000637549966088883
4257.953596559659, 0.0006714771939907157
4307.002289313075, 0.000641233377687093
4342.382614494905, 0.0006792584559296978
4349.49347966396, 0.0006030165868087435
4385.222853216562, 0.000641233377687093
4435.737600149565, 0.0006123517646463557
4428.485736881476, 0.0005814119232620582
4516.296158772229, 0.0006123517646463557
4516.296158772229, 0.0005847710002527116
4516.296158772229, 0.0005584324933464394
4516.296158772229, 0.0005363612907617707
4538.519482323692, 0.0005151624191917504
4613.390035692934, 0.0005584324933464394
4605.847733429589, 0.0005271712862648908
4697.17498537685, 0.0005714500220560086
4697.17498537685, 0.0005457115015992712
4697.17498537685, 0.000521132262636509
4697.17498537685, 0.0004976600902945136
4697.17498537685, 0.00047524512149555944
4790.31312370833, 0.000521132262636509
4790.31312370833, 0.0004976600902945136
4790.31312370833, 0.00047524512149555944
4790.31312370833, 0.0004538397390308445
4790.31312370833, 0.00043590240740979796
4837.5724686324975, 0.00042109288905721053
4885.298055663389, 0.00048075239234358637
4885.298055663389, 0.000459098958434456
4885.298055663389, 0.0004384208107797973
4893.297971577871, 0.0004044498273226576
4885.298055663389, 0.00038401449222977
4957.77071453373, 0.00047524512149555944
4982.166400469658, 0.00044864076674439057
4982.166400469658, 0.00042843366357370313
4982.166400469658, 0.00040913670287962174
4982.166400469658, 0.00039070889118966593
5056.076086605994, 0.0004435013514127609
5056.076086605994, 0.00042352573120916376
5080.955503460712, 0.0004044498273226576
5080.955503460712, 0.00038623311588249624
5080.955503460712, 0.0003688368982422479
5190.188744804805, 0.0003952365330089915
5181.703450473682, 0.00037311108140687226
5156.330711020629, 0.0003646116780879302
5241.393105308567, 0.00035222421877038033
5207.201041481732, 0.00034025761582569524
5284.449082532396, 0.00040913670287962174
5284.449082532396, 0.00039070889118966593
5284.449082532396, 0.00037311108140687226
5336.583378449209, 0.00035222421877038033
5336.583378449209, 0.00033830308742445616
5362.84308660592, 0.00038623311588249624
5389.23201082159, 0.0003646116780879302
5442.400053890688, 0.0003442006144251527
5442.400053890688, 0.0003286975709153651
5442.400053890688, 0.0003138927956479731
5550.314919879836, 0.00032493216781191876
5550.314919879836, 0.0003102969890115242
5550.314919879836, 0.0002963209892021229
5660.369580479105, 0.0003138927956479731
5660.369580479105, 0.0002997548381185638
5660.369580479105, 0.00028625366437608647
5660.369580479105, 0.0002733605932202713
5716.212560153687, 0.0003286975709153651
5782.059391787254, 0.0003138927956479731
5772.606464698916, 0.0002963209892021229
5772.606464698916, 0.00028297447848732877
5772.606464698916, 0.0002717903387472543
5858.242209814588, 0.0002997548381185638
5887.068842855175, 0.00028625366437608647
5887.068842855175, 0.0002733605932202713
5887.068842855175, 0.00026104823527276167
5887.068842855175, 0.0002507306972467268
6003.800843251105, 0.00027973285739312713
6003.800843251105, 0.0002671334880790259
6003.800843251105, 0.0002551016034308042
6003.800843251105, 0.0002450190970650758
6072.960493828618, 0.00023263919969726876
6122.847469189934, 0.00026104823527276167
6122.847469189934, 0.00024929043479252186
6183.253073790685, 0.0002380622141119254
6183.253073790685, 0.000227339720575482
6183.253073790685, 0.0002171001758684778
6213.678986713274, 0.00026104823527276167
6244.254616324816, 0.00024929043479252186
6244.254616324816, 0.00020851961864830953
6305.857976081554, 0.00023533508656627954
6305.857976081554, 0.00022473542481811558
6305.857976081554, 0.00021461317946720417
6368.06909035288, 0.0002025990736877404
6368.06909035288, 0.00019347386553066227
6368.06909035288, 0.00018690070898548928
6399.404426836101, 0.00023263919969726876
6399.404426836101, 0.00022216096263481518
6430.893955005773, 0.000212154672914339
6494.338625060054, 0.0002025990736877404
6494.338625060054, 0.00019347386553066227
6494.338625060054, 0.00018690070898548928
6558.409215272008, 0.00022216096263481518
6558.409215272008, 0.000212154672914339
6623.111900723694, 0.0002025990736877404
6623.111900723694, 0.00019347386553066227
6623.111900723694, 0.00018475966331943692
6623.111900723694, 0.00017643795505032576
6623.111900723694, 0.00016849106251356664
6590.681157777546, 0.00016276668145917208
6655.702225519253, 0.00022216096263481518
6655.702225519253, 0.000212154672914339
6754.438562880178, 0.00019125752090822973
6754.438562880178, 0.00018264314445464217
6754.438562880178, 0.00017441676571916613
6754.438562880178, 0.00016752320594924387
6888.369241464535, 0.00018906656567610057
6888.369241464535, 0.0001805508714237296
6888.369241464535, 0.00017241873017207352
6888.369241464535, 0.00016465286641780832
6888.369241464535, 0.00015723678275872003
6888.369241464535, 0.00015189475899288676
7024.955570329685, 0.00018690070898548928
7024.955570329685, 0.00017848256647795384
7024.955570329685, 0.00017044358317030463
7024.955570329685, 0.00016276668145917208
7024.955570329685, 0.00015543555292873767
6990.557158869262, 0.00015189475899288676
7094.261018596115, 0.00014673422722538934
7164.250207152618, 0.00018475966331943692
7164.250207152618, 0.00017643795505032576
7164.250207152618, 0.00016849106251356664
7164.250207152618, 0.0001609021037386941
7164.250207152618, 0.00015365495713134903
7234.9298815119355, 0.00014673422722538934
7306.306853735382, 0.0001609021037386941
7306.306853735382, 0.00015365495713134903
7306.306853735382, 0.00014093477806406123
7390.470476448565, 0.00014673422722538934
7390.470476448565, 0.00013381387153519445
7378.3880030894, 0.00012632293360037358
7378.3880030894, 0.00012203118899950315
7524.690690265084, 0.000150154724847468
7524.690690265084, 0.0001433916479238596
7524.690690265084, 0.00013693318485453484
7524.690690265084, 0.0001307656156121642
7524.690690265084, 0.00012487583812932805
7524.690690265084, 0.00011994030885028083
7598.926328645154, 0.00011388017422561064
7598.926328645154, 0.00010875092918091354
7673.894346631581, 0.00014843462370597412
7673.894346631581, 0.0001417490213763099
7673.894346631581, 0.00013536454338943313
7673.894346631581, 0.00012926762688812555
7673.894346631581, 0.0001234453198960229
7673.894346631581, 0.00011788525380310215
7711.6552531287525, 0.00011128600434160376
7711.6552531287525, 0.0001075051302384387
7787.735410340228, 0.00014673422722538934
7826.056494182572, 0.00013852000416727982
7826.056494182572, 0.00013228096344049934
7826.056494182572, 0.00012632293360037358
7826.056494182572, 0.00012063325771422997
7826.056494182572, 0.00011519984892675702
7981.235795489066, 0.00012203118899950315
7981.235795489066, 0.00011653481638038395
7981.235795489066, 0.00011128600434160376
7981.235795489066, 0.00010627360257637257
7981.235795489066, 0.00010207329861875431
8059.975528287189, 0.00009803900534402133
8139.4920763154405, 0.00011001116478331011
8139.4920763154405, 0.00010505618270971204
8139.4920763154405, 0.00010032437659646324
8219.79310332729, 0.00009635920682854388
8300.886348683813, 0.00010627360257637257
8300.886348683813, 0.00010148696299574612
8300.886348683813, 0.00009255075441907532
8300.886348683813, 0.00008889282535068195
8382.77962809956, 0.00011653481638038395
8382.77962809956, 0.00011128600434160376
8382.77962809956, 0.0000969159171083732
8465.480834395854, 0.00010627360257637257
8465.480834395854, 0.00010148696299574612
8465.480834395854, 0.00009255075441907532
8465.480834395854, 0.00008838220180036813
8465.480834395854, 0.00008440140379310616
8465.480834395854, 0.00008059990379440059
8465.480834395854, 0.00007741431408365393
8507.13689790181, 0.00011653481638038395
8507.13689790181, 0.00011128600434160376
8548.997938261495, 0.0000969159171083732
8633.338989020936, 0.00010032437659646324
8647.476506361012, 0.00009255075441907532
8633.338989020936, 0.00008736973731509145
8633.338989020936, 0.00008343454143725517
8633.338989020936, 0.00007967658961523054
8591.064964103844, 0.00007786157123608142
8804.52552635992, 0.00010148696299574612
8804.52552635992, 0.0000969159171083732
8804.52552635992, 0.00009255075441907532
8804.52552635992, 0.00008838220180036813
8804.52552635992, 0.00008440140379310616
8761.413269102577, 0.00008059990379440059
8761.413269102577, 0.00007786157123608142
8891.387511787247, 0.00010505618270971204
8979.106443394112, 0.00009917510823425547
8979.106443394112, 0.00009470818994995369
8979.106443394112, 0.00009044246488150922
8979.106443394112, 0.00008636887114161376
8979.106443394112, 0.00008295527169192488
9067.69077547441, 0.00010385270902625964
9157.149045728798, 0.00009917510823425547
9157.149045728798, 0.00009470818994995369
9157.149045728798, 0.00009044246488150922
9157.149045728798, 0.00008636887114161376
9157.149045728798, 0.00008247875499688822
9157.149045728798, 0.00007876385248433642
9157.149045728798, 0.00007521627185580521
9157.149045728798, 0.00007224346208278384
9202.208598711593, 0.00010385270902625964
9247.489876087524, 0.0000685932704985648
9247.489876087524, 0.00006588222487146232
9338.721973541407, 0.00008247875499688822
9338.721973541407, 0.00007876385248433642
9338.721973541407, 0.00007521627185580521
9338.721973541407, 0.00007182847681316118
9338.721973541407, 0.00006255344278042856
9446.297618602443, 0.0000685932704985648
9430.854130981023, 0.00006475340004151739
9430.854130981023, 0.00006077734865163329
9477.260503670364, 0.00008059990379440059
9477.260503670364, 0.00007696962609284521
9523.895228044114, 0.00007266084490810661
9617.854231971469, 0.0000685932704985648
9617.854231971469, 0.00006550378020583562
9617.854231971469, 0.00006255344278042856
9617.854231971469, 0.00005973599067700452
9665.180775438452, 0.00007182847681316118
9712.740198471138, 0.00005704543864497934
9712.740198471138, 0.000054476071013765125
9712.740198471138, 0.00005202242955069234
9808.56227259122, 0.00006550378020583562
9808.56227259122, 0.00006255344278042856
9808.56227259122, 0.00005973599067700452
9921.550154293323, 0.0000572649456444809
9856.827232482106, 0.000054476071013765125
9856.827232482106, 0.00005202242955069234
10003.051775882366, 0.00006401161587561672
10003.051775882366, 0.00006112848660605149
10101.737949825998, 0.00005837521555473789
10101.737949825998, 0.00005574595381402381
10101.737949825998, 0.00005323511591526884
10101.737949825998, 0.00005083736796336185
10101.737949825998, 0.00004854761630566845
10101.737949825998, 0.000046898240660038525
10201.397722741805, 0.00006401161587561672
10201.397722741805, 0.00006112848660605149
10302.040699774288, 0.00005837521555473789
10302.040699774288, 0.00005574595381402381
10302.040699774288, 0.00005323511591526884
10302.040699774288, 0.00005083736796336185
10302.040699774288, 0.00004854761630566845
10302.040699774288, 0.00004662884494610067
10352.733917327498, 0.00006401161587561672
10352.733917327498, 0.00006112848660605149
10403.676580828436, 0.00004452864819538356
10523.51976947457, 0.00005837521555473789
10506.31516150484, 0.00005510735466979737
10506.31516150484, 0.000052625279736311214
10506.31516150484, 0.00005025499924500725
10506.31516150484, 0.00004799147789371361
10506.31516150484, 0.00004582990717389422
10523.51976947457, 0.00004244146826606422
10609.966334043453, 0.00006550378020583562
10609.966334043453, 0.00006255344278042856
10714.640088277352, 0.00005973599067700452
10714.640088277352, 0.00005704543864497934
10714.640088277352, 0.000054476071013765125
10714.640088277352, 0.00005202242955069234
10714.640088277352, 0.000049679301865821066
10714.640088277352, 0.00004744171033900764
10714.640088277352, 0.00004530490154570343
10714.640088277352, 0.00004326433615902413
10714.640088277352, 0.000041554378483863156
10767.363582275128, 0.00006550378020583562
10767.363582275128, 0.00006255344278042856
10838.065362352201, 0.000039454791361980156
10820.346512595232, 0.000037246101112358634
10820.346512595232, 0.000035568509899805954
10820.346512595232, 0.00003416271815776563
10927.095794913941, 0.00005574595381402381
10927.095794913941, 0.00005323511591526884
10927.095794913941, 0.00005083736796336185
10927.095794913941, 0.00004854761630566845
10927.095794913941, 0.000046360996711336156
10927.095794913941, 0.00004427286403797253
10927.095794913941, 0.000042278782363743415
11034.89822366029, 0.000040374515563927796
10980.864719003777, 0.000038556018311912264
10980.864719003777, 0.0000368194274855071
10980.864719003777, 0.00003516105396032731
10980.864719003777, 0.000033966478603389104
11089.197610804218, 0.00005574595381402381
11089.197610804218, 0.00005323511591526884
11089.197610804218, 0.00005083736796336185
11089.197610804218, 0.00004854761630566845
11143.76418876266, 0.000046360996711336156
11143.76418876266, 0.00004427286403797253
11143.76418876266, 0.000042278782363743415
11272.132676914523, 0.000040374515563927796
11198.59927230055, 0.0000390028160296816
11309.080247554079, 0.00004530490154570343
11364.72880127497, 0.00004276872049265935
11383.339103812355, 0.000037677719150252944
11364.72880127497, 0.000035568509899805954
11364.72880127497, 0.000033966478603389104
11364.72880127497, 0.0000324366039500795
11309.080247554079, 0.000031697703946817794
11476.848745111423, 0.000040374515563927796
11609.054137939387, 0.000038556018311912264
11590.074820209356, 0.00003639764162887616
11590.074820209356, 0.000034758265642379114
11590.074820209356, 0.00003319272833072003
11590.074820209356, 0.000031697703946817794
11590.074820209356, 0.00003027001653763468
11590.074820209356, 0.00002890663319734437
11590.074820209356, 0.000027604657624382777
11590.074820209356, 0.00002636132396869386
11533.322836722607, 0.000025760817750582114
11723.584499437631, 0.000024885609683891517
11647.10606299332, 0.000024040136277312128
11839.244772429925, 0.000046360996711336156
11819.889122473465, 0.000043765695155699495
11819.889122473465, 0.00004179445673310661
11819.889122473465, 0.0000399120043084257
11819.889122473465, 0.000038114338896381804
11819.889122473465, 0.00003639764162887616
11819.889122473465, 0.000034758265642379114
11819.889122473465, 0.00003319272833072003
11819.889122473465, 0.000031697703946817794
11819.889122473465, 0.00003027001653763468
11819.889122473465, 0.00002890663319734437
11819.889122473465, 0.000027604657624382777
11819.889122473465, 0.00002636132396869386
11878.051211733484, 0.000024885609683891517
11878.051211733484, 0.000024040136277312128
11995.235392547078, 0.00004744171033900764
11995.235392547078, 0.00004530490154570343
11995.235392547078, 0.00004326433615902413
12054.260307617513, 0.000040842386526745255
12054.260307617513, 0.0000390028160296816
12054.260307617513, 0.000037246101112358634
12054.260307617513, 0.000035568509899805954
12054.260307617513, 0.000033966478603389104
12054.260307617513, 0.0000324366039500795
12054.260307617513, 0.000030975635952716494
11995.235392547078, 0.00003027001653763468
12193.117083951514, 0.00002924161119316548
12113.575666392058, 0.000028248145292856076
12293.278731991673, 0.000035980687550493994
12293.278731991673, 0.000034360091475908245
12293.278731991673, 0.00003281248821540587
12293.278731991673, 0.000031334590120083186
12434.888835949772, 0.000029923257619110365
12414.559384183025, 0.000028248145292856076
12414.559384183025, 0.000026975828489246247
12537.036543581034, 0.000040374515563927796
12537.036543581034, 0.000038556018311912264
12537.036543581034, 0.0000368194274855071
12537.036543581034, 0.00003516105396032731
12537.036543581034, 0.000033577374772806566
12537.036543581034, 0.00003206502563619438
12537.036543581034, 0.000025612840901304333
12660.722014455056, 0.00003062079379363771
12660.722014455056, 0.00002924161119316548
12660.722014455056, 0.00002792454797007668
12660.722014455056, 0.00002666680622288579
12660.722014455056, 0.000024318719971734957
12660.722014455056, 0.000023223387313907445
12723.021587341991, 0.000040374515563927796
12723.021587341991, 0.000038556018311912264
12723.021587341991, 0.0000368194274855071
12785.627717530908, 0.00003516105396032731
12785.627717530908, 0.000033577374772806566
12785.627717530908, 0.00003206502563619438
12785.627717530908, 0.000025465714069605015
12911.765691139386, 0.00003062079379363771
12911.765691139386, 0.00002924161119316548
12911.765691139386, 0.00002792454797007668
12911.765691139386, 0.00002666680622288579
12911.765691139386, 0.000024318719971734957
12911.765691139386, 0.000023223387313907445
12975.300573814779, 0.000033577374772806566
13039.148092376938, 0.00003206502563619438
13039.148092376938, 0.000025465714069605015
13039.148092376938, 0.00002217738922766508
13039.148092376938, 0.00002117850364838105
13039.148092376938, 0.000020224608594819324
13039.148092376938, 0.00001931367766130674
13039.148092376938, 0.000018443775712940635
13039.148092376938, 0.00001761305477468771
13039.148092376938, 0.000016916925332546113
13167.787198276954, 0.00003062079379363771
13167.787198276954, 0.00002924161119316548
13167.787198276954, 0.00002792454797007668
13167.787198276954, 0.00002666680622288579
13167.787198276954, 0.000024318719971734957
13167.787198276954, 0.000023223387313907445
13297.695406993313, 0.000025465714069605015
13297.695406993313, 0.00002217738922766508
13297.695406993313, 0.00002117850364838105
13297.695406993313, 0.000020224608594819324
13297.695406993313, 0.00001931367766130674
13297.695406993313, 0.000018443775712940635
13297.695406993313, 0.00001761305477468771
13297.695406993313, 0.000016819750105640897
13363.129332743392, 0.00003062079379363771
13428.885238995179, 0.00002924161119316548
13428.885238995179, 0.00002792454797007668
13428.885238995179, 0.00002666680622288579
13428.885238995179, 0.000024318719971734957
13428.885238995179, 0.000023223387313907445
13561.369338273735, 0.000025465714069605015
13561.369338273735, 0.00002217738922766508
13561.369338273735, 0.00002117850364838105
13561.369338273735, 0.000020224608594819324
13561.369338273735, 0.00001931367766130674
13561.369338273735, 0.000018443775712940635
13561.369338273735, 0.00001761305477468771
13561.369338273735, 0.000016819750105640897
13695.16047356081, 0.00002792454797007668
13695.16047356081, 0.00002666680622288579
13695.16047356081, 0.000024318719971734957
13695.16047356081, 0.000023223387313907445
13830.27153955952, 0.000025465714069605015
13830.27153955952, 0.00002217738922766508
13830.27153955952, 0.00002117850364838105
13830.27153955952, 0.000020224608594819324
13830.27153955952, 0.00001931367766130674
13830.27153955952, 0.000018443775712940635
13830.27153955952, 0.000017817159685433783
13966.715558187077, 0.00002792454797007668
13966.715558187077, 0.00002666680622288579
13966.715558187077, 0.000024318719971734957
13966.715558187077, 0.000023223387313907445
14104.50567982969, 0.000025465714069605015
14104.50567982969, 0.00002217738922766508
14104.50567982969, 0.00002117850364838105
14104.50567982969, 0.000020224608594819324
14104.50567982969, 0.00001931367766130674
14104.50567982969, 0.000018443775712940635
14104.50567982969, 0.00001761305477468771
14104.50567982969, 0.000016819750105640897
14243.655184610305, 0.00002666680622288579
14243.655184610305, 0.000024318719971734957
14243.655184610305, 0.000023223387313907445
14384.17748366811, 0.00003206502563619438
14384.17748366811, 0.00003062079379363771
14384.17748366811, 0.00002924161119316548
14384.17748366811, 0.00002792454797007668
14384.17748366811, 0.000025465714069605015
14384.17748366811, 0.00002217738922766508
14384.17748366811, 0.00002117850364838105
14384.17748366811, 0.000020224608594819324
14384.17748366811, 0.00001931367766130674
14384.17748366811, 0.000018443775712940635
14384.17748366811, 0.00001761305477468771
14384.17748366811, 0.000016819750105640897
14526.08612045155, 0.00002666680622288579
14526.08612045155, 0.000024318719971734957
14526.08612045155, 0.000023223387313907445
14526.08612045155, 0.000016062176450094133
14597.564584317177, 0.00003206502563619438
14597.564584317177, 0.00003062079379363771
14597.564584317177, 0.00002924161119316548
14597.564584317177, 0.00002792454797007668
14669.394772023195, 0.000025465714069605015
14669.394772023195, 0.00002217738922766508
14669.394772023195, 0.00002117850364838105
14669.394772023195, 0.000020224608594819324
14669.394772023195, 0.00001931367766130674
14669.394772023195, 0.000018443775712940635
14669.394772023195, 0.00001761305477468771
14669.394772023195, 0.000016819750105640897
14814.117250378255, 0.000024318719971734957
14814.117250378255, 0.000023223387313907445
14814.117250378255, 0.000016062176450094133
14960.26750377562, 0.000025465714069605015
14960.26750377562, 0.00002217738922766508
14960.26750377562, 0.00002117850364838105
14960.26750377562, 0.000020224608594819324
14960.26750377562, 0.00001931367766130674
14960.26750377562, 0.000018443775712940635
14960.26750377562, 0.00001761305477468771
14960.26750377562, 0.000016819750105640897
14960.26750377562, 0.000015338724457471804
14960.26750377562, 0.00001464785726350711
14960.26750377562, 0.000013988107225406294
14960.26750377562, 0.000013358072804063898
15033.882442536222, 0.000024318719971734957
15033.882442536222, 0.000023223387313907445
15132.599481487785, 0.000016062176450094133
15107.859618082217, 0.000010248415229983587
15256.907818130629, 0.00002069606114487631
15256.907818130629, 0.000019763895649047387
15256.907818130629, 0.00001887371555834127
15256.907818130629, 0.00001802362981988028
15256.907818130629, 0.000017211832555170077
15182.200812870926, 0.000014989311073472074
15182.200812870926, 0.000014314181709912176
15182.200812870926, 0.000013669460659002955
15182.200812870926, 0.0000132050490726977
15407.42646908991, 0.0000164365992237839
15407.42646908991, 0.000010248415229983587
15483.241741490272, 0.00002069606114487631
15559.43007785045, 0.00001953748985661681
15559.43007785045, 0.000018657507245821553
15559.43007785045, 0.000017817159685433783
15559.43007785045, 0.000017014661984244494
15584.909410100321, 0.00001569628295983753
15559.43007785045, 0.000014817600652012627
15712.933294421648, 0.000013988107225406294
15712.933294421648, 0.000013358072804063898
15712.933294421648, 0.000012756415586704847
15712.933294421648, 0.000012181857443629158
15712.933294421648, 0.00001163317781301891
15712.933294421648, 0.000011109211108039232
15712.933294421648, 0.000010608844240725557
15893.935463641124, 0.00001931367766130674
15867.9509133444, 0.0000182324925868884
15867.9509133444, 0.0000174112879927639
15867.9509133444, 0.000016627071044853802
15867.9509133444, 0.000015878175792940327
15867.9509133444, 0.000015163011322402932
15867.9509133444, 0.000014480058374561109
16024.49787511649, 0.000022694362728337292
16024.49787511649, 0.00002167219229034459
16024.49787511649, 0.00002069606114487631
16024.49787511649, 0.000013669460659002955
16024.49787511649, 0.000013053778308447666
16024.49787511649, 0.000012465826734273493
16024.49787511649, 0.000011904356922345112
16024.49787511649, 0.000011368176115023254
16024.49787511649, 0.000010856145277331481
16024.49787511649, 0.000010487314364746385
16182.589267632911, 0.000019763895649047387
16182.589267632911, 0.00001887371555834127
16182.589267632911, 0.00001802362981988028
16182.589267632911, 0.000017211832555170077
16182.589267632911, 0.0000164365992237839
16182.589267632911, 0.00001569628295983753
16182.589267632911, 0.000014989311073472074
16182.589267632911, 0.000014314181709912176
16182.589267632911, 0.000010014958174537302
16262.21888104889, 0.000022694362728337292
16262.21888104889, 0.00002167219229034459
16262.21888104889, 0.00002069606114487631
16342.240327639855, 0.000013669460659002955
16342.240327639855, 0.000013053778308447666
16342.240327639855, 0.000012465826734273493
16342.240327639855, 0.000011904356922345112
16342.240327639855, 0.000011368176115023254
16342.240327639855, 0.000010856145277331481
16342.240327639855, 0.000010487314364746385
16503.46644220326, 0.00001802362981988028
16503.46644220326, 0.000017211832555170077
16503.46644220326, 0.0000164365992237839
16503.46644220326, 0.00001569628295983753
16503.46644220326, 0.000014989311073472074
16503.46644220326, 0.000014314181709912176
16503.46644220326, 0.000010014958174537302
16693.575008802953, 0.000013669460659002955
16666.28315019184, 0.000012904240430155937
16666.28315019184, 0.000012323024149692351
16666.28315019184, 0.000011767986268996217
16666.28315019184, 0.000011237947694092653
16666.28315019184, 0.000010731782438248459
16584.67499486947, 0.000010487314364746385
16830.706143774536, 0.00001761305477468771
16830.706143774536, 0.000016819750105640897
16830.706143774536, 0.000016062176450094133
16830.706143774536, 0.000015338724457471804
16830.706143774536, 0.00001464785726350711
16830.706143774536, 0.000010014958174537302
16996.7512699333, 0.000013988107225406294
16996.7512699333, 0.000013358072804063898
16996.7512699333, 0.000012756415586704847
16996.7512699333, 0.000012181857443629158
16996.7512699333, 0.00001163317781301891
16996.7512699333, 0.000011109211108039232
16996.7512699333, 0.000010608844240725557
17192.542137996963, 0.000016819750105640897
17164.43453198989, 0.000015878175792940327
17164.43453198989, 0.000015163011322402932
17164.43453198989, 0.000014480058374561109
17080.387127617632, 0.000010014958174537302
17333.772091148825, 0.000019763895649047387
17333.772091148825, 0.00001887371555834127
17333.772091148825, 0.00001802362981988028
17333.772091148825, 0.000013669460659002955
17333.772091148825, 0.000013053778308447666
17333.772091148825, 0.000012465826734273493
17333.772091148825, 0.000011904356922345112
17333.772091148825, 0.000011368176115023254
17333.772091148825, 0.000010856145277331481
17333.772091148825, 0.000010487314364746385
17504.780268054463, 0.000017211832555170077
17504.780268054463, 0.0000164365992237839
17504.780268054463, 0.00001569628295983753
17504.780268054463, 0.000014989311073472074
17504.780268054463, 0.000014314181709912176
17504.780268054463, 0.000010014958174537302
17590.915982347367, 0.000019763895649047387
17590.915982347367, 0.00001887371555834127
17590.915982347367, 0.00001802362981988028
17590.915982347367, 0.000013669460659002955
17677.475544364366, 0.000012904240430155937
17677.475544364366, 0.000012323024149692351
17677.475544364366, 0.000011767986268996217
17677.475544364366, 0.000011237947694092653
17677.475544364366, 0.000010731782438248459
17590.915982347367, 0.000010487314364746385
17851.874564337602, 0.000010014958174537302
18027.994136438956, 0.000012756415586704847
18027.994136438956, 0.000012181857443629158
18027.994136438956, 0.00001163317781301891
18027.994136438956, 0.000011109211108039232
18027.994136438956, 0.000010608844240725557
18205.85123495892, 0.000010014958174537302
18415.570101848305, 0.000010856145277331481
18295.436706836907, 0.000010487314364746385
18566.846747377112, 0.000012181857443629158
18566.846747377112, 0.00001163317781301891
18566.846747377112, 0.000010014958174537302
18780.72403393272, 0.000011109211108039232
18750.01995378935, 0.000010547904275215911
18935.000275001712, 0.000014989311073472074
18935.000275001712, 0.000014314181709912176
18935.000275001712, 0.000013669460659002955
18935.000275001712, 0.000013053778308447666
18935.000275001712, 0.000012465826734273493
18935.000275001712, 0.000011904356922345112
18935.000275001712, 0.000010014958174537302
19121.805539297795, 0.000011368176115023254
19121.805539297795, 0.000010856145277331481
19121.805539297795, 0.000010487314364746385
19215.898144487703, 0.000014989311073472074
19215.898144487703, 0.000014314181709912176
19310.45375084835, 0.000013512869816410173
19310.45375084835, 0.000012904240430155937
19310.45375084835, 0.000012323024149692351
19310.45375084835, 0.000011767986268996217
19310.45375084835, 0.000010014958174537302
19532.896877922285, 0.000011109211108039232
19500.96309144592, 0.000010547904275215911
19693.351922257603, 0.000014989311073472074
19693.351922257603, 0.000014314181709912176
19693.351922257603, 0.000013669460659002955
19693.351922257603, 0.000013053778308447666
19693.351922257603, 0.000012465826734273493
19693.351922257603, 0.000011904356922345112
19693.351922257603, 0.000010014958174537302
19887.63878559453, 0.000011368176115023254
19887.63878559453, 0.000010856145277331481
19887.63878559453, 0.000010487314364746385
19985.49982390317, 0.000014989311073472074
19985.49982390317, 0.000014314181709912176
19985.49982390317, 0.000013669460659002955
19985.49982390317, 0.000013053778308447666
19985.49982390317, 0.000012465826734273493
19985.49982390317, 0.000011904356922345112
20083.842406698965, 0.000010131014257396774
20482.07574868135, 0.000010248415229983587
20888.205477792002, 0.000010248415229983587
21337.271876552393, 0.000010248415229983587
21618.40587923663, 0.000010487314364746385
21724.783497451026, 0.000010072819071812517
22047.067379724627, 0.000010248415229983587
23499.79692400375, 0.000010248415229983587
23848.41286239488, 0.000010248415229983587
