14.356026037062655, 0.00001569628295983753
14.332555771848945, 0.000014817600652012627
14.332555771848945, 0.000014150205249472573
14.332555771848945, 0.000013512869816410173
14.332555771848945, 0.000012904240430155937
14.262374950663157, 0.000012610284154381614
14.497656942747724, 0.00002792454797007668
14.473955129129859, 0.00002636132396869386
14.473955129129859, 0.000025173990956099436
14.473955129129859, 0.000024040136277312128
14.473955129129859, 0.000022957351229671148
14.473955129129859, 0.000021923335600217714
14.473955129129859, 0.000020935892779241115
14.473955129129859, 0.000019992925093913516
14.473955129129859, 0.000019092429352101648
14.473955129129859, 0.0000182324925868884
14.473955129129859, 0.0000174112879927639
14.473955129129859, 0.000016627071044853802
14.616749476847778, 0.000035980687550493994
14.616749476847778, 0.000034360091475908245
14.616749476847778, 0.00003281248821540587
14.616749476847778, 0.000031334590120083186
14.616749476847778, 0.000029923257619110365
14.545177072199127, 0.00001569628295983753
14.545177072199127, 0.000014989311073472074
14.545177072199127, 0.000014314181709912176
14.545177072199127, 0.000013669460659002955
14.545177072199127, 0.000013053778308447666
14.545177072199127, 0.000012610284154381614
14.7609525774296, 0.000028575492550188536
14.7609525774296, 0.00002728843179040736
14.7609525774296, 0.000026059341173973935
14.7609525774296, 0.000024885609683891517
14.7609525774296, 0.000023764743905248767
14.7609525774296, 0.000022694362728337292
14.7609525774296, 0.00002167219229034459
14.7609525774296, 0.00002069606114487631
14.7609525774296, 0.000019763895649047387
14.7609525774296, 0.00001887371555834127
14.7609525774296, 0.00001802362981988028
14.906578329076918, 0.00004326433615902413
14.906578329076918, 0.00004131567930663702
14.906578329076918, 0.000039454791361980156
14.906578329076918, 0.000037677719150252944
14.906578329076918, 0.000035980687550493994
14.906578329076918, 0.000034360091475908245
14.906578329076918, 0.00003281248821540587
14.906578329076918, 0.000031334590120083186
14.906578329076918, 0.000029923257619110365
15.053640767105525, 0.000028575492550188536
15.053640767105525, 0.00002728843179040736
15.053640767105525, 0.000026059341173973935
15.053640767105525, 0.000024885609683891517
15.053640767105525, 0.000023764743905248767
15.053640767105525, 0.000022694362728337292
15.053640767105525, 0.00002167219229034459
15.053640767105525, 0.00002069606114487631
15.053640767105525, 0.000019763895649047387
15.053640767105525, 0.00001887371555834127
15.053640767105525, 0.00001802362981988028
15.053640767105525, 0.000017211832555170077
15.053640767105525, 0.000016627071044853802
15.227048340500106, 0.000049679301865821066
15.202154065298112, 0.000046898240660038525
15.202154065298112, 0.00004478591013239164
15.202154065298112, 0.00004276872049265935
15.202154065298112, 0.000040842386526745255
15.202154065298112, 0.0000390028160296816
15.202154065298112, 0.000037246101112358634
15.202154065298112, 0.000035568509899805954
15.202154065298112, 0.000033966478603389104
15.202154065298112, 0.0000324366039500795
15.202154065298112, 0.000030975635952716494
15.202154065298112, 0.000029580471005901068
15.377272409598872, 0.00002792454797007668
15.352132537270345, 0.000026513625139763023
15.276959254460946, 0.000025465714069605015
15.276959254460946, 0.000024318719971734957
15.276959254460946, 0.000023223387313907445
15.276959254460946, 0.00002217738922766508
15.276959254460946, 0.000021423925958831113
15.528978530270072, 0.00006550378020583562
15.503590637850373, 0.00006183686027901019
15.503590637850373, 0.00005905168356741365
15.503590637850373, 0.00005639195322032882
15.503590637850373, 0.000053852019043172345
15.503590637850373, 0.00005142648533019359
15.503590637850373, 0.00004911019940211366
15.503590637850373, 0.00004716919279362986
15.427675725003516, 0.00004530490154570343
15.427675725003516, 0.00004326433615902413
15.427675725003516, 0.00004131567930663702
15.427675725003516, 0.000039454791361980156
15.427675725003516, 0.000037677719150252944
15.427675725003516, 0.000035980687550493994
15.427675725003516, 0.000034360091475908245
15.427675725003516, 0.00003281248821540587
15.427675725003516, 0.000031334590120083186
15.427675725003516, 0.000029923257619110365
15.656542964471994, 0.00011128600434160376
15.656542964471994, 0.00010627360257637257
15.656542964471994, 0.00010148696299574612
15.656542964471994, 0.0000969159171083732
15.656542964471994, 0.00009255075441907532
15.656542964471994, 0.00008838220180036813
15.656542964471994, 0.00008440140379310616
15.656542964471994, 0.00008059990379440059
15.656542964471994, 0.00007696962609284521
15.656542964471994, 0.00007350285871289043
15.656542964471994, 0.00007019223703191866
15.811004258581564, 0.00006741799466267771
15.733584063586145, 0.00006401161587561672
15.733584063586145, 0.00006112848660605149
15.888805414874097, 0.00011128600434160376
15.966989407058746, 0.00010627360257637257
15.966989407058746, 0.00010148696299574612
15.966989407058746, 0.0000969159171083732
15.966989407058746, 0.00009255075441907532
15.966989407058746, 0.00008838220180036813
15.966989407058746, 0.00008440140379310616
15.966989407058746, 0.00008059990379440059
15.966989407058746, 0.00007696962609284521
15.966989407058746, 0.00007350285871289043
15.966989407058746, 0.00007019223703191866
16.28359155042398, 0.00009917510823425547
16.28359155042398, 0.00009470818994995369
16.28359155042398, 0.00009044246488150922
16.28359155042398, 0.00008636887114161376
16.28359155042398, 0.00008247875499688822
16.28359155042398, 0.00007876385248433642
16.28359155042398, 0.00007521627185580521
16.28359155042398, 0.00007182847681316118
16.28359155042398, 0.0000685932704985648
16.28359155042398, 0.00006550378020583562
16.28359155042398, 0.00006255344278042856
16.28359155042398, 0.00005973599067700452
16.28359155042398, 0.00005704543864497934
16.28359155042398, 0.000054476071013765125
16.28359155042398, 0.00005202242955069234
16.28359155042398, 0.000049679301865821066
16.28359155042398, 0.00004799147789371361
16.606471453148096, 0.00008636887114161376
16.606471453148096, 0.00008247875499688822
16.606471453148096, 0.00007876385248433642
16.606471453148096, 0.00007521627185580521
16.606471453148096, 0.00007182847681316118
16.606471453148096, 0.0000685932704985648
16.606471453148096, 0.00006550378020583562
16.606471453148096, 0.00006255344278042856
16.606471453148096, 0.00005973599067700452
16.606471453148096, 0.00005704543864497934
16.606471453148096, 0.000054476071013765125
16.606471453148096, 0.00005202242955069234
16.606471453148096, 0.000049679301865821066
16.606471453148096, 0.00004744171033900764
16.606471453148096, 0.00004530490154570343
16.770304368055793, 0.000043765695155699495
16.935753594055384, 0.0001433916479238596
16.935753594055384, 0.00013693318485453484
16.935753594055384, 0.0001307656156121642
16.935753594055384, 0.00012487583812932805
16.935753594055384, 0.000119251340465158
16.935753594055384, 0.00011388017422561064
16.935753594055384, 0.00010875092918091354
16.935753594055384, 0.00010385270902625964
16.935753594055384, 0.00009917510823425547
16.935753594055384, 0.00009470818994995369
16.935753594055384, 0.00009044246488150922
16.935753594055384, 0.00008636887114161376
16.935753594055384, 0.00008247875499688822
16.935753594055384, 0.00007876385248433642
16.935753594055384, 0.00007521627185580521
16.935753594055384, 0.00007182847681316118
16.935753594055384, 0.0000685932704985648
16.935753594055384, 0.00006550378020583562
16.935753594055384, 0.00006255344278042856
16.935753594055384, 0.00005973599067700452
16.935753594055384, 0.00005704543864497934
16.935753594055384, 0.000054476071013765125
16.935753594055384, 0.00005202242955069234
16.935753594055384, 0.000049679301865821066
16.935753594055384, 0.00004744171033900764
16.935753594055384, 0.00004530490154570343
17.130841810905284, 0.0001805508714237296
17.10283507703632, 0.00017044358317030463
17.10283507703632, 0.00016276668145917208
17.10283507703632, 0.00015543555292873767
17.10283507703632, 0.00014843462370597412
17.01908930067806, 0.000043765695155699495
17.271564920203883, 0.00024361164353050213
17.271564920203883, 0.00023263919969726876
17.271564920203883, 0.00022216096263481518
17.271564920203883, 0.000212154672914339
17.271564920203883, 0.0002025990736877404
17.271564920203883, 0.00019347386553066227
17.186992940958955, 0.00014012521197755327
17.186992940958955, 0.00013381387153519445
17.186992940958955, 0.00012778679841073795
17.186992940958955, 0.00012203118899950315
17.186992940958955, 0.00011653481638038395
17.186992940958955, 0.00011128600434160376
17.186992940958955, 0.00010627360257637257
17.186992940958955, 0.00010148696299574612
17.44195938563127, 0.00030674237422638825
17.44195938563127, 0.00029292647682635227
17.44195938563127, 0.00027973285739312713
17.44195938563127, 0.0002671334880790259
17.44195938563127, 0.0002551016034308042
17.356553052506996, 0.00018475966331943692
17.356553052506996, 0.00017643795505032576
17.356553052506996, 0.00016849106251356664
17.356553052506996, 0.0001609021037386941
17.356553052506996, 0.00015365495713134903
17.5277859774161, 0.00024361164353050213
17.5277859774161, 0.00023263919969726876
17.5277859774161, 0.00022216096263481518
17.5277859774161, 0.00021461317946720417
17.787808035317173, 0.0003442006144251527
17.787808035317173, 0.0003286975709153651
17.787808035317173, 0.0003138927956479731
17.787808035317173, 0.0002997548381185638
17.787808035317173, 0.00028625366437608647
17.787808035317173, 0.0002733605932202713
17.787808035317173, 0.00026104823527276167
17.700708219004873, 0.0002521792807419645
17.963295552244915, 0.0004138778912363512
17.963295552244915, 0.0003952365330089915
17.963295552244915, 0.000377434794978601
17.963295552244915, 0.00036043486004695257
18.17022034473039, 0.0003442006144251527
18.14051435998355, 0.00032493216781191876
18.14051435998355, 0.0003102969890115242
18.14051435998355, 0.0002963209892021229
18.05168748117825, 0.00028957085037054395
18.22977832891721, 0.0004044498273226576
18.22977832891721, 0.00038623311588249624
18.31948153876718, 0.0003646116780879302
18.34948059107417, 0.00027973285739312713
18.31948153876718, 0.0002640733338398392
18.5002143373368, 0.00034025761582569524
18.5002143373368, 0.00032493216781191876
18.5002143373368, 0.0003102969890115242
18.5002143373368, 0.0002963209892021229
18.53050934849319, 0.00024929043479252186
18.5002143373368, 0.00023533508656627954
18.591248280757775, 0.00027973285739312713
18.682730174602664, 0.0002640733338398392
18.713324064422036, 0.00022216096263481518
18.591248280757775, 0.00021461317946720417
18.867046641323153, 0.00024929043479252186
18.867046641323153, 0.0002380622141119254
18.867046641323153, 0.00020732182762789504
18.867046641323153, 0.00019798390323280988
18.867046641323153, 0.00018906656567610057
19.053181501800168, 0.0004538397390308445
19.053181501800168, 0.00043339847040494025
19.053181501800168, 0.0004138778912363512
19.053181501800168, 0.0003952365330089915
19.053181501800168, 0.000377434794978601
19.053181501800168, 0.00036043486004695257
19.053181501800168, 0.0003442006144251527
19.053181501800168, 0.0003286975709153651
19.053181501800168, 0.0003138927956479731
19.053181501800168, 0.0002997548381185638
19.053181501800168, 0.00028625366437608647
19.053181501800168, 0.0002733605932202713
19.053181501800168, 0.00026104823527276167
19.053181501800168, 0.000227339720575482
19.053181501800168, 0.0002171001758684778
19.272661029762148, 0.0006561810642974374
19.24115269559121, 0.0006194478648894521
19.24115269559121, 0.0005915474870314269
19.24115269559121, 0.0005649037622813417
19.24115269559121, 0.0005394600900783831
19.24115269559121, 0.0005151624191917504
19.24115269559121, 0.0004919591328969951
19.24115269559121, 0.0004698009393241072
19.146936428916007, 0.00024929043479252186
19.146936428916007, 0.0002380622141119254
19.146936428916007, 0.00020732182762789504
19.146936428916007, 0.00019798390323280988
19.146936428916007, 0.00018906656567610057
19.430978339238415, 0.0008454871275386977
19.430978339238415, 0.0008074057785350397
19.430978339238415, 0.0007710396409103643
19.430978339238415, 0.0007363114603091528
19.430978339238415, 0.000703147461967684
19.335832571937818, 0.0004435013514127609
19.335832571937818, 0.00042352573120916376
19.335832571937818, 0.0004044498273226576
19.335832571937818, 0.00038623311588249624
19.335832571937818, 0.0003688368982422479
19.335832571937818, 0.00035222421877038033
19.335832571937818, 0.0003363597863436173
19.335832571937818, 0.00032120989937628333
19.335832571937818, 0.00030674237422638825
19.335832571937818, 0.0002963209892021229
19.622676728014568, 0.0010166409202889107
19.622676728014568, 0.0009708506812232651
19.622676728014568, 0.0009271228674956573
19.622676728014568, 0.0008853645859838443
19.526592290001055, 0.0006714771939907157
19.526592290001055, 0.000641233377687093
19.526592290001055, 0.0006123517646463557
19.526592290001055, 0.0005915474870314269
19.848716448740902, 0.0011673820900091245
19.81626633768643, 0.001102031714280851
19.81626633768643, 0.001052395412369551
19.719233968403998, 0.0008454871275386977
19.719233968403998, 0.0008074057785350397
19.719233968403998, 0.0007710396409103643
19.719233968403998, 0.0007448440395130553
20.01176582629542, 0.0013099384578457518
20.01176582629542, 0.0012509378865044034
20.01176582629542, 0.000993482022998875
19.913776173827042, 0.0009597290773797065
20.209194035955846, 0.0015041679556521618
20.209194035955846, 0.0014364191478778076
20.209194035955846, 0.001371721795187044
20.110237656122177, 0.0011945947433786765
20.110237656122177, 0.001140789335988299
20.110237656122177, 0.0010894073628884965
20.110237656122177, 0.0010403396708538667
20.441990032104037, 0.0015751121405987206
20.30863735012005, 0.0013099384578457518
20.30863735012005, 0.0012654340979191755
20.643662664542674, 0.0016878513633463313
20.643662664542674, 0.0014755593688527266
20.50899437745487, 0.0014036977780733251
20.847324919841455, 0.001581173065855391
21.05299642683688, 0.0018508213134451074
21.018577472148063, 0.0017472118189405374
21.018577472148063, 0.0016685161405638781
21.26069700801579, 0.0019832945202373545
21.122003516706222, 0.0015933649722048508
21.470446681425923, 0.0018579431489989765
21.330384894688635, 0.0017674589888336237
21.682265662605168, 0.0022773650518418754
21.646817933252944, 0.0021498775196259756
21.646817933252944, 0.0020530454881575247
21.646817933252944, 0.001960574841108749
22.11219340958297, 0.002497255308125785
22.076042803388756, 0.0023574582578950684
22.076042803388756, 0.002251276640509828
21.967945208156127, 0.002174790890127089
22.550645997575902, 0.002802210857241985
22.5137785775157, 0.0026453423101245807
22.5137785775157, 0.002526194187740673
22.5137785775157, 0.002412412582579613
22.403537564418198, 0.0023574582578950684
22.960194014463422, 0.0030027801156950963
22.960194014463422, 0.002867532737180988
22.960194014463422, 0.0027383769979778404
22.960194014463422, 0.0026453423101245807
23.22467963560411, 0.003292712592120163
23.18671025681197, 0.003108385620769603
23.415461219303364, 0.003528389690149382
23.300805025183234, 0.0029343773248019407
23.646468948807474, 0.0033694684779451934
23.646468948807474, 0.003217705191567323
23.530681601778195, 0.003072777432882609
23.879755709699896, 0.0038690722314086144
23.879755709699896, 0.003694806432243159
23.879755709699896, 0.003528389690149382
24.154834048218685, 0.004051557288961666
24.35325648357695, 0.004341548971395992
24.234008279294883, 0.0037809354619487917
24.633789224885664, 0.00476074584772344
24.59351613226004, 0.0044942379643507285
24.633789224885664, 0.004146002479662283
24.473091472102915, 0.003959263542716341
25.122241385088035, 0.005594071466881434
25.08116973569506, 0.005280913782400719
25.08116973569506, 0.005043057623204936
25.08116973569506, 0.004815914676683802
25.08116973569506, 0.00459900241202458
24.958357229930478, 0.004442754110875741
24.958357229930478, 0.004242649266788738
24.958357229930478, 0.004098507846342237
25.578492799798656, 0.006134205253306322
25.578492799798656, 0.005857916231862239
25.578492799798656, 0.005594071466881434
25.45324510092624, 0.0053421104600925185
25.45324510092624, 0.005101497958469816
25.45324510092624, 0.004871722817169334
25.45324510092624, 0.004706209006639357
26.128393635441803, 0.006573263219153244
26.085677055891942, 0.006205290106657449
26.085677055891942, 0.005925799372234934
26.085677055891942, 0.005691591083893874
25.957945877579313, 0.00552998844368283
26.64648162415271, 0.007375965725364609
26.602918037048834, 0.006963057102183937
26.472654135515974, 0.00672649148522013
26.472654135515974, 0.006423525465424538
26.909365329992067, 0.007903903147378596
27.174842543063278, 0.00846962788185315
27.1304151534793, 0.007461440439734147
26.997568308513777, 0.007125371789839149
27.398073157155185, 0.007903903147378596
27.668371769407344, 0.009075844569382879
27.668371769407344, 0.008667061995062949
27.532890765003046, 0.008276691282227662
27.532890765003046, 0.007635372860028901
27.987092355512733, 0.01042155415010567
27.94133704144123, 0.00983815263554532
27.94133704144123, 0.009395035157037854
28.07882788608531, 0.008869098462662185
28.54203563257152, 0.011966797147449354
28.495373057266477, 0.011296892497941042
28.495373057266477, 0.010788072325689256
28.495373057266477, 0.010302169780363427
28.355842556706186, 0.010067488205928909
29.060394800309293, 0.013122247429573429
29.060394800309293, 0.012531211956883656
29.060394800309293, 0.011966797147449354
28.918097613154806, 0.011427803987429718
28.918097613154806, 0.010913087467430674
28.918097613154806, 0.010542321978676748
29.395150532970426, 0.013741159130929617
29.68515152502668, 0.014724687579566539
29.491501368425173, 0.012823324993567628
29.929003337372674, 0.016522811772867897
29.929003337372674, 0.015778612433634848
29.929003337372674, 0.013820547959426019
29.782452919922733, 0.013274311632783071
30.22427111119672, 0.015242543702556259
30.076274884976417, 0.014389261845192068
30.522451880728532, 0.017705438018241218
30.522451880728532, 0.016907972341385677
30.522451880728532, 0.016146425092817975
30.67264360861419, 0.015597860151041991
31.178640731512676, 0.018972711166058975
31.12766764431693, 0.017910613491358255
30.975247844830264, 0.017302111325053403
30.975247844830264, 0.016714282648608407
31.48623693630035, 0.02033068984906459
31.796867764246073, 0.021785866348837515
31.589441892870855, 0.018972711166058975
31.901090900320607, 0.02033068984906459
32.37433876607375, 0.023889393726206572
32.37433876607375, 0.022813398231607093
32.37433876607375, 0.021911733052711158
32.2158145142852, 0.021045704830948028
32.74726885073116, 0.025016138622216737
33.01627474924913, 0.0268066778173138
32.85460719244471, 0.02361572818914283
33.39659949429729, 0.028071016617863324
33.342000328389986, 0.02589593729292347
33.17873782306491, 0.024729565631299858
33.670939387964715, 0.03008020981348572
34.00312363090722, 0.03149894497548694
33.836623867900116, 0.028725375504718337
33.836623867900116, 0.027749448396974335
34.33858507292007, 0.03298459487885398
34.33858507292007, 0.030253996653101262
34.67735604556011, 0.03454031556195954
34.67735604556011, 0.03168092848333002
35.01946919935469, 0.03616941191794309
35.01946919935469, 0.033175161651344515
35.36495750694832, 0.0378753447154559
35.36495750694832, 0.03454031556195954
35.71385426628075, 0.03966173795054045
35.53897773623158, 0.03616941191794309
35.53897773623158, 0.03336682941340039
36.06619310379606, 0.04153238654526142
35.8895913106922, 0.0378753447154559
36.48165080764772, 0.04349126440944347
36.24366390075838, 0.03966173795054045
36.7813331811508, 0.0466041674335848
36.601229631717445, 0.04105661127027068
37.1442033457285, 0.048802256191734894
37.1442033457285, 0.044762207961362
36.96232296552337, 0.04299304916092776
37.51065344460853, 0.05110401795714532
37.51065344460853, 0.0466041674335848
37.880718796014506, 0.05351434247432469
37.69523199278616, 0.048802256191734894
38.317078586080235, 0.05603835011291709
38.25443506660569, 0.05169622533725855
38.69509981071039, 0.06004931534704151
39.01296479481853, 0.05668773788775048
38.82193383357362, 0.05413448135619843
39.462367278952506, 0.0628815454300495
39.204935761481785, 0.06004931534704151
39.85168747130697, 0.06738231485098592
39.98231253403067, 0.0628815454300495
40.57544410228106, 0.07220522847562941
40.57544410228106, 0.06895305299488146
40.37676230174209, 0.06661041508686318
40.97574547272604, 0.07561079303631209
41.379996059026226, 0.07917698128342064
41.177374687770765, 0.0730419624721986
41.856665113023624, 0.0829113690441583
41.78823482259172, 0.07648699164930302
42.68662181626072, 0.09091684984014425
42.616834652841085, 0.08582729917123003
42.408156975259686, 0.0829113690441583
42.408156975259686, 0.07917698128342064
43.461864410834565, 0.09742425634247938
43.461864410834565, 0.09303619768805584
43.249048958854324, 0.08884578035497816
43.96251515435141, 0.10201927808474553
44.106614605689906, 0.09630821037912984
44.83422779665084, 0.10932134491547588
44.76092957231476, 0.10379774676996176
44.54175311527321, 0.10085059373687572
45.723225230961766, 0.1171460598280341
45.64847360959897, 0.11122710814187696
45.42495120265379, 0.10806901156153208
46.55361635239812, 0.12553083154843842
46.55361635239812, 0.12056941464176013
46.32566182169281, 0.1158040902600675
47.012896018643055, 0.13145150184087687
47.55445220049765, 0.137651420954337
47.24423222038532, 0.12553083154843842
47.710325231117835, 0.12994565593028534
48.49738772261813, 0.14750387133453485
48.41810070063284, 0.1400510531242435
48.181016532148334, 0.13607455171793886
49.4590202827179, 0.15806151442412336
49.37816111457145, 0.15007525804733546
49.13637591234874, 0.14581413711061997
50.43972061582707, 0.16937482464704653
50.35725812815098, 0.16081694907352007
50.11067867753828, 0.15625083686027474
51.355769209414724, 0.17736339988553515
51.355769209414724, 0.17035337884159368
51.86242502673525, 0.18572875682386608
52.4598444426347, 0.19448866639679258
52.11762428980704, 0.17736339988553515
52.631796269661585, 0.18360113648460946
53.41258101878503, 0.20366173770642654
53.41258101878503, 0.19561231449910682
54.027857164038096, 0.2132674575544588
54.204948591746415, 0.20132868566385315
55.09915087780503, 0.2233262318389208
54.739713292077965, 0.2132674575544588
56.19168678553258, 0.23931088788195182
56.09982056933477, 0.2272194049466831
55.8251220760162, 0.2207679127004332
57.21219829952882, 0.25059800234668
57.21219829952882, 0.24069349402560794
57.87124341885769, 0.262417474340426
58.06093262102584, 0.24772727077076426
59.018745884007515, 0.2747944125426125
58.63373894297078, 0.262417474340426
60.18900165165676, 0.28775510988525155
59.79636058375771, 0.2747944125426125
61.38246188665284, 0.30835128624243796
61.282109417506376, 0.29277145053722875
62.59958669978498, 0.32289469583808256
62.191220255794185, 0.30835128624243796
63.84084532516918, 0.3381240463462627
63.42438156939654, 0.32289469583808256
65.1067163011505, 0.3540716902172343
64.68199467569748, 0.3381240463462627
66.39768765479238, 0.3707715058067912
65.96454441813117, 0.3540716902172343
67.71425709002412, 0.38825896934570586
67.27252525387087, 0.3707715058067912
69.056932179519, 0.4065712303036115
68.6064414444554, 0.38825896934570586
70.42623056037705, 0.42574719030742847
69.9668072501954, 0.4065712303036115
71.82268013368812, 0.4458275857819832
71.35414712843452, 0.42574719030742847
73.12707009304715, 0.46685507448837643
73.12707009304715, 0.44840333135114263
74.6991970071325, 0.47957615997775715
74.21189913411196, 0.461507004706654
76.18037328133137, 0.5002703957705749
75.68341300125823, 0.4832740142836166
77.69091912365344, 0.5238656833496457
77.18410484506953, 0.5002703957705749
79.23141688985662, 0.5381402205818839
78.7145532223242, 0.5178645271367158
80.80246048296526, 0.5613615596385145
80.27534816173885, 0.5360774307930944
82.40465558223559, 0.576657802050444
81.86709139144008, 0.5549308684930592
84.03861987666144, 0.6015412168723012
83.49039657094681, 0.57444736733436
85.70498330310956, 0.6155636460001253
85.1458895277524, 0.5946502466757344
87.40438828917729, 0.6323368122198649
86.83420849859787, 0.6085120415219947
88.99176161298129, 0.6596228372240343
88.99176161298129, 0.6335522388199156
90.90495659516249, 0.6749991975242657
90.31194095683351, 0.6520665115978044
92.70746947763666, 0.6933918914590583
92.10269520295128, 0.6672667276246451
94.54572356513617, 0.709555436671051
93.92895749746238, 0.6828212734064315
96.42042755369809, 0.7260957676473974
95.79143191324748, 0.6987384086662499
98.33230419176975, 0.7430216675795547
97.69083648392697, 0.7150265856682443
100.28209055884736, 0.7603421244025219
99.6279034806822, 0.7316944537059075
102.27053834964009, 0.7780663355675848
101.60337969456535, 0.7487508636950024
104.29841416386836, 0.7962037129263142
103.61802672440751, 0.766204872873544
106.19260418795535, 0.8116407488816996
106.19260418795535, 0.7840657496113443
108.29824885510722, 0.8305607739094504
108.29824885510722, 0.8023429783316721
110.44564538905054, 0.8499218405526497
110.44564538905054, 0.8210462645476381
112.63562166849059, 0.859770968011018
112.08408985872134, 0.8305607739094504
114.86902198776141, 0.8548322195528535
116.5730865812489, 0.859770968011018
120.64819560436541, 0.9160171457101562
123.04047359414116, 0.9107553045520463
125.4801869720029, 0.9319857728103534
125.4801869720029, 0.9003221247731692
127.96827631260487, 0.9319857728103534
127.34166659551673, 0.9003221247731692
130.50570084082653, 0.953711141049165
130.50570084082653, 0.92130938688047
133.09343880157954, 0.953711141049165
133.09343880157954, 0.92130938688047
135.95475646358742, 0.9573809571805776
138.42386537080333, 0.9759429458011526
138.42386537080333, 0.9427858796293833
141.16860900105362, 0.9759429458011526
141.16860900105362, 0.9427858796293833
143.96777689965978, 0.9759429458011526
143.26282399607803, 0.9427858796293833
146.822448220592, 0.9759429458011526
149.97891985477318, 0.9796983084174471
152.70272515986545, 0.9986929925252187
152.70272515986545, 0.9647630073955471
155.73059778198632, 0.9986929925252187
155.73059778198632, 0.9647630073955471
158.81850870798286, 0.9986929925252187
158.81850870798286, 0.9647630073955471
161.96764840997247, 0.9986929925252187
161.96764840997247, 0.9647630073955471
165.17923096540105, 0.9986929925252187
165.17923096540105, 0.9647630073955471
168.4544945251017, 0.9986929925252187
168.4544945251017, 0.9647630073955471
171.79470179063532, 0.9986929925252187
171.79470179063532, 0.9647630073955471
175.2011405010952, 0.9986929925252187
175.2011405010952, 0.9647630073955471
178.67512392956525, 0.9872524404001393
177.8002229612759, 0.9647630073955471
182.21799138942214, 0.9872524404001393
181.325742409261, 0.9647630073955471
185.8311087506758, 0.9759429458011526
187.6644453696589, 0.9427858796293833
189.5158689665493, 0.9759429458011526
191.38555798035662, 0.9427858796293833
193.27369261049878, 0.9759429458011526
195.18045483417077, 0.9427858796293833
197.1060284238829, 0.9647630073955471
201.0143538744917, 0.953711141049165
201.0143538744917, 0.92130938688047
205.00017572614928, 0.953711141049165
205.00017572614928, 0.92130938688047
209.06503061961203, 0.9427858796293833
209.06503061961203, 0.9107553045520463
213.21048566498382, 0.9319857728103534
213.21048566498382, 0.9003221247731692
217.43813904587932, 0.9319857728103534
217.43813904587932, 0.9003221247731692
221.749620635567, 0.9107553045520463
221.749620635567, 0.879812948721468
226.14659262532788, 0.9107553045520463
226.14659262532788, 0.879812948721468
230.63075016527546, 0.8900084625417105
230.63075016527546, 0.859770968011018
235.2038220178803, 0.879812948721468
234.05212251375727, 0.859770968011018
239.86757122445485, 0.8697342298604125
239.86757122445485, 0.8401855400159857
244.62379578485323, 0.859770968011018
244.62379578485323, 0.8305607739094504
249.47432935064788, 0.8499218405526497
249.47432935064788, 0.8210462645476381
254.42104193205037, 0.8305607739094504
256.9310598507381, 0.8023429783316721
259.465840618852, 0.8210462645476381
262.025628536923, 0.7840657496113443
264.6106703156559, 0.8116407488816996
267.65880298625996, 0.7810602823368693
272.51982257644346, 0.7840657496113443
271.18540146954047, 0.766204872873544
277.9234937218048, 0.775083865143289
277.9234937218048, 0.7487508636950024
283.4343117953094, 0.7574275941180024
283.4343117953094, 0.7316944537059075
289.05440136447874, 0.7401735297706487
291.9060983836827, 0.7150265856682443
294.78592912391275, 0.7316944537059075
297.69417114139355, 0.6987384086662499
300.6311047306108, 0.723312509905453
304.0941679964872, 0.6960600166797282
309.61689951661344, 0.6987384086662499
309.61689951661344, 0.6749991975242657
315.7561516642804, 0.6828212734064315
315.7561516642804, 0.6596228372240343
322.01713623996204, 0.6672667276246451
322.01713623996204, 0.6445967476455304
328.40226702039826, 0.6520665115978044
328.40226702039826, 0.6299129496847207
334.9140056440046, 0.6372125537578286
334.9140056440046, 0.6155636460001253
341.55486255990195, 0.6226969664055061
341.55486255990195, 0.6015412168723012
348.32739799576063, 0.6085120415219947
348.32739799576063, 0.5878382161576439
355.23422294483566, 0.5946502466757344
355.23422294483566, 0.57444736733436
362.27800017257664, 0.5811042210226018
362.27800017257664, 0.5613615596385145
369.4614452431922, 0.5678667713971782
369.4614452431922, 0.5485738442880952
376.78732756657473, 0.5549308684930592
376.78732756657473, 0.5360774307930944
384.25847146598153, 0.5422896431301757
384.25847146598153, 0.5208564623684887
391.8777572668848, 0.5299363826071454
391.8777572668848, 0.5089914458477928
399.6481224074173, 0.5119321173163
399.6481224074173, 0.494539535954511
407.5725625708297, 0.5002703957705749
407.5725625708297, 0.4804979624259507
415.6541328404096, 0.4832740142836166
415.6541328404096, 0.46685507448837643
423.8959488772962, 0.47226511916993485
423.8959488772962, 0.4562201998697788
432.30118812164983, 0.461507004706654
432.30118812164983, 0.4432666359664973
440.87309101764276, 0.4458275857819832
440.87309101764276, 0.4306808655494408
449.6149622627337, 0.4306808655494408
449.6149622627337, 0.4160487458959552
458.53017208172025, 0.4208700329034275
458.53017208172025, 0.4065712303036115
467.6221575260471, 0.41128268926031036
467.6221575260471, 0.3950273608859993
476.8944237988842, 0.39730961081163857
476.8944237988842, 0.38160654730165156
486.350545606475, 0.3838112591784423
486.350545606475, 0.3707715058067912
495.9941685362795, 0.3750681077346198
495.9941685362795, 0.3602441061095505
505.82901046244916, 0.3581747701005349
505.82901046244916, 0.34600600080477173
515.8588629791625, 0.35001561326639585
515.8588629791625, 0.3361817737240269
526.0875928623896, 0.3381240463462627
526.0875928623896, 0.32476020306247566
536.5191435606358, 0.3266364881573297
536.5191435606358, 0.3137266732959787
547.1575367152451, 0.3191957677127267
547.1575367152451, 0.3065800361116899
558.0068737108537, 0.30835128624243796
558.0068737108537, 0.2961641664258303
569.0713372565792, 0.297875239414006
569.0713372565792, 0.2844587241505564
580.3551929985701, 0.2844587241505564
580.3551929985701, 0.2747944125426125
591.8627911645254, 0.2747944125426125
591.8627911645254, 0.26393357757934255
603.598568240821, 0.26545844002546054
603.598568240821, 0.2564396514788069
615.5670486828983, 0.2594113445125475
615.5670486828983, 0.24772727077076426
627.7728466595572, 0.24772727077076426
627.7728466595572, 0.23931088788195182
640.2206678318465, 0.2420840881039769
640.2206678318465, 0.23118044646704614
652.9153111672196, 0.23118044646704614
652.9153111672196, 0.2233262318389208
665.8616707896623, 0.2233262318389208
665.8616707896623, 0.21449959914093844
679.0647378665135, 0.21573885936101805
679.0647378665135, 0.20721210612392021
692.5296025326877, 0.21082436695204496
692.5296025326877, 0.20132868566385315
706.2614558530638, 0.19902235995630307
706.2614558530638, 0.19115630116170979
720.2655918237731, 0.19226069669809312
720.2655918237731, 0.18466188245205206
734.5474094131816, 0.18572875682386608
734.5474094131816, 0.1783881076558831
749.1124146433341, 0.17941873562180277
749.1124146433341, 0.17232748053085437
763.9662227126706, 0.1713375865818414
763.9662227126706, 0.16551649660885964
779.1145601608406, 0.16551649660885964
779.1145601608406, 0.1589747065603131
794.5632670764304, 0.15989317461632835
794.5632670764304, 0.15269147090311763
810.3182993484794, 0.15269147090311763
810.3182993484794, 0.14581413711061997
826.3857309626316, 0.14581413711061997
826.3857309626316, 0.14086019076185324
842.7717563428165, 0.14249251729639847
842.7717563428165, 0.13607455171793886
859.4826927393715, 0.13607455171793886
859.4826927393715, 0.12994565593028534
876.5249826645032, 0.12994565593028534
876.5249826645032, 0.12409281002191984
893.9051963760542, 0.12409281002191984
893.9051963760542, 0.11918822874857432
911.6300344105099, 0.11987683250905411
911.6300344105099, 0.11513888139224057
929.7063301662324, 0.1158040902600675
929.7063301662324, 0.11058819065189403
948.1410525379238, 0.11058819065189403
948.1410525379238, 0.1056072189176967
966.9413086033135, 0.1056072189176967
962.206581862565, 0.10320150546745882
978.0798064945519, 0.10007891805956617
995.8429625988451, 0.09855323535263151
995.8429625988451, 0.09520494930774734
1015.5890780609491, 0.09630821037912984
1015.5890780609491, 0.0919704192384864
1035.7267302316382, 0.0919704192384864
1035.7267302316382, 0.08782800533417384
1056.2636827135525, 0.08782800533417384
1056.2636827135525, 0.08435673580484981
1077.2078530502674, 0.08387216873478953
1077.2078530502674, 0.08055724768449772
1098.5673157787148, 0.08009450586417763
1098.5673157787148, 0.07737334389220023
1120.3503055421304, 0.07737334389220023
1120.3503055421304, 0.07431527909825467
1131.4032409470137, 0.07179046282980814
1142.5652202647352, 0.0747446317380704
1155.7267846567909, 0.0705604063592862
1176.716232709448, 0.06975209988976844
1176.716232709448, 0.06661041508686318
1200.0488016684897, 0.06661041508686318
1200.0488016684897, 0.06361023402960007
1211.8880110853434, 0.061096135408095754
1223.8440214851416, 0.06361023402960007
1237.9418616862263, 0.06004931534704151
1260.4244386611904, 0.05936141893899116
1260.4244386611904, 0.05668773788775048
1272.85929036279, 0.05444724049210387
1285.4168194198091, 0.0573446509462736
1298.098236118779, 0.05476180657756609
1298.098236118779, 0.052597428714034236
1323.8376334075476, 0.0529013076086561
1323.8376334075476, 0.05051859462323227
1343.4765647710988, 0.052295295378960396
1350.0874054540604, 0.04993987762071135
1350.0874054540604, 0.04796607923119593
1376.8576722463831, 0.048243200746305885
1376.8576722463831, 0.04607029224795673
1404.1587544372046, 0.04607029224795673
1404.1587544372046, 0.04424943338774581
1432.0011773227195, 0.04399525311294081
1432.0011773227195, 0.04201367523466432
1460.3956749004217, 0.04250054122943822
1460.3956749004217, 0.04058628625063779
1477.2184272231539, 0.03905710283965628
1489.3531940073344, 0.04105661127027068
1504.046566756007, 0.03875825069441083
1504.046566756007, 0.03722638925530038
1533.8696194690988, 0.03744146277304147
1533.8696194690988, 0.03575507233062467
1556.6243436265108, 0.03701255117588377
1564.2840198789863, 0.0353454792206338
1564.2840198789863, 0.03394850243001779
1595.301493549179, 0.034144638127992455
1595.301493549179, 0.0326067390414139
1626.9339985440236, 0.0326067390414139
1626.9339985440236, 0.031138108037034144
1659.1937300388715, 0.03149894497548694
1659.1937300388715, 0.03008020981348572
1675.562682706256, 0.02889133485994517
1692.0931250216386, 0.02973562523055563
1711.5848723874187, 0.028071016617863324
1742.6694005333661, 0.027749448396974335
1742.6694005333661, 0.026499593260633617
1777.2239964762916, 0.026499593260633617
1777.2239964762916, 0.02530603249957166
1812.4637597265735, 0.02530603249957166
1812.4637597265735, 0.02416623057459201
1830.34481421538, 0.023211096736438477
1848.4022761539459, 0.02416623057459201
1869.69459728235, 0.022813398231607093
1866.637885908774, 0.021785866348837515
1894.32917704363, 0.022813398231607093
1903.6505963514946, 0.021785866348837515
1925.5793400761202, 0.02096503279908204
1960.5502761713688, 0.021045704830948028
1960.5502761713688, 0.02009779113174314
1950.9502417777833, 0.01963996706496806
1999.4251325257378, 0.019867560391402927
1999.4251325257378, 0.019082325012934796
2029.0863024104187, 0.019414980939478712
2039.0708206587892, 0.018540516218521937
2039.0708206587892, 0.017807730260758076
2079.5026250419414, 0.017910613491358255
2079.5026250419414, 0.017103906563460263
2103.4570630184426, 0.016270924875201827
2110.351732434669, 0.017302111325053403
2141.6584816766886, 0.016522811772867897
2141.6584816766886, 0.015869772542070348
2162.7872417976923, 0.015154986560002746
2173.429661815717, 0.016522811772867897
2184.1244499546783, 0.015778612433634848
2209.2840592955627, 0.015067932368489557
2205.6721626139733, 0.014306606175954393
2249.407428946393, 0.014895321298852422
2249.407428946393, 0.014224425302417208
2249.407428946393, 0.013741159130929617
2294.009901907968, 0.014224425302417208
2294.009901907968, 0.013583746944729223
2294.009901907968, 0.013122247429573429
2343.327818014533, 0.013428137997697247
2339.4967769430373, 0.012676427078889371
2328.0411923577753, 0.012387660350277661
2374.2028583144897, 0.013122247429573429
2385.8855904565453, 0.012531211956883656
2385.8855904565453, 0.012035934692349162
2433.194226574811, 0.012105471675800134
2433.194226574811, 0.011560232515173241
2421.279842870759, 0.011296892497941042
2481.440924040331, 0.011560232515173241
2481.440924040331, 0.011039551318931601
2481.440924040331, 0.010664489297977106
2530.6442832432904, 0.011039551318931601
2530.6442832432904, 0.010542321978676748
2530.6442832432904, 0.010184153021203388
2580.8232733925306, 0.010542321978676748
2580.8232733925306, 0.010067488205928909
2580.8232733925306, 0.009725451436193909
2631.997239828665, 0.00983815263554532
2631.997239828665, 0.009395035157037854
2684.185911482241, 0.009395035157037854
2684.185911482241, 0.00897187600882194
2684.185911482241, 0.008617276132714104
2737.409408479764, 0.009075844569382879
2737.409408479764, 0.008667061995062949
2737.409408479764, 0.008324509433408477
2778.01846364667, 0.008869098462662185
2791.6882499005324, 0.00846962788185315
2791.6882499005324, 0.008088149743636069
2819.2299480141337, 0.007813359790585311
2851.7055352617535, 0.008088149743636069
2875.1311715588904, 0.007547905658543184
2889.27881999296, 0.007903903147378596
2903.496084713825, 0.0072495860642062485
2932.1408349441062, 0.007461440439734147
2961.0681830122403, 0.007043746918149498
2961.0681830122403, 0.006765353438117586
2975.6387014139664, 0.007375965725364609
3019.7818521637873, 0.007043746918149498
3019.7818521637873, 0.00672649148522013
3019.7818521637873, 0.006460637047981573
3049.5738320326673, 0.006241140845838468
3079.6597278557324, 0.006497963040766651
3079.6597278557324, 0.006063934714240119
3125.3460148234008, 0.006573263219153244
3140.7248946080636, 0.006277198710790836
3140.7248946080636, 0.005994469161061527
3176.9038822097855, 0.0057244739538268655
3203.000894673163, 0.006063934714240119
3239.8972589028444, 0.0057244739538268655
3234.6004415429925, 0.005404016301674282
3298.7378569702205, 0.005594071466881434
3298.7378569702205, 0.0053421104600925185
3298.7378569702205, 0.005130971596220512
3347.674134897774, 0.005466639525131724
3364.1470239265836, 0.005220418144754518
3364.1470239265836, 0.0049852867526372245
3364.1470239265836, 0.004788250807968684
3397.3363751179486, 0.004572584543875317
3430.853159392553, 0.0049281776776973815
3430.853159392553, 0.004706209006639357
3470.3742247778364, 0.004477010729093662
3481.7493478792803, 0.00476074584772344
3550.7873661366066, 0.00476074584772344
3568.2597137697057, 0.0044942379643507285
3568.2597137697057, 0.004291814250433097
3603.4627604677326, 0.004122186761156052
3639.0131065767373, 0.004291814250433097
3644.9721695719954, 0.003959263542716341
3711.169436107902, 0.004098507846342237
3711.169436107902, 0.003913908101878772
3711.169436107902, 0.0037376228628239975
3729.4309752615577, 0.0035692776378675826
3784.7565205550122, 0.0038690722314086144
3784.7565205550122, 0.003694806432243159
3828.3543089088325, 0.003528389690149382
3822.0954395859335, 0.0033694684779451934
3897.8820251137226, 0.003610639406341264
3897.8820251137226, 0.003448013607697213
3897.8820251137226, 0.003292712592120163
3897.8820251137226, 0.0031808446906498354
3955.7065162919907, 0.003528389690149382
3975.1713482462537, 0.0033694684779451934
3975.1713482462537, 0.003217705191567323
3975.1713482462537, 0.003090530243857459
4034.142414860833, 0.003292712592120163
4053.993206081421, 0.003144406446106685
4053.993206081421, 0.0030027801156950963
4134.377986550181, 0.003037577155467252
4134.377986550181, 0.002900762493226761
4134.377986550181, 0.0027861142279470086
4216.356680131903, 0.002900762493226761
4216.356680131903, 0.002770110061884767
4195.710859600366, 0.002707007452964544
4299.960891802008, 0.0027383769979778404
4299.960891802008, 0.0026301467746371824
4349.49347966396, 0.002497255308125785
4363.750162245012, 0.0026759972625452523
4435.737600149565, 0.0025554684190317156
4428.485736881476, 0.002412412582579613
4479.498842436852, 0.0022773650518418754
4516.296158772229, 0.002412412582579613
4568.3207799080865, 0.0022773650518418754
4538.519482323692, 0.0021999929636003766
4605.847733429589, 0.002125249544853039
4628.511713117893, 0.002225487085615083
4651.28721537599, 0.002029526775101338
4697.17498537685, 0.002125249544853039
4697.17498537685, 0.0019493127883831948
4743.515466065772, 0.002029526775101338
4790.31312370833, 0.0019381154278228817
4837.5724686324975, 0.002006277481240688
4893.297971577871, 0.0018939655070067606
4885.298055663389, 0.0018086599368519801
4982.166400469658, 0.0018508213134451074
4982.166400469658, 0.0017674589888336237
5039.557525920274, 0.0016878513633463313
5006.682130176578, 0.0016305076430157897
5056.076086605994, 0.0018086599368519801
5131.0822117742, 0.001707410647994869
5131.0822117742, 0.0016305076430157897
5131.0822117742, 0.0015660642860592555
5241.393105308567, 0.001649402412901295
5232.824098401414, 0.0015570684047537333
5207.201041481732, 0.0015041679556521618
5336.583378449209, 0.0015751121405987206
5336.583378449209, 0.0015041679556521618
5336.583378449209, 0.0014364191478778076
5415.750786929255, 0.0015392313693682557
5442.400053890688, 0.0014530647670348484
5442.400053890688, 0.0013876176836718414
5442.400053890688, 0.0013404742194390465
5550.314919879836, 0.0014036977780733251
5550.314919879836, 0.0013404742194390465
5550.314919879836, 0.0012800982954087566
5614.250724959971, 0.0012271456198414384
5577.626336124632, 0.0011809100339311676
5660.369580479105, 0.0013099384578457518
5725.573139448848, 0.0012509378865044034
5688.222542327833, 0.0012084380349935652
5782.059391787254, 0.0011673820900091245
5772.606464698916, 0.001114802360120542
5801.011710212127, 0.0012509378865044034
5887.068842855175, 0.0011673820900091245
5887.068842855175, 0.001114802360120542
5887.068842855175, 0.0010707414771575178
5974.4026200645, 0.0011673820900091245
5974.4026200645, 0.001114802360120542
6003.800843251105, 0.0010645908591253254
6003.800843251105, 0.0010166409202889107
6063.03198066944, 0.0009764597202783301
6092.866322057259, 0.0010645908591253254
6122.847469189934, 0.0010166409202889107
6183.253073790685, 0.0009708506812232651
6183.253073790685, 0.0009271228674956573
6213.678986713274, 0.0010166409202889107
6244.254616324816, 0.0008904797335928438
6305.857976081554, 0.0009597290773797065
6305.857976081554, 0.0009165021886971424
6305.857976081554, 0.000860226227915706
6430.893955005773, 0.0009378666216337966
6430.893955005773, 0.0008956244336997356
6430.893955005773, 0.0008552848643260281
6399.404426836101, 0.0008358016289659761
6558.409215272008, 0.0008956244336997356
6558.409215272008, 0.0008552848643260281
6558.409215272008, 0.0008262270828602368
6655.702225519253, 0.0008853645859838443
6688.452917418101, 0.0008454871275386977
6688.452917418101, 0.0008074057785350397
6688.452917418101, 0.0007710396409103643
6688.452917418101, 0.0007363114603091528
6688.452917418101, 0.0007072098596689219
6787.675106347285, 0.0007890132201367791
6821.075196763758, 0.0007534754965856252
6821.075196763758, 0.0007195384176915785
6821.075196763758, 0.0006950925389328102
6956.327182739028, 0.0007448440395130553
6956.327182739028, 0.000711295727660498
6956.327182739028, 0.0006792584559296978
7105.878220039609, 0.0007195384176915785
7094.261018596115, 0.0006792584559296978
7094.261018596115, 0.0006486641659855717
7059.523245939454, 0.0006338877129666262
7164.250207152618, 0.0006123517646463557
7164.250207152618, 0.0005847710002527116
7199.503309420487, 0.0006714771939907157
7234.9298815119355, 0.0006338877129666262
7306.306853735382, 0.0005984025015980151
7306.306853735382, 0.0005747515446832486
7342.25897367363, 0.000626626196688931
7378.3880030894, 0.0005488643212701717
7451.180276708543, 0.0005915474870314269
7451.180276708543, 0.0005649037622813417
7451.180276708543, 0.0005302169908109724
7537.012741472342, 0.0005092609634353189
7524.690690265084, 0.0004835299141568006
7487.845274819425, 0.0004698009393241072
7598.926328645154, 0.0005714500220560086
7598.926328645154, 0.0005457115015992712
7673.894346631581, 0.000521132262636509
7673.894346631581, 0.0004976600902945136
7711.6552531287525, 0.0005714500220560086
7749.601969593476, 0.0005394600900783831
7749.601969593476, 0.0004835299141568006
7826.056494182572, 0.0005092609634353189
7903.265289036527, 0.0005332802917558417
7903.265289036527, 0.00048632348295708197
7903.265289036527, 0.00046441912311534527
7942.154860370362, 0.0005092609634353189
8059.975528287189, 0.00048632348295708197
8059.975528287189, 0.00046441912311534527
8059.975528287189, 0.0004435013514127609
8059.975528287189, 0.00042843366357370313
8219.79310332729, 0.000503427111950372
8219.79310332729, 0.00048075239234358637
8219.79310332729, 0.000459098958434456
8219.79310332729, 0.0004384208107797973
8219.79310332729, 0.000418674021784469
8300.886348683813, 0.0003952365330089915
8300.886348683813, 0.00038180861292937845
8341.732492649018, 0.00047524512149555944
8341.732492649018, 0.0004538397390308445
8341.732492649018, 0.00043339847040494025
8382.77962809956, 0.0004138778912363512
8465.480834395854, 0.0003952365330089915
8465.480834395854, 0.0003796154047744427
8562.997342981516, 0.0004138778912363512
8633.338989020936, 0.00038623311588249624
8633.338989020936, 0.0003688368982422479
8718.512115410127, 0.0004044498273226576
8718.512115410127, 0.00035425917578017904
8818.943370076973, 0.00038623311588249624
8804.52552635992, 0.0003646116780879302
8818.943370076973, 0.0003363597863436173
8804.52552635992, 0.0003175302714782099
9067.69077547441, 0.0003481893055741152
9067.69077547441, 0.0003325066085429852
9067.69077547441, 0.0003175302714782099
9067.69077547441, 0.0003032284794183012
9157.149045728798, 0.0002912438308199067
9247.489876087524, 0.0003363597863436173
9247.489876087524, 0.00032120989937628333
9247.489876087524, 0.00030674237422638825
9338.721973541407, 0.00029292647682635227
9384.67499182877, 0.0003363597863436173
9384.67499182877, 0.00032120989937628333
9430.854130981023, 0.00030674237422638825
9430.854130981023, 0.00027973285739312713
9539.491075039437, 0.00029292647682635227
9617.854231971469, 0.0002733605932202713
9617.854231971469, 0.00026255642780454786
9665.180775438452, 0.0002997548381185638
9712.740198471138, 0.00028625366437608647
9712.740198471138, 0.0002507306972467268
9808.56227259122, 0.0002702291042250685
9808.56227259122, 0.00025805779079668027
9824.624275877124, 0.0002380622141119254
9905.329689601274, 0.00022603382198592038
10003.051775882366, 0.00026104823527276167
10003.051775882366, 0.00024929043479252186
10003.051775882366, 0.0002380622141119254
10101.737949825998, 0.00023263919969726876
10201.397722741805, 0.0002671334880790259
10201.397722741805, 0.0002551016034308042
10201.397722741805, 0.00024361164353050213
10302.040699774288, 0.00023398326051123108
10352.733917327498, 0.0002671334880790259
10403.676580828436, 0.0002521792807419645
10403.676580828436, 0.0002408209443597389
10420.71311307271, 0.00022216096263481518
10506.31516150484, 0.00020732182762789504
10609.966334043453, 0.00023533508656627954
10609.966334043453, 0.00022473542481811558
10609.966334043453, 0.00021461317946720417
10627.340675907719, 0.00019798390323280988
10609.966334043453, 0.00018798051806055515
10820.346512595232, 0.00023263919969726876
10820.346512595232, 0.00022216096263481518
10820.346512595232, 0.000212154672914339
10820.346512595232, 0.0002025990736877404
10820.346512595232, 0.00019347386553066227
10820.346512595232, 0.00018475966331943692
10820.346512595232, 0.00017643795505032576
10820.346512595232, 0.00017044358317030463
11034.89822366029, 0.00022473542481811558
11034.89822366029, 0.00021461317946720417
11034.89822366029, 0.0002049468473352567
11034.89822366029, 0.00019571589376261763
11034.89822366029, 0.00018690070898548928
11034.89822366029, 0.00017848256647795384
11034.89822366029, 0.00017044358317030463
11253.704182652378, 0.0002025990736877404
11253.704182652378, 0.00019347386553066227
11253.704182652378, 0.00018475966331943692
11253.704182652378, 0.00017643795505032576
11253.704182652378, 0.00016849106251356664
11253.704182652378, 0.0001609021037386941
11253.704182652378, 0.00015365495713134903
11495.642649572903, 0.00018475966331943692
11476.848745111423, 0.00017441676571916613
11476.848745111423, 0.0001665609090052071
11476.848745111423, 0.0001599778401309182
11420.651184649862, 0.00015543555292873767
11704.417939224775, 0.00018906656567610057
11704.417939224775, 0.0001805508714237296
11704.417939224775, 0.00017241873017207352
11704.417939224775, 0.00016465286641780832
11704.417939224775, 0.00015723678275872003
11704.417939224775, 0.000150154724847468
11819.889122473465, 0.0001433916479238596
11819.889122473465, 0.00013852000416727982
11936.499498993504, 0.00016465286641780832
11936.499498993504, 0.00015723678275872003
11936.499498993504, 0.000150154724847468
12054.260307617513, 0.0001433916479238596
12054.260307617513, 0.00013693318485453484
12054.260307617513, 0.0001307656156121642
12113.575666392058, 0.00016465286641780832
12173.182898056111, 0.00015723678275872003
12173.182898056111, 0.000150154724847468
12313.409580723657, 0.0001433916479238596
12293.278731991673, 0.00013536454338943313
12293.278731991673, 0.00012926762688812555
12353.77022793546, 0.00015365495713134903
12434.888835949772, 0.00012203118899950315
12353.77022793546, 0.00011788525380310215
12537.036543581034, 0.0001433916479238596
12537.036543581034, 0.00013693318485453484
12537.036543581034, 0.0001307656156121642
12537.036543581034, 0.00011388017422561064
12537.036543581034, 0.00010875092918091354
12660.722014455056, 0.00012487583812932805
12660.722014455056, 0.000119251340465158
12723.021587341991, 0.0001433916479238596
12785.627717530908, 0.00013693318485453484
12785.627717530908, 0.0001307656156121642
12785.627717530908, 0.00011388017422561064
12785.627717530908, 0.00010875092918091354
12911.765691139386, 0.00012487583812932805
12911.765691139386, 0.000119251340465158
13039.148092376938, 0.00013693318485453484
13039.148092376938, 0.0001307656156121642
13039.148092376938, 0.00011388017422561064
13039.148092376938, 0.00010875092918091354
13039.148092376938, 0.00010385270902625964
13039.148092376938, 0.00009917510823425547
13103.309785212237, 0.00012487583812932805
13103.309785212237, 0.000119251340465158
13319.4710374462, 0.00011388017422561064
13297.695406993313, 0.0001075051302384387
13297.695406993313, 0.00010266302176517102
13232.581885134603, 0.00010032437659646324
13561.369338273735, 0.000119251340465158
13561.369338273735, 0.00011388017422561064
13561.369338273735, 0.00010875092918091354
13561.369338273735, 0.00010385270902625964
13561.369338273735, 0.00009917510823425547
13561.369338273735, 0.00009470818994995369
13561.369338273735, 0.00009044246488150922
13695.16047356081, 0.00008787451140477284
13830.27153955952, 0.00010148696299574612
13830.27153955952, 0.0000969159171083732
13830.27153955952, 0.00009255075441907532
13898.32611092134, 0.0000894063990018625
14127.602501798065, 0.00010148696299574612
14104.50567982969, 0.00009580569443761574
14104.50567982969, 0.00009255075441907532
14384.17748366811, 0.00010385270902625964
14384.17748366811, 0.00009917510823425547
14384.17748366811, 0.00009470818994995369
14384.17748366811, 0.00009044246488150922
14384.17748366811, 0.00008636887114161376
14384.17748366811, 0.00008247875499688822
14384.17748366811, 0.00007876385248433642
14669.394772023195, 0.00009917510823425547
14669.394772023195, 0.00009470818994995369
14669.394772023195, 0.00009044246488150922
14669.394772023195, 0.00008636887114161376
14669.394772023195, 0.00008247875499688822
14597.564584317177, 0.00007876385248433642
14960.26750377562, 0.00009255075441907532
14960.26750377562, 0.00008838220180036813
14960.26750377562, 0.00008440140379310616
14960.26750377562, 0.00008059990379440059
14960.26750377562, 0.00007696962609284521
14960.26750377562, 0.00007350285871289043
14960.26750377562, 0.00007019223703191866
15107.859618082217, 0.00006819925288047863
15256.907818130629, 0.00008636887114161376
15256.907818130629, 0.00008247875499688822
15256.907818130629, 0.00007876385248433642
15256.907818130629, 0.00007521627185580521
15256.907818130629, 0.00007182847681316118
15432.656887952182, 0.0000685932704985648
15407.42646908991, 0.00006475340004151739
15407.42646908991, 0.00006255344278042856
15483.241741490272, 0.00008440140379310616
15483.241741490272, 0.00008059990379440059
15483.241741490272, 0.00007696962609284521
15559.43007785045, 0.00007266084490810661
15738.663995740815, 0.0000685932704985648
15712.933294421648, 0.00006475340004151739
15712.933294421648, 0.00006183686027901019
15712.933294421648, 0.00005905168356741365
15712.933294421648, 0.00005639195322032882
15712.933294421648, 0.000053852019043172345
15635.993313905003, 0.000052625279736311214
15893.935463641124, 0.00007696962609284521
15867.9509133444, 0.00007266084490810661
16024.49787511649, 0.0000685932704985648
16024.49787511649, 0.00006550378020583562
16024.49787511649, 0.00006255344278042856
16024.49787511649, 0.00005973599067700452
16024.49787511649, 0.00005704543864497934
16024.49787511649, 0.000054476071013765125
16024.49787511649, 0.000052625279736311214
16103.349568740845, 0.00007876385248433642
16182.589267632911, 0.00007435463000464475
16182.589267632911, 0.00007100564393138811
16369.001550186716, 0.0000670307281352174
16342.240327639855, 0.00006327832923646272
16342.240327639855, 0.00006042822772511601
16342.240327639855, 0.000057706496838009935
16342.240327639855, 0.00005510735466979737
16342.240327639855, 0.0000529293195387582
16503.46644220326, 0.00007182847681316118
16666.28315019184, 0.0000685932704985648
16666.28315019184, 0.00006550378020583562
16666.28315019184, 0.00006255344278042856
16666.28315019184, 0.00005973599067700452
16666.28315019184, 0.00005704543864497934
16666.28315019184, 0.000054476071013765125
16666.28315019184, 0.00005202242955069234
16666.28315019184, 0.000049679301865821066
16748.2928744938, 0.00007182847681316118
16858.26725312704, 0.00004744171033900764
16830.706143774536, 0.00004504465838679122
16996.7512699333, 0.00006401161587561672
16996.7512699333, 0.00006112848660605149
16996.7512699333, 0.00005837521555473789
16996.7512699333, 0.00005574595381402381
16996.7512699333, 0.00005323511591526884
16996.7512699333, 0.00005083736796336185
17164.43453198989, 0.00008059990379440059
17164.43453198989, 0.00007696962609284521
17164.43453198989, 0.00007350285871289043
17164.43453198989, 0.00007019223703191866
17164.43453198989, 0.0000670307281352174
17164.43453198989, 0.00004854761630566845
17164.43453198989, 0.000046360996711336156
17164.43453198989, 0.00004478591013239164
17333.772091148825, 0.00006401161587561672
17333.772091148825, 0.00006112848660605149
17333.772091148825, 0.00005837521555473789
17333.772091148825, 0.00005574595381402381
17333.772091148825, 0.00005323511591526884
17333.772091148825, 0.00005083736796336185
17419.06632607197, 0.00008059990379440059
17419.06632607197, 0.00007696962609284521
17419.06632607197, 0.00007350285871289043
17419.06632607197, 0.00007019223703191866
17419.06632607197, 0.0000670307281352174
17504.780268054463, 0.00004854761630566845
17590.915982347367, 0.00005837521555473789
17590.915982347367, 0.00005574595381402381
17590.915982347367, 0.00005323511591526884
17677.475544364366, 0.00005025499924500725
17706.42328026991, 0.000046360996711336156
17881.107887218488, 0.00004326433615902413
17851.874564337602, 0.000040842386526745255
17851.874564337602, 0.0000390028160296816
17851.874564337602, 0.000037246101112358634
17851.874564337602, 0.000035568509899805954
17851.874564337602, 0.000033966478603389104
17851.874564337602, 0.00003262400473362786
18027.994136438956, 0.00004799147789371361
18027.994136438956, 0.00004582990717389422
18235.664212052994, 0.00004326433615902413
18205.85123495892, 0.000040842386526745255
18205.85123495892, 0.0000390028160296816
18205.85123495892, 0.000037246101112358634
18205.85123495892, 0.000035568509899805954
18205.85123495892, 0.000033966478603389104
18205.85123495892, 0.00003262400473362786
18385.46300164964, 0.00005083736796336185
18385.46300164964, 0.00004854761630566845
18385.46300164964, 0.000046360996711336156
18566.846747377112, 0.00004427286403797253
18566.846747377112, 0.000042278782363743415
18566.846747377112, 0.000040374515563927796
18566.846747377112, 0.000038556018311912264
18566.846747377112, 0.0000368194274855071
18566.846747377112, 0.00003516105396032731
18566.846747377112, 0.000033577374772806566
18566.846747377112, 0.00003206502563619438
18566.846747377112, 0.00003062079379363771
18566.846747377112, 0.00002924161119316548
18658.20856867748, 0.00005083736796336185
18750.01995378935, 0.00004854761630566845
18750.01995378935, 0.000046360996711336156
18935.000275001712, 0.00004427286403797253
18935.000275001712, 0.000042278782363743415
18935.000275001712, 0.000040374515563927796
18935.000275001712, 0.000038556018311912264
18935.000275001712, 0.0000368194274855071
18935.000275001712, 0.00003516105396032731
18935.000275001712, 0.000033577374772806566
18935.000275001712, 0.000032250279645460174
18842.28311487992, 0.00003062079379363771
18842.28311487992, 0.000029580471005901068
19028.173668146217, 0.00004854761630566845
19121.805539297795, 0.00004582990717389422
19342.075568906756, 0.00004326433615902413
19310.45375084835, 0.000040842386526745255
19310.45375084835, 0.0000390028160296816
19310.45375084835, 0.000037246101112358634
19310.45375084835, 0.000035568509899805954
19310.45375084835, 0.000033966478603389104
19310.45375084835, 0.0000324366039500795
19500.96309144592, 0.00003062079379363771
19500.96309144592, 0.00002924161119316548
19596.921415946952, 0.00004427286403797253
19596.921415946952, 0.000042278782363743415
19693.351922257603, 0.000040374515563927796
19693.351922257603, 0.000038556018311912264
19693.351922257603, 0.0000368194274855071
19693.351922257603, 0.00003516105396032731
19693.351922257603, 0.000033577374772806566
19693.351922257603, 0.00003206502563619438
19693.351922257603, 0.000028085880586089076
19887.63878559453, 0.00003062079379363771
19887.63878559453, 0.00002924161119316548
19887.63878559453, 0.00002666680622288579
19887.63878559453, 0.000025465714069605015
19887.63878559453, 0.000024318719971734957
19887.63878559453, 0.000023492506297273042
20083.842406698965, 0.00004427286403797253
20083.842406698965, 0.000042278782363743415
20083.842406698965, 0.000040374515563927796
20083.842406698965, 0.000038556018311912264
20083.842406698965, 0.0000368194274855071
20083.842406698965, 0.00003516105396032731
20083.842406698965, 0.000033577374772806566
20083.842406698965, 0.00003206502563619438
20083.842406698965, 0.00002792454797007668
20281.981695549097, 0.00003062079379363771
20281.981695549097, 0.00002924161119316548
20281.981695549097, 0.00002666680622288579
20281.981695549097, 0.000025465714069605015
20281.981695549097, 0.000024318719971734957
20281.981695549097, 0.000023492506297273042
20381.783175708773, 0.00004427286403797253
20381.783175708773, 0.000042278782363743415
20381.783175708773, 0.000040374515563927796
20381.783175708773, 0.000038556018311912264
20482.07574868135, 0.00003639764162887616
20482.07574868135, 0.000034758265642379114
20482.07574868135, 0.00003319272833072003
20482.07574868135, 0.000031697703946817794
20515.61615540305, 0.00002792454797007668
20718.01515421198, 0.000029923257619110365
20718.01515421198, 0.000026059341173973935
20684.143851031356, 0.000024600531970436175
20684.143851031356, 0.000023628233024226266
20888.205477792002, 0.00003516105396032731
20888.205477792002, 0.000033577374772806566
20888.205477792002, 0.00003206502563619438
20888.205477792002, 0.00002792454797007668
21128.82321807886, 0.00003062079379363771
21094.28029629111, 0.00002890663319734437
21128.82321807886, 0.00002666680622288579
21094.28029629111, 0.000025173990956099436
21094.28029629111, 0.000024040136277312128
21094.28029629111, 0.000022957351229671148
21094.28029629111, 0.000021923335600217714
20990.99000130932, 0.000021423925958831113
21302.38816788631, 0.000035980687550493994
21302.38816788631, 0.000034360091475908245
21302.38816788631, 0.00003281248821540587
21512.549149879764, 0.000031334590120083186
21512.549149879764, 0.000029923257619110365
21512.549149879764, 0.000028575492550188536
21512.549149879764, 0.00002728843179040736
21512.549149879764, 0.0000262098976552342
21407.21075879505, 0.000024885609683891517
21407.21075879505, 0.000023764743905248767
21407.21075879505, 0.000022694362728337292
21407.21075879505, 0.00002167219229034459
21618.40587923663, 0.000035980687550493994
21618.40587923663, 0.000034360091475908245
21724.783497451026, 0.0000324366039500795
21831.684567659067, 0.00003062079379363771
21939.111665609293, 0.00002924161119316548
21939.111665609293, 0.00002792454797007668
21939.111665609293, 0.00002666680622288579
21939.111665609293, 0.000025465714069605015
22155.55431116488, 0.000024318719971734957
22155.55431116488, 0.000023223387313907445
22155.55431116488, 0.00002217738922766508
22155.55431116488, 0.00002117850364838105
22410.77103712169, 0.00002924161119316548
22374.13229471989, 0.000027604657624382777
22374.13229471989, 0.00002636132396869386
22374.13229471989, 0.000025173990956099436
22594.866682679232, 0.000030975635952716494
22631.86688850098, 0.000023764743905248767
22594.866682679232, 0.00002243438689824512
22594.866682679232, 0.000021423925958831113
22484.228613404193, 0.000020935892779241115
22817.778749280315, 0.00002924161119316548
22817.778749280315, 0.00002792454797007668
22817.778749280315, 0.00002666680622288579
22817.778749280315, 0.000025465714069605015
22817.778749280315, 0.000020224608594819324
22817.778749280315, 0.00001931367766130674
22817.778749280315, 0.000018443775712940635
22817.778749280315, 0.00001761305477468771
22817.778749280315, 0.000017014661984244494
22930.058117604312, 0.00003062079379363771
23042.889978644176, 0.000024318719971734957
23042.889978644176, 0.000023223387313907445
23042.889978644176, 0.00002217738922766508
23042.889978644176, 0.00002117850364838105
23270.22206684541, 0.000025465714069605015
23270.22206684541, 0.000020224608594819324
23270.22206684541, 0.00001931367766130674
23270.22206684541, 0.000018443775712940635
23270.22206684541, 0.00001761305477468771
23270.22206684541, 0.000016819750105640897
23538.278997616733, 0.00002924161119316548
23499.79692400375, 0.000027604657624382777
23499.79692400375, 0.00002636132396869386
23538.278997616733, 0.000024318719971734957
23499.79692400375, 0.000022957351229671148
23499.79692400375, 0.000021923335600217714
23499.79692400375, 0.000020935892779241115
23731.63667639548, 0.00003281248821540587
23731.63667639548, 0.000031334590120083186
23731.63667639548, 0.000019763895649047387
23615.43229690141, 0.00001887371555834127
23615.43229690141, 0.00001802362981988028
23615.43229690141, 0.000017211832555170077
23615.43229690141, 0.000016627071044853802
23965.76366858604, 0.000029923257619110365
23965.76366858604, 0.000028575492550188536
23965.76366858604, 0.00002728843179040736
23965.76366858604, 0.000026059341173973935
23965.76366858604, 0.000024885609683891517
23965.76366858604, 0.000023764743905248767
23965.76366858604, 0.000022694362728337292
23965.76366858604, 0.00002167219229034459
23965.76366858604, 0.00002069606114487631
24202.200465583566, 0.0000324366039500795
24202.200465583566, 0.000030975635952716494
24241.832759552948, 0.000019763895649047387
24202.200465583566, 0.000018657507245821553
24202.200465583566, 0.000017817159685433783
24083.691922500588, 0.0000174112879927639
24321.29215326207, 0.00002924161119316548
24321.29215326207, 0.00002792454797007668
24321.29215326207, 0.00002666680622288579
24321.29215326207, 0.000025465714069605015
24321.29215326207, 0.000024318719971734957
24321.29215326207, 0.000023223387313907445
24321.29215326207, 0.00002217738922766508
24321.29215326207, 0.00002117850364838105
24440.969855013675, 0.000016819750105640897
24440.969855013675, 0.000016062176450094133
24561.236454435995, 0.00001931367766130674
24561.236454435995, 0.000018443775712940635
24682.094849315745, 0.00001761305477468771
24682.094849315745, 0.000015338724457471804
24925.598687960817, 0.000016819750105640897
24925.598687960817, 0.000016062176450094133
24925.598687960817, 0.00001473248449306263
25212.72441726158, 0.00001761305477468771
25212.72441726158, 0.000015338724457471804
25212.72441726158, 0.000013988107225406294
25171.504839691475, 0.0000132050490726977
25171.504839691475, 0.000012683139411822707
25419.837004783527, 0.00002728843179040736
25419.837004783527, 0.000026059341173973935
25419.837004783527, 0.000024885609683891517
25419.837004783527, 0.000023764743905248767
25419.837004783527, 0.000022694362728337292
25419.837004783527, 0.00002167219229034459
25419.837004783527, 0.00002069606114487631
25419.837004783527, 0.000019763895649047387
25419.837004783527, 0.00001887371555834127
25419.837004783527, 0.0000164365992237839
25670.619117330527, 0.00001802362981988028
25670.619117330527, 0.000017211832555170077
25670.619117330527, 0.00001569628295983753
25670.619117330527, 0.000014989311073472074
25670.619117330527, 0.000014314181709912176
25670.619117330527, 0.000013669460659002955
25670.619117330527, 0.000013053778308447666
25670.619117330527, 0.000012610284154381614
25796.93644780554, 0.00002728843179040736
25796.93644780554, 0.000026059341173973935
25796.93644780554, 0.000024885609683891517
25796.93644780554, 0.000023764743905248767
25796.93644780554, 0.000022694362728337292
25796.93644780554, 0.00002167219229034459
25796.93644780554, 0.00002069606114487631
25923.87534755034, 0.000019763895649047387
25923.87534755034, 0.00001887371555834127
25923.87534755034, 0.0000164365992237839
26179.630104114687, 0.00001802362981988028
26179.630104114687, 0.000017211832555170077
26179.630104114687, 0.00001569628295983753
26179.630104114687, 0.000014989311073472074
26179.630104114687, 0.000014314181709912176
26179.630104114687, 0.000013669460659002955
26179.630104114687, 0.000013053778308447666
26179.630104114687, 0.000012610284154381614
26481.2014116114, 0.00001887371555834127
26481.2014116114, 0.0000164365992237839
26698.73403737134, 0.000025465714069605015
26698.73403737134, 0.000024318719971734957
26698.73403737134, 0.000023223387313907445
26698.73403737134, 0.00002217738922766508
26698.73403737134, 0.00002117850364838105
26698.73403737134, 0.000020224608594819324
26698.73403737134, 0.00001761305477468771
26698.73403737134, 0.000015338724457471804
26698.73403737134, 0.00001464785726350711
26698.73403737134, 0.000013988107225406294
26698.73403737134, 0.000013358072804063898
26698.73403737134, 0.000012756415586704847
26962.1332449651, 0.00001931367766130674
26962.1332449651, 0.000018443775712940635
26962.1332449651, 0.000016819750105640897
26962.1332449651, 0.000016062176450094133
27228.131045528247, 0.000025465714069605015
27228.131045528247, 0.000024318719971734957
27228.131045528247, 0.000023223387313907445
27228.131045528247, 0.00002217738922766508
27228.131045528247, 0.00002117850364838105
27228.131045528247, 0.000020224608594819324
27228.131045528247, 0.00001761305477468771
27228.131045528247, 0.000015338724457471804
27228.131045528247, 0.00001464785726350711
27228.131045528247, 0.000013988107225406294
27228.131045528247, 0.000013358072804063898
27228.131045528247, 0.000012756415586704847
27496.753075756867, 0.00001931367766130674
27496.753075756867, 0.000018443775712940635
27496.753075756867, 0.000016819750105640897
27496.753075756867, 0.000016062176450094133
27632.056257553344, 0.000025465714069605015
27632.056257553344, 0.000024318719971734957
27632.056257553344, 0.000023223387313907445
27632.056257553344, 0.00002217738922766508
27632.056257553344, 0.00002117850364838105
27632.056257553344, 0.000020224608594819324
27768.025225268444, 0.0000174112879927639
27813.496732714306, 0.000015338724457471804
27768.025225268444, 0.000014480058374561109
27768.025225268444, 0.00001382786611923932
27768.025225268444, 0.0000132050490726977
27768.025225268444, 0.000012683139411822707
28041.973639097407, 0.0000164365992237839
28318.624720214757, 0.000017211832555170077
28318.624720214757, 0.00001569628295983753
28318.624720214757, 0.000014989311073472074
28318.624720214757, 0.000014314181709912176
28318.624720214757, 0.000013669460659002955
28318.624720214757, 0.000013053778308447666
28318.624720214757, 0.000012610284154381614
28598.005132072816, 0.00001887371555834127
28598.005132072816, 0.00001802362981988028
28598.005132072816, 0.0000164365992237839
28880.141801175047, 0.000017211832555170077
28880.141801175047, 0.00001569628295983753
28880.141801175047, 0.000014989311073472074
28880.141801175047, 0.000014314181709912176
28880.141801175047, 0.000013669460659002955
28880.141801175047, 0.000013053778308447666
28880.141801175047, 0.000012610284154381614
29165.061919671192, 0.000018657507245821553
29165.061919671192, 0.000017817159685433783
29212.821143435962, 0.0000164365992237839
29452.792947978058, 0.000015338724457471804
29452.792947978058, 0.00001464785726350711
29452.792947978058, 0.000013988107225406294
29452.792947978058, 0.000013358072804063898
29452.792947978058, 0.000012756415586704847
29792.06883703486, 0.000018443775712940635
29743.36261742611, 0.0000174112879927639
29743.36261742611, 0.000016627071044853802
29743.36261742611, 0.000015878175792940327
30085.98566894418, 0.00002069606114487631
30036.798932932226, 0.00001953748985661681
30085.98566894418, 0.000014989311073472074
30036.798932932226, 0.000014150205249472573
30036.798932932226, 0.000013512869816410173
30036.798932932226, 0.000012904240430155937
29889.720683354048, 0.000012610284154381614
30333.13017569882, 0.000018443775712940635
30333.13017569882, 0.00001761305477468771
30333.13017569882, 0.000016819750105640897
30333.13017569882, 0.000016062176450094133
30482.390308897502, 0.00002117850364838105
30482.390308897502, 0.000020224608594819324
30482.390308897502, 0.00001931367766130674
30632.38490593936, 0.000015338724457471804
30632.38490593936, 0.00001464785726350711
30632.38490593936, 0.000013988107225406294
30632.38490593936, 0.000013358072804063898
30632.38490593936, 0.000012756415586704847
30783.11758089807, 0.000016062176450094133
31290.937158777742, 0.000013988107225406294
31239.7804812957, 0.0000132050490726977
31239.7804812957, 0.000012683139411822707
31547.979866804333, 0.00001887371555834127
31547.979866804333, 0.00001802362981988028
31547.979866804333, 0.000017211832555170077
31547.979866804333, 0.0000164365992237839
31547.979866804333, 0.00001569628295983753
31547.979866804333, 0.000014989311073472074
31911.390866099428, 0.000014314181709912176
31859.21982621472, 0.000013512869816410173
31859.21982621472, 0.000012904240430155937
31703.217906854778, 0.000012610284154381614
32226.216095474716, 0.000018443775712940635
32173.53035663291, 0.0000174112879927639
32173.53035663291, 0.000016627071044853802
32173.53035663291, 0.000015878175792940327
32173.53035663291, 0.000015163011322402932
32490.9417511046, 0.000014314181709912176
32490.9417511046, 0.000013669460659002955
32490.9417511046, 0.000013053778308447666
32490.9417511046, 0.000012610284154381614
32811.48460153477, 0.000018657507245821553
32811.48460153477, 0.000017817159685433783
32811.48460153477, 0.000017014661984244494
32811.48460153477, 0.000016248309357342278
32811.48460153477, 0.00001551647380455554
32811.48460153477, 0.000014817600652012627
32972.939965148944, 0.000013988107225406294
32972.939965148944, 0.000013358072804063898
32972.939965148944, 0.000012756415586704847
35492.33183389893, 0.00001464785726350711
35492.33183389893, 0.000013988107225406294
35492.33183389893, 0.000013358072804063898
35492.33183389893, 0.000012756415586704847
36018.855216546865, 0.000013988107225406294
36018.855216546865, 0.000013358072804063898
36018.855216546865, 0.000012756415586704847
46038.317498340715, 0.00001569628295983753
46038.317498340715, 0.000014989311073472074
46038.317498340715, 0.000014314181709912176
46038.317498340715, 0.000013669460659002955
46038.317498340715, 0.000013053778308447666
46038.317498340715, 0.000012610284154381614
