  i            r          v_r          rho          t_r          t_e
--- ------------ ------------ ------------ ------------ ------------
  0 3.714861e+12 1.120635e+08 0.000000e+00 0.000000e+00 0.000000e+00
  1 3.835475e+12 3.220295e+08 1.322465e-11 6.833686e+05 6.150318e+05
  2 3.960005e+12 5.986647e+08 1.288916e-11 6.716075e+05 6.044467e+05
  3 4.088578e+12 9.275276e+08 1.251634e-11 6.601284e+05 5.941156e+05
  4 4.221326e+12 1.297527e+09 1.211828e-11 6.488622e+05 5.839760e+05
  5 4.358384e+12 1.689779e+09 1.170412e-11 6.377102e+05 5.739391e+05
  6 4.499892e+12 2.079220e+09 1.126058e-11 6.266808e+05 5.640127e+05
  7 4.645994e+12 2.466585e+09 1.080608e-11 6.158062e+05 5.542256e+05
  8 4.796840e+12 2.848689e+09 1.036318e-11 6.049975e+05 5.444978e+05
  9 4.952584e+12 3.219920e+09 9.945109e-12 5.943789e+05 5.349410e+05
 10 5.113384e+12 3.577053e+09 9.549658e-12 5.842420e+05 5.258178e+05
 11 5.279405e+12 3.921829e+09 9.187500e-12 5.744490e+05 5.170041e+05
 12 5.450817e+12 4.264495e+09 8.866588e-12 5.645811e+05 5.081230e+05
 13 5.627794e+12 4.610492e+09 8.579511e-12 5.547353e+05 4.992618e+05
 14 5.810517e+12 4.955149e+09 8.299790e-12 5.453398e+05 4.908058e+05
 15 5.999172e+12 5.291937e+09 8.023829e-12 5.363666e+05 4.827299e+05
 16 6.193953e+12 5.610553e+09 7.763877e-12 5.274363e+05 4.746927e+05
 17 6.395058e+12 5.901651e+09 7.524559e-12 5.186245e+05 4.667621e+05
 18 6.602693e+12 6.174948e+09 7.295467e-12 5.102826e+05 4.592543e+05
 19 6.817069e+12 6.440266e+09 7.072702e-12 5.023129e+05 4.520816e+05
 20 7.038405e+12 6.684545e+09 6.858627e-12 4.942844e+05 4.448560e+05
 21 7.266928e+12 6.893876e+09 6.654940e-12 4.860281e+05 4.374253e+05
 22 7.502870e+12 7.077188e+09 6.462974e-12 4.777151e+05 4.299436e+05
 23 7.746473e+12 7.249777e+09 6.281716e-12 4.695417e+05 4.225876e+05
 24 7.997986e+12 7.412791e+09 6.111750e-12 4.616929e+05 4.155236e+05
 25 8.257664e+12 7.565334e+09 5.953941e-12 4.541445e+05 4.087300e+05
 26 8.525773e+12 7.702140e+09 5.808026e-12 4.466450e+05 4.019805e+05
 27 8.802588e+12 7.817965e+09 5.671760e-12 4.391029e+05 3.951926e+05
 28 9.088390e+12 7.915194e+09 5.544234e-12 4.316624e+05 3.884962e+05
 29 9.383472e+12 8.002215e+09 5.423553e-12 4.244009e+05 3.819608e+05
 30 9.688134e+12 8.079743e+09 5.309320e-12 4.173538e+05 3.756184e+05
 31 1.000269e+13 8.145416e+09 5.198789e-12 4.105165e+05 3.694648e+05
 32 1.032745e+13 8.193500e+09 5.090846e-12 4.037079e+05 3.633371e+05
 33 1.066277e+13 8.222395e+09 4.983617e-12 3.967942e+05 3.571148e+05
 34 1.100896e+13 8.232836e+09 4.880173e-12 3.899017e+05 3.509115e+05
 35 1.136640e+13 8.229617e+09 4.780877e-12 3.831855e+05 3.448670e+05
 36 1.173545e+13 8.213406e+09 4.684624e-12 3.767113e+05 3.390402e+05
 37 1.211647e+13 8.185800e+09 4.589697e-12 3.704957e+05 3.334461e+05
 38 1.250987e+13 8.143491e+09 4.499875e-12 3.644107e+05 3.279697e+05
 39 1.291604e+13 8.085574e+09 4.417061e-12 3.582855e+05 3.224570e+05
 40 1.333540e+13 8.010558e+09 4.334851e-12 3.522060e+05 3.169854e+05
 41 1.376837e+13 7.923836e+09 4.248269e-12 3.463826e+05 3.117443e+05
 42 1.421540e+13 7.827375e+09 4.159614e-12 3.409056e+05 3.068151e+05
 43 1.467695e+13 7.722605e+09 4.072254e-12 3.357686e+05 3.021918e+05
 44 1.515348e+13 7.605953e+09 3.984763e-12 3.307049e+05 2.976344e+05
 45 1.564548e+13 7.476658e+09 3.893895e-12 3.254341e+05 2.928907e+05
 46 1.615346e+13 7.335134e+09 3.800676e-12 3.202051e+05 2.881846e+05
 47 1.667793e+13 7.189511e+09 3.707239e-12 3.154486e+05 2.839037e+05
 48 1.721943e+13 7.042684e+09 3.614453e-12 3.110180e+05 2.799162e+05
 49 1.777851e+13 6.887130e+09 3.523058e-12 3.064239e+05 2.757815e+05
 50 1.835574e+13 6.715992e+09 3.433395e-12 3.016493e+05 2.714844e+05
 51 1.895171e+13 6.541129e+09 3.346004e-12 2.970245e+05 2.673220e+05
 52 1.956704e+13 6.372331e+09 3.260932e-12 2.926214e+05 2.633592e+05
 53 2.020234e+13 6.200877e+09 3.178774e-12 2.882257e+05 2.594031e+05
 54 2.085827e+13 6.016489e+09 3.099783e-12 2.838055e+05 2.554249e+05
 55 2.153549e+13 5.829378e+09 3.024093e-12 2.795326e+05 2.515793e+05
 56 2.223471e+13 5.653204e+09 2.950604e-12 2.754407e+05 2.478966e+05
 57 2.295662e+13 5.479175e+09 2.877891e-12 2.713442e+05 2.442098e+05
 58 2.370198e+13 5.294822e+09 2.805733e-12 2.671176e+05 2.404058e+05
 59 2.447153e+13 5.104297e+09 2.736075e-12 2.627922e+05 2.365130e+05
 60 2.526607e+13 4.918692e+09 2.669409e-12 2.584575e+05 2.326117e+05
 61 2.608641e+13 4.740489e+09 2.604724e-12 2.542311e+05 2.288080e+05
 62 2.693338e+13 4.567689e+09 2.540841e-12 2.501573e+05 2.251416e+05
 63 2.780786e+13 4.397254e+09 2.478050e-12 2.460415e+05 2.214374e+05
 64 2.871072e+13 4.227598e+09 2.415767e-12 2.417251e+05 2.175526e+05
 65 2.964290e+13 4.057566e+09 2.352047e-12 2.373305e+05 2.135974e+05
 66 3.060534e+13 3.888998e+09 2.285058e-12 2.330279e+05 2.097251e+05
 67 3.159904e+13 3.727164e+09 2.216676e-12 2.288815e+05 2.059934e+05
 68 3.262499e+13 3.579708e+09 2.149336e-12 2.249137e+05 2.024223e+05
 69 3.368426e+13 3.445569e+09 2.081963e-12 2.209662e+05 1.988696e+05
 70 3.477792e+13 3.313443e+09 2.012610e-12 2.168704e+05 1.951833e+05
 71 3.590709e+13 3.179951e+09 1.941154e-12 2.126913e+05 1.914222e+05
 72 3.707292e+13 3.056134e+09 1.867873e-12 2.085617e+05 1.877056e+05
 73 3.827660e+13 2.949073e+09 1.792858e-12 2.045345e+05 1.840810e+05
 74 3.951937e+13 2.849540e+09 1.716051e-12 2.006227e+05 1.805605e+05
 75 4.080248e+13 2.752270e+09 1.639067e-12 1.967935e+05 1.771141e+05
 76 4.212725e+13 2.665503e+09 1.564029e-12 1.929917e+05 1.736925e+05
 77 4.349504e+13 2.596283e+09 1.490677e-12 1.891989e+05 1.702790e+05
 78 4.490723e+13 2.534793e+09 1.417064e-12 1.854340e+05 1.668906e+05
 79 4.636528e+13 2.472497e+09 1.343723e-12 1.817109e+05 1.635398e+05
 80 4.787067e+13 2.415846e+09 1.273755e-12 1.780442e+05 1.602397e+05
 81 4.942493e+13 2.373453e+09 1.207820e-12 1.744220e+05 1.569798e+05
 82 5.102966e+13 2.338641e+09 1.146991e-12 1.708138e+05 1.537324e+05
 83 5.268649e+13 2.300258e+09 1.089399e-12 1.672352e+05 1.505117e+05
 84 5.439711e+13 2.263282e+09 1.034739e-12 1.637592e+05 1.473833e+05
 85 5.616327e+13 2.236630e+09 9.825524e-13 1.604001e+05 1.443601e+05
 86 5.798678e+13 2.217998e+09 9.330010e-13 1.570615e+05 1.413554e+05
 87 5.986949e+13 2.198064e+09 8.861511e-13 1.536900e+05 1.383210e+05
 88 6.181334e+13 2.177933e+09 8.413705e-13 1.503916e+05 1.353525e+05
 89 6.382029e+13 2.164612e+09 7.982364e-13 1.472682e+05 1.325414e+05
 90 6.589240e+13 2.159527e+09 7.571635e-13 1.442576e+05 1.298318e+05
 91 6.803180e+13 2.155688e+09 7.176547e-13 1.412867e+05 1.271580e+05
 92 7.024065e+13 2.152278e+09 6.805324e-13 1.383918e+05 1.245526e+05
 93 7.252122e+13 2.151793e+09 6.451728e-13 1.356100e+05 1.220490e+05
 94 7.487584e+13 2.156884e+09 6.118972e-13 1.329112e+05 1.196201e+05
 95 7.730691e+13 2.163522e+09 5.804754e-13 1.302478e+05 1.172230e+05
 96 7.981690e+13 2.169350e+09 5.505563e-13 1.276771e+05 1.149094e+05
 97 8.240840e+13 2.174182e+09 5.222192e-13 1.252935e+05 1.127642e+05
 98 8.508403e+13 2.180505e+09 4.947678e-13 1.230307e+05 1.107276e+05
 99 8.784654e+13 2.190025e+09 4.694104e-13 1.207734e+05 1.086961e+05
100 9.069873e+13 2.202600e+09 4.453946e-13 1.185455e+05 1.066909e+05
101 9.364354e+13 2.213678e+09 4.217005e-13 1.164597e+05 1.048138e+05
102 9.668395e+13 2.221103e+09 3.992073e-13 1.145099e+05 1.030589e+05
103 9.982308e+13 2.229545e+09 3.785152e-13 1.126165e+05 1.013548e+05
104 1.030641e+14 2.244023e+09 3.601539e-13 1.107433e+05 9.966895e+04
105 1.064104e+14 2.257551e+09 3.420584e-13 1.089299e+05 9.803691e+04
106 1.098654e+14 2.263194e+09 3.249048e-13 1.071967e+05 9.647703e+04
107 1.134325e+14 2.267306e+09 3.085372e-13 1.055224e+05 9.497017e+04
108 1.171154e+14 2.280097e+09 2.939506e-13 1.038716e+05 9.348445e+04
109 1.209179e+14 2.294743e+09 2.797992e-13 1.022655e+05 9.203897e+04
110 1.248438e+14 2.299254e+09 2.662074e-13 1.007169e+05 9.064525e+04
111 1.288973e+14 2.299389e+09 2.529446e-13 9.922810e+04 8.930529e+04
112 1.330823e+14 2.305678e+09 2.404338e-13 9.777598e+04 8.799838e+04
113 1.374032e+14 2.317103e+09 2.281429e-13 9.634470e+04 8.671023e+04
114 1.418644e+14 2.320387e+09 2.157609e-13 9.493411e+04 8.544070e+04
115 1.464705e+14 2.317945e+09 2.038760e-13 9.358134e+04 8.422320e+04
116 1.512261e+14 2.316432e+09 1.924161e-13 9.230656e+04 8.307590e+04
117 1.561361e+14 2.318150e+09 1.822759e-13 9.105248e+04 8.194723e+04
118 1.612055e+14 2.314218e+09 1.729765e-13 8.976481e+04 8.078832e+04
119 1.664395e+14 2.304237e+09 1.643410e-13 8.849965e+04 7.964969e+04
120 1.718434e+14 2.294707e+09 1.561264e-13 8.732320e+04 7.859088e+04
121 1.774229e+14 2.287928e+09 1.482664e-13 8.617963e+04 7.756166e+04
122 1.831834e+14 2.280248e+09 1.413730e-13 8.498971e+04 7.649074e+04
123 1.891310e+14 2.266854e+09 1.346535e-13 8.378866e+04 7.540979e+04
124 1.952717e+14 2.252318e+09 1.286195e-13 8.265962e+04 7.439365e+04
125 2.016118e+14 2.237636e+09 1.226290e-13 8.158141e+04 7.342327e+04
126 2.081577e+14 2.220583e+09 1.173254e-13 8.049530e+04 7.244577e+04
127 2.149162e+14 2.196802e+09 1.118560e-13 7.939305e+04 7.145375e+04
128 2.218941e+14 2.173257e+09 1.072577e-13 7.830688e+04 7.047619e+04
129 2.290985e+14 2.156379e+09 1.026486e-13 7.723398e+04 6.951058e+04
130 2.365369e+14 2.138850e+09 9.865584e-14 7.616243e+04 6.854619e+04
131 2.442167e+14 2.107540e+09 9.460526e-14 7.509861e+04 6.758875e+04
132 2.521460e+14 2.070746e+09 9.127315e-14 7.406922e+04 6.666230e+04
133 2.603326e+14 2.044648e+09 8.868464e-14 7.307165e+04 6.576449e+04
134 2.687851e+14 2.023822e+09 8.597348e-14 7.207236e+04 6.486512e+04
135 2.775120e+14 1.994861e+09 8.364621e-14 7.103922e+04 6.393529e+04
136 2.865223e+14 1.957196e+09 8.105901e-14 6.999849e+04 6.299864e+04
137 2.958250e+14 1.928286e+09 7.984752e-14 6.896904e+04 6.207214e+04
138 3.054299e+14 1.903837e+09 7.838155e-14 6.793622e+04 6.114260e+04
139 3.153466e+14 1.875476e+09 7.747833e-14 6.688367e+04 6.019530e+04
140 3.255852e+14 1.835336e+09 7.647955e-14 6.582623e+04 5.924361e+04
141 3.361563e+14 1.801793e+09 7.577047e-14 6.477910e+04 5.830119e+04
142 3.470706e+14 1.780748e+09 7.507483e-14 6.372332e+04 5.735099e+04
143 3.583393e+14 1.773105e+09 7.417617e-14 6.263281e+04 5.636953e+04
144 3.699739e+14 1.760772e+09 7.308715e-14 6.149729e+04 5.534756e+04
145 3.819862e+14 1.745672e+09 6.935770e-14 6.031615e+04 5.428454e+04
146 3.943885e+14 1.732306e+09 6.458499e-14 5.912372e+04 5.321135e+04
147 4.071935e+14 1.739374e+09 5.838993e-14 5.795493e+04 5.215943e+04
148 4.204142e+14 1.757975e+09 5.246002e-14 5.681197e+04 5.113077e+04
149 4.340642e+14 1.770303e+09 4.771907e-14 5.568802e+04 5.011922e+04
150 4.481574e+14 1.765018e+09 4.386875e-14 5.456833e+04 4.911150e+04
151 4.627082e+14 1.766098e+09 4.099717e-14 5.346519e+04 4.811867e+04
152 4.777314e+14 1.796838e+09 3.888919e-14 5.233586e+04 4.710227e+04
153 4.932423e+14 1.838586e+09 3.710269e-14 5.121235e+04 4.609112e+04
154 5.092569e+14 1.856158e+09 3.593285e-14 5.002960e+04 4.502664e+04
155 5.257914e+14 1.857056e+09 3.340128e-14 4.874166e+04 4.386750e+04
156 5.428628e+14 1.881220e+09 3.025659e-14 4.738858e+04 4.264973e+04
157 5.604885e+14 1.941515e+09 2.689101e-14 4.606990e+04 4.146291e+04
158 5.786864e+14 2.014984e+09 2.398413e-14 4.480005e+04 4.032005e+04
159 5.974752e+14 2.069968e+09 2.170369e-14 4.354221e+04 3.918798e+04
160 6.168740e+14 2.101787e+09 2.009993e-14 4.230769e+04 3.807692e+04
161 6.369026e+14 2.141258e+09 1.799875e-14 4.105938e+04 3.695344e+04
162 6.575815e+14 2.203212e+09 1.567095e-14 3.983135e+04 3.584822e+04
163 6.789319e+14 2.273774e+09 1.351222e-14 3.870301e+04 3.483271e+04
164 7.009754e+14 2.343873e+09 1.184552e-14 3.766923e+04 3.390230e+04
165 7.237347e+14 2.410473e+09 1.043522e-14 3.680172e+04 3.312155e+04
