       x        z    i    j inwind      i01      i02      i03      i04      i05      i06      i07 
5.80e+11 2.07e+13    0    0     -1 0.00e+00 0.00e+00 0.00e+00 0.00e+00 0.00e+00 0.00e+00 0.00e+00 
1.74e+12 2.06e+13    0    1     -1 0.00e+00 0.00e+00 0.00e+00 0.00e+00 0.00e+00 0.00e+00 0.00e+00 
2.89e+12 2.05e+13    0    2     -1 0.00e+00 0.00e+00 0.00e+00 0.00e+00 0.00e+00 0.00e+00 0.00e+00 
4.04e+12 2.03e+13    0    3     -1 0.00e+00 0.00e+00 0.00e+00 0.00e+00 0.00e+00 0.00e+00 0.00e+00 
5.17e+12 2.00e+13    0    4     -1 0.00e+00 0.00e+00 0.00e+00 0.00e+00 0.00e+00 0.00e+00 0.00e+00 
6.28e+12 1.97e+13    0    5     -1 0.00e+00 0.00e+00 0.00e+00 0.00e+00 0.00e+00 0.00e+00 0.00e+00 
7.38e+12 1.93e+13    0    6     -1 0.00e+00 0.00e+00 0.00e+00 0.00e+00 0.00e+00 0.00e+00 0.00e+00 
8.45e+12 1.89e+13    0    7     -1 0.00e+00 0.00e+00 0.00e+00 0.00e+00 0.00e+00 0.00e+00 0.00e+00 
9.49e+12 1.84e+13    0    8     -1 0.00e+00 0.00e+00 0.00e+00 0.00e+00 0.00e+00 0.00e+00 0.00e+00 
1.05e+13 1.78e+13    0    9     -1 0.00e+00 0.00e+00 0.00e+00 0.00e+00 0.00e+00 0.00e+00 0.00e+00 
1.15e+13 1.72e+13    0   10     -1 0.00e+00 0.00e+00 0.00e+00 0.00e+00 0.00e+00 0.00e+00 0.00e+00 
1.24e+13 1.65e+13    0   11     -1 0.00e+00 0.00e+00 0.00e+00 0.00e+00 0.00e+00 0.00e+00 0.00e+00 
1.33e+13 1.58e+13    0   12     -1 0.00e+00 0.00e+00 0.00e+00 0.00e+00 0.00e+00 0.00e+00 0.00e+00 
1.42e+13 1.50e+13    0   13     -1 0.00e+00 0.00e+00 0.00e+00 0.00e+00 0.00e+00 0.00e+00 0.00e+00 
1.50e+13 1.42e+13    0   14     -1 0.00e+00 0.00e+00 0.00e+00 0.00e+00 0.00e+00 0.00e+00 0.00e+00 
1.58e+13 1.33e+13    0   15     -1 0.00e+00 0.00e+00 0.00e+00 0.00e+00 0.00e+00 0.00e+00 0.00e+00 
1.65e+13 1.24e+13    0   16     -1 0.00e+00 0.00e+00 0.00e+00 0.00e+00 0.00e+00 0.00e+00 0.00e+00 
1.72e+13 1.15e+13    0   17     -1 0.00e+00 0.00e+00 0.00e+00 0.00e+00 0.00e+00 0.00e+00 0.00e+00 
1.78e+13 1.05e+13    0   18     -1 0.00e+00 0.00e+00 0.00e+00 0.00e+00 0.00e+00 0.00e+00 0.00e+00 
1.84e+13 9.49e+12    0   19     -1 0.00e+00 0.00e+00 0.00e+00 0.00e+00 0.00e+00 0.00e+00 0.00e+00 
1.89e+13 8.45e+12    0   20     -1 0.00e+00 0.00e+00 0.00e+00 0.00e+00 0.00e+00 0.00e+00 0.00e+00 
1.93e+13 7.38e+12    0   21     -1 0.00e+00 0.00e+00 0.00e+00 0.00e+00 0.00e+00 0.00e+00 0.00e+00 
1.97e+13 6.28e+12    0   22     -1 0.00e+00 0.00e+00 0.00e+00 0.00e+00 0.00e+00 0.00e+00 0.00e+00 
2.00e+13 5.17e+12    0   23     -1 0.00e+00 0.00e+00 0.00e+00 0.00e+00 0.00e+00 0.00e+00 0.00e+00 
2.03e+13 4.04e+12    0   24     -1 0.00e+00 0.00e+00 0.00e+00 0.00e+00 0.00e+00 0.00e+00 0.00e+00 
2.05e+13 2.89e+12    0   25     -1 0.00e+00 0.00e+00 0.00e+00 0.00e+00 0.00e+00 0.00e+00 0.00e+00 
2.06e+13 1.74e+12    0   26     -1 0.00e+00 0.00e+00 0.00e+00 0.00e+00 0.00e+00 0.00e+00 0.00e+00 
2.07e+13 5.80e+11    0   27     -1 0.00e+00 0.00e+00 0.00e+00 0.00e+00 0.00e+00 0.00e+00 0.00e+00 
2.07e+13 1.27e-03    0   28     -1 0.00e+00 0.00e+00 0.00e+00 0.00e+00 0.00e+00 0.00e+00 0.00e+00 
2.07e+13 1.27e-03    0   29     -1 0.00e+00 0.00e+00 0.00e+00 0.00e+00 0.00e+00 0.00e+00 0.00e+00 
6.68e+11 2.38e+13    1    0     -1 0.00e+00 0.00e+00 0.00e+00 0.00e+00 0.00e+00 0.00e+00 0.00e+00 
2.00e+12 2.37e+13    1    1     -1 0.00e+00 0.00e+00 0.00e+00 0.00e+00 0.00e+00 0.00e+00 0.00e+00 
3.33e+12 2.36e+13    1    2     -1 0.00e+00 0.00e+00 0.00e+00 0.00e+00 0.00e+00 0.00e+00 0.00e+00 
4.65e+12 2.34e+13    1    3     -1 0.00e+00 0.00e+00 0.00e+00 0.00e+00 0.00e+00 0.00e+00 0.00e+00 
5.95e+12 2.31e+13    1    4     -1 0.00e+00 0.00e+00 0.00e+00 0.00e+00 0.00e+00 0.00e+00 0.00e+00 
7.23e+12 2.27e+13    1    5     -1 0.00e+00 0.00e+00 0.00e+00 0.00e+00 0.00e+00 0.00e+00 0.00e+00 
8.49e+12 2.23e+13    1    6     -1 0.00e+00 0.00e+00 0.00e+00 0.00e+00 0.00e+00 0.00e+00 0.00e+00 
9.73e+12 2.17e+13    1    7     -1 0.00e+00 0.00e+00 0.00e+00 0.00e+00 0.00e+00 0.00e+00 0.00e+00 
1.09e+13 2.12e+13    1    8     -1 0.00e+00 0.00e+00 0.00e+00 0.00e+00 0.00e+00 0.00e+00 0.00e+00 
1.21e+13 2.05e+13    1    9     -1 0.00e+00 0.00e+00 0.00e+00 0.00e+00 0.00e+00 0.00e+00 0.00e+00 
1.32e+13 1.98e+13    1   10     -1 0.00e+00 0.00e+00 0.00e+00 0.00e+00 0.00e+00 0.00e+00 0.00e+00 
1.43e+13 1.90e+13    1   11     -1 0.00e+00 0.00e+00 0.00e+00 0.00e+00 0.00e+00 0.00e+00 0.00e+00 
1.54e+13 1.82e+13    1   12     -1 0.00e+00 0.00e+00 0.00e+00 0.00e+00 0.00e+00 0.00e+00 0.00e+00 
1.64e+13 1.73e+13    1   13     -1 0.00e+00 0.00e+00 0.00e+00 0.00e+00 0.00e+00 0.00e+00 0.00e+00 
1.73e+13 1.64e+13    1   14     -1 0.00e+00 0.00e+00 0.00e+00 0.00e+00 0.00e+00 0.00e+00 0.00e+00 
1.82e+13 1.54e+13    1   15     -1 0.00e+00 0.00e+00 0.00e+00 0.00e+00 0.00e+00 0.00e+00 0.00e+00 
1.90e+13 1.43e+13    1   16     -1 0.00e+00 0.00e+00 0.00e+00 0.00e+00 0.00e+00 0.00e+00 0.00e+00 
1.98e+13 1.32e+13    1   17     -1 0.00e+00 0.00e+00 0.00e+00 0.00e+00 0.00e+00 0.00e+00 0.00e+00 
2.05e+13 1.21e+13    1   18     -1 0.00e+00 0.00e+00 0.00e+00 0.00e+00 0.00e+00 0.00e+00 0.00e+00 
2.12e+13 1.09e+13    1   19     -1 0.00e+00 0.00e+00 0.00e+00 0.00e+00 0.00e+00 0.00e+00 0.00e+00 
2.17e+13 9.73e+12    1   20     -1 0.00e+00 0.00e+00 0.00e+00 0.00e+00 0.00e+00 0.00e+00 0.00e+00 
2.23e+13 8.49e+12    1   21     -1 0.00e+00 0.00e+00 0.00e+00 0.00e+00 0.00e+00 0.00e+00 0.00e+00 
2.27e+13 7.23e+12    1   22     -1 0.00e+00 0.00e+00 0.00e+00 0.00e+00 0.00e+00 0.00e+00 0.00e+00 
2.31e+13 5.95e+12    1   23     -1 0.00e+00 0.00e+00 0.00e+00 0.00e+00 0.00e+00 0.00e+00 0.00e+00 
2.34e+13 4.65e+12    1   24     -1 0.00e+00 0.00e+00 0.00e+00 0.00e+00 0.00e+00 0.00e+00 0.00e+00 
2.36e+13 3.33e+12    1   25     -1 0.00e+00 0.00e+00 0.00e+00 0.00e+00 0.00e+00 0.00e+00 0.00e+00 
2.37e+13 2.00e+12    1   26     -1 0.00e+00 0.00e+00 0.00e+00 0.00e+00 0.00e+00 0.00e+00 0.00e+00 
2.38e+13 6.68e+11    1   27     -1 0.00e+00 0.00e+00 0.00e+00 0.00e+00 0.00e+00 0.00e+00 0.00e+00 
2.38e+13 1.46e-03    1   28     -1 0.00e+00 0.00e+00 0.00e+00 0.00e+00 0.00e+00 0.00e+00 0.00e+00 
2.38e+13 1.46e-03    1   29     -1 0.00e+00 0.00e+00 0.00e+00 0.00e+00 0.00e+00 0.00e+00 0.00e+00 
7.69e+11 2.74e+13    2    0     -1 0.00e+00 0.00e+00 0.00e+00 0.00e+00 0.00e+00 0.00e+00 0.00e+00 
2.31e+12 2.73e+13    2    1     -1 0.00e+00 0.00e+00 0.00e+00 0.00e+00 0.00e+00 0.00e+00 0.00e+00 
3.83e+12 2.72e+13    2    2     -1 0.00e+00 0.00e+00 0.00e+00 0.00e+00 0.00e+00 0.00e+00 0.00e+00 
5.35e+12 2.69e+13    2    3     -1 0.00e+00 0.00e+00 0.00e+00 0.00e+00 0.00e+00 0.00e+00 0.00e+00 
6.85e+12 2.66e+13    2    4     -1 0.00e+00 0.00e+00 0.00e+00 0.00e+00 0.00e+00 0.00e+00 0.00e+00 
8.33e+12 2.61e+13    2    5     -1 0.00e+00 0.00e+00 0.00e+00 0.00e+00 0.00e+00 0.00e+00 0.00e+00 
9.78e+12 2.56e+13    2    6     -1 0.00e+00 0.00e+00 0.00e+00 0.00e+00 0.00e+00 0.00e+00 0.00e+00 
1.12e+13 2.50e+13    2    7     -1 0.00e+00 0.00e+00 0.00e+00 0.00e+00 0.00e+00 0.00e+00 0.00e+00 
1.26e+13 2.44e+13    2    8     -1 0.00e+00 0.00e+00 0.00e+00 0.00e+00 0.00e+00 0.00e+00 0.00e+00 
1.39e+13 2.36e+13    2    9     -1 0.00e+00 0.00e+00 0.00e+00 0.00e+00 0.00e+00 0.00e+00 0.00e+00 
1.52e+13 2.28e+13    2   10     -1 0.00e+00 0.00e+00 0.00e+00 0.00e+00 0.00e+00 0.00e+00 0.00e+00 
1.65e+13 2.19e+13    2   11     -1 0.00e+00 0.00e+00 0.00e+00 0.00e+00 0.00e+00 0.00e+00 0.00e+00 
1.77e+13 2.10e+13    2   12     -1 0.00e+00 0.00e+00 0.00e+00 0.00e+00 0.00e+00 0.00e+00 0.00e+00 
1.88e+13 1.99e+13    2   13     -1 0.00e+00 0.00e+00 0.00e+00 0.00e+00 0.00e+00 0.00e+00 0.00e+00 
1.99e+13 1.88e+13    2   14     -1 0.00e+00 0.00e+00 0.00e+00 0.00e+00 0.00e+00 0.00e+00 0.00e+00 
2.10e+13 1.77e+13    2   15     -1 0.00e+00 0.00e+00 0.00e+00 0.00e+00 0.00e+00 0.00e+00 0.00e+00 
2.19e+13 1.65e+13    2   16     -1 0.00e+00 0.00e+00 0.00e+00 0.00e+00 0.00e+00 0.00e+00 0.00e+00 
2.28e+13 1.52e+13    2   17     -1 0.00e+00 0.00e+00 0.00e+00 0.00e+00 0.00e+00 0.00e+00 0.00e+00 
2.36e+13 1.39e+13    2   18     -1 0.00e+00 0.00e+00 0.00e+00 0.00e+00 0.00e+00 0.00e+00 0.00e+00 
2.44e+13 1.26e+13    2   19     -1 0.00e+00 0.00e+00 0.00e+00 0.00e+00 0.00e+00 0.00e+00 0.00e+00 
2.50e+13 1.12e+13    2   20     -1 0.00e+00 0.00e+00 0.00e+00 0.00e+00 0.00e+00 0.00e+00 0.00e+00 
2.56e+13 9.78e+12    2   21     -1 0.00e+00 0.00e+00 0.00e+00 0.00e+00 0.00e+00 0.00e+00 0.00e+00 
2.61e+13 8.33e+12    2   22     -1 0.00e+00 0.00e+00 0.00e+00 0.00e+00 0.00e+00 0.00e+00 0.00e+00 
2.66e+13 6.85e+12    2   23     -1 0.00e+00 0.00e+00 0.00e+00 0.00e+00 0.00e+00 0.00e+00 0.00e+00 
2.69e+13 5.35e+12    2   24     -1 0.00e+00 0.00e+00 0.00e+00 0.00e+00 0.00e+00 0.00e+00 0.00e+00 
2.72e+13 3.83e+12    2   25     -1 0.00e+00 0.00e+00 0.00e+00 0.00e+00 0.00e+00 0.00e+00 0.00e+00 
2.73e+13 2.31e+12    2   26     -1 0.00e+00 0.00e+00 0.00e+00 0.00e+00 0.00e+00 0.00e+00 0.00e+00 
2.74e+13 7.69e+11    2   27     -1 0.00e+00 0.00e+00 0.00e+00 0.00e+00 0.00e+00 0.00e+00 0.00e+00 
2.74e+13 1.68e-03    2   28     -1 0.00e+00 0.00e+00 0.00e+00 0.00e+00 0.00e+00 0.00e+00 0.00e+00 
2.74e+13 1.68e-03    2   29     -1 0.00e+00 0.00e+00 0.00e+00 0.00e+00 0.00e+00 0.00e+00 0.00e+00 
8.86e+11 3.16e+13    3    0     -1 0.00e+00 0.00e+00 0.00e+00 0.00e+00 0.00e+00 0.00e+00 0.00e+00 
2.65e+12 3.15e+13    3    1     -1 0.00e+00 0.00e+00 0.00e+00 0.00e+00 0.00e+00 0.00e+00 0.00e+00 
4.42e+12 3.13e+13    3    2     -1 0.00e+00 0.00e+00 0.00e+00 0.00e+00 0.00e+00 0.00e+00 0.00e+00 
6.16e+12 3.10e+13    3    3     -1 0.00e+00 0.00e+00 0.00e+00 0.00e+00 0.00e+00 0.00e+00 0.00e+00 
7.89e+12 3.06e+13    3    4     -1 0.00e+00 0.00e+00 0.00e+00 0.00e+00 0.00e+00 0.00e+00 0.00e+00 
9.59e+12 3.01e+13    3    5     -1 0.00e+00 0.00e+00 0.00e+00 0.00e+00 0.00e+00 0.00e+00 0.00e+00 
1.13e+13 2.95e+13    3    6     -1 0.00e+00 0.00e+00 0.00e+00 0.00e+00 0.00e+00 0.00e+00 0.00e+00 
1.29e+13 2.88e+13    3    7     -1 0.00e+00 0.00e+00 0.00e+00 0.00e+00 0.00e+00 0.00e+00 0.00e+00 
1.45e+13 2.81e+13    3    8     -1 0.00e+00 0.00e+00 0.00e+00 0.00e+00 0.00e+00 0.00e+00 0.00e+00 
1.60e+13 2.72e+13    3    9     -1 0.00e+00 0.00e+00 0.00e+00 0.00e+00 0.00e+00 0.00e+00 0.00e+00 
1.75e+13 2.63e+13    3   10     -1 0.00e+00 0.00e+00 0.00e+00 0.00e+00 0.00e+00 0.00e+00 0.00e+00 
1.90e+13 2.52e+13    3   11     -1 0.00e+00 0.00e+00 0.00e+00 0.00e+00 0.00e+00 0.00e+00 0.00e+00 
2.04e+13 2.41e+13    3   12     -1 0.00e+00 0.00e+00 0.00e+00 0.00e+00 0.00e+00 0.00e+00 0.00e+00 
2.17e+13 2.30e+13    3   13     -1 0.00e+00 0.00e+00 0.00e+00 0.00e+00 0.00e+00 0.00e+00 0.00e+00 
2.30e+13 2.17e+13    3   14     -1 0.00e+00 0.00e+00 0.00e+00 0.00e+00 0.00e+00 0.00e+00 0.00e+00 
2.41e+13 2.04e+13    3   15     -1 0.00e+00 0.00e+00 0.00e+00 0.00e+00 0.00e+00 0.00e+00 0.00e+00 
2.52e+13 1.90e+13    3   16     -1 0.00e+00 0.00e+00 0.00e+00 0.00e+00 0.00e+00 0.00e+00 0.00e+00 
2.63e+13 1.75e+13    3   17     -1 0.00e+00 0.00e+00 0.00e+00 0.00e+00 0.00e+00 0.00e+00 0.00e+00 
2.72e+13 1.60e+13    3   18     -1 0.00e+00 0.00e+00 0.00e+00 0.00e+00 0.00e+00 0.00e+00 0.00e+00 
2.81e+13 1.45e+13    3   19     -1 0.00e+00 0.00e+00 0.00e+00 0.00e+00 0.00e+00 0.00e+00 0.00e+00 
2.88e+13 1.29e+13    3   20     -1 0.00e+00 0.00e+00 0.00e+00 0.00e+00 0.00e+00 0.00e+00 0.00e+00 
2.95e+13 1.13e+13    3   21     -1 0.00e+00 0.00e+00 0.00e+00 0.00e+00 0.00e+00 0.00e+00 0.00e+00 
3.01e+13 9.59e+12    3   22     -1 0.00e+00 0.00e+00 0.00e+00 0.00e+00 0.00e+00 0.00e+00 0.00e+00 
3.06e+13 7.89e+12    3   23     -1 0.00e+00 0.00e+00 0.00e+00 0.00e+00 0.00e+00 0.00e+00 0.00e+00 
3.10e+13 6.16e+12    3   24     -1 0.00e+00 0.00e+00 0.00e+00 0.00e+00 0.00e+00 0.00e+00 0.00e+00 
3.13e+13 4.42e+12    3   25     -1 0.00e+00 0.00e+00 0.00e+00 0.00e+00 0.00e+00 0.00e+00 0.00e+00 
3.15e+13 2.65e+12    3   26     -1 0.00e+00 0.00e+00 0.00e+00 0.00e+00 0.00e+00 0.00e+00 0.00e+00 
3.16e+13 8.86e+11    3   27     -1 0.00e+00 0.00e+00 0.00e+00 0.00e+00 0.00e+00 0.00e+00 0.00e+00 
3.16e+13 1.93e-03    3   28     -1 0.00e+00 0.00e+00 0.00e+00 0.00e+00 0.00e+00 0.00e+00 0.00e+00 
3.16e+13 1.93e-03    3   29     -1 0.00e+00 0.00e+00 0.00e+00 0.00e+00 0.00e+00 0.00e+00 0.00e+00 
1.02e+12 3.64e+13    4    0     -1 0.00e+00 0.00e+00 0.00e+00 0.00e+00 0.00e+00 0.00e+00 0.00e+00 
3.06e+12 3.62e+13    4    1     -1 0.00e+00 0.00e+00 0.00e+00 0.00e+00 0.00e+00 0.00e+00 0.00e+00 
5.08e+12 3.60e+13    4    2     -1 0.00e+00 0.00e+00 0.00e+00 0.00e+00 0.00e+00 0.00e+00 0.00e+00 
7.10e+12 3.57e+13    4    3     -1 0.00e+00 0.00e+00 0.00e+00 0.00e+00 0.00e+00 0.00e+00 0.00e+00 
9.09e+12 3.52e+13    4    4     -1 0.00e+00 0.00e+00 0.00e+00 0.00e+00 0.00e+00 0.00e+00 0.00e+00 
1.10e+13 3.47e+13    4    5     -1 0.00e+00 0.00e+00 0.00e+00 0.00e+00 0.00e+00 0.00e+00 0.00e+00 
1.30e+13 3.40e+13    4    6     -1 0.00e+00 0.00e+00 0.00e+00 0.00e+00 0.00e+00 0.00e+00 0.00e+00 
1.49e+13 3.32e+13    4    7     -1 0.00e+00 0.00e+00 0.00e+00 0.00e+00 0.00e+00 0.00e+00 0.00e+00 
1.67e+13 3.23e+13    4    8     -1 0.00e+00 0.00e+00 0.00e+00 0.00e+00 0.00e+00 0.00e+00 0.00e+00 
1.85e+13 3.13e+13    4    9     -1 0.00e+00 0.00e+00 0.00e+00 0.00e+00 0.00e+00 0.00e+00 0.00e+00 
2.02e+13 3.02e+13    4   10     -1 0.00e+00 0.00e+00 0.00e+00 0.00e+00 0.00e+00 0.00e+00 0.00e+00 
2.19e+13 2.91e+13    4   11     -1 0.00e+00 0.00e+00 0.00e+00 0.00e+00 0.00e+00 0.00e+00 0.00e+00 
2.35e+13 2.78e+13    4   12     -1 0.00e+00 0.00e+00 0.00e+00 0.00e+00 0.00e+00 0.00e+00 0.00e+00 
2.50e+13 2.64e+13    4   13     -1 0.00e+00 0.00e+00 0.00e+00 0.00e+00 0.00e+00 0.00e+00 0.00e+00 
2.64e+13 2.50e+13    4   14     -1 0.00e+00 0.00e+00 0.00e+00 0.00e+00 0.00e+00 0.00e+00 0.00e+00 
2.78e+13 2.35e+13    4   15     -1 0.00e+00 0.00e+00 0.00e+00 0.00e+00 0.00e+00 0.00e+00 0.00e+00 
2.91e+13 2.19e+13    4   16     -1 0.00e+00 0.00e+00 0.00e+00 0.00e+00 0.00e+00 0.00e+00 0.00e+00 
3.02e+13 2.02e+13    4   17     -1 0.00e+00 0.00e+00 0.00e+00 0.00e+00 0.00e+00 0.00e+00 0.00e+00 
3.13e+13 1.85e+13    4   18     -1 0.00e+00 0.00e+00 0.00e+00 0.00e+00 0.00e+00 0.00e+00 0.00e+00 
3.23e+13 1.67e+13    4   19     -1 0.00e+00 0.00e+00 0.00e+00 0.00e+00 0.00e+00 0.00e+00 0.00e+00 
3.32e+13 1.49e+13    4   20     -1 0.00e+00 0.00e+00 0.00e+00 0.00e+00 0.00e+00 0.00e+00 0.00e+00 
3.40e+13 1.30e+13    4   21     -1 0.00e+00 0.00e+00 0.00e+00 0.00e+00 0.00e+00 0.00e+00 0.00e+00 
3.47e+13 1.10e+13    4   22     -1 0.00e+00 0.00e+00 0.00e+00 0.00e+00 0.00e+00 0.00e+00 0.00e+00 
3.52e+13 9.09e+12    4   23     -1 0.00e+00 0.00e+00 0.00e+00 0.00e+00 0.00e+00 0.00e+00 0.00e+00 
3.57e+13 7.10e+12    4   24     -1 0.00e+00 0.00e+00 0.00e+00 0.00e+00 0.00e+00 0.00e+00 0.00e+00 
3.60e+13 5.08e+12    4   25     -1 0.00e+00 0.00e+00 0.00e+00 0.00e+00 0.00e+00 0.00e+00 0.00e+00 
3.62e+13 3.06e+12    4   26     -1 0.00e+00 0.00e+00 0.00e+00 0.00e+00 0.00e+00 0.00e+00 0.00e+00 
3.64e+13 1.02e+12    4   27     -1 0.00e+00 0.00e+00 0.00e+00 0.00e+00 0.00e+00 0.00e+00 0.00e+00 
3.64e+13 2.23e-03    4   28     -1 0.00e+00 0.00e+00 0.00e+00 0.00e+00 0.00e+00 0.00e+00 0.00e+00 
3.64e+13 2.23e-03    4   29     -1 0.00e+00 0.00e+00 0.00e+00 0.00e+00 0.00e+00 0.00e+00 0.00e+00 
1.17e+12 4.19e+13    5    0     -1 0.00e+00 0.00e+00 0.00e+00 0.00e+00 0.00e+00 0.00e+00 0.00e+00 
3.52e+12 4.17e+13    5    1     -1 0.00e+00 0.00e+00 0.00e+00 0.00e+00 0.00e+00 0.00e+00 0.00e+00 
5.86e+12 4.15e+13    5    2     -1 0.00e+00 0.00e+00 0.00e+00 0.00e+00 0.00e+00 0.00e+00 0.00e+00 
8.17e+12 4.11e+13    5    3     -1 0.00e+00 0.00e+00 0.00e+00 0.00e+00 0.00e+00 0.00e+00 0.00e+00 
1.05e+13 4.06e+13    5    4     -1 0.00e+00 0.00e+00 0.00e+00 0.00e+00 0.00e+00 0.00e+00 0.00e+00 
1.27e+13 3.99e+13    5    5     -1 0.00e+00 0.00e+00 0.00e+00 0.00e+00 0.00e+00 0.00e+00 0.00e+00 
1.49e+13 3.91e+13    5    6     -1 0.00e+00 0.00e+00 0.00e+00 0.00e+00 0.00e+00 0.00e+00 0.00e+00 
1.71e+13 3.82e+13    5    7     -1 0.00e+00 0.00e+00 0.00e+00 0.00e+00 0.00e+00 0.00e+00 0.00e+00 
1.92e+13 3.72e+13    5    8     -1 0.00e+00 0.00e+00 0.00e+00 0.00e+00 0.00e+00 0.00e+00 0.00e+00 
2.13e+13 3.61e+13    5    9     -1 0.00e+00 0.00e+00 0.00e+00 0.00e+00 0.00e+00 0.00e+00 0.00e+00 
2.33e+13 3.48e+13    5   10     -1 0.00e+00 0.00e+00 0.00e+00 0.00e+00 0.00e+00 0.00e+00 0.00e+00 
2.52e+13 3.35e+13    5   11     -1 0.00e+00 0.00e+00 0.00e+00 0.00e+00 0.00e+00 0.00e+00 0.00e+00 
2.70e+13 3.20e+13    5   12     -1 0.00e+00 0.00e+00 0.00e+00 0.00e+00 0.00e+00 0.00e+00 0.00e+00 
2.88e+13 3.04e+13    5   13     -1 0.00e+00 0.00e+00 0.00e+00 0.00e+00 0.00e+00 0.00e+00 0.00e+00 
3.04e+13 2.88e+13    5   14     -1 0.00e+00 0.00e+00 0.00e+00 0.00e+00 0.00e+00 0.00e+00 0.00e+00 
3.20e+13 2.70e+13    5   15     -1 0.00e+00 0.00e+00 0.00e+00 0.00e+00 0.00e+00 0.00e+00 0.00e+00 
3.35e+13 2.52e+13    5   16     -1 0.00e+00 0.00e+00 0.00e+00 0.00e+00 0.00e+00 0.00e+00 0.00e+00 
3.48e+13 2.33e+13    5   17     -1 0.00e+00 0.00e+00 0.00e+00 0.00e+00 0.00e+00 0.00e+00 0.00e+00 
3.61e+13 2.13e+13    5   18     -1 0.00e+00 0.00e+00 0.00e+00 0.00e+00 0.00e+00 0.00e+00 0.00e+00 
3.72e+13 1.92e+13    5   19     -1 0.00e+00 0.00e+00 0.00e+00 0.00e+00 0.00e+00 0.00e+00 0.00e+00 
3.82e+13 1.71e+13    5   20     -1 0.00e+00 0.00e+00 0.00e+00 0.00e+00 0.00e+00 0.00e+00 0.00e+00 
3.91e+13 1.49e+13    5   21     -1 0.00e+00 0.00e+00 0.00e+00 0.00e+00 0.00e+00 0.00e+00 0.00e+00 
3.99e+13 1.27e+13    5   22     -1 0.00e+00 0.00e+00 0.00e+00 0.00e+00 0.00e+00 0.00e+00 0.00e+00 
4.06e+13 1.05e+13    5   23     -1 0.00e+00 0.00e+00 0.00e+00 0.00e+00 0.00e+00 0.00e+00 0.00e+00 
4.11e+13 8.17e+12    5   24     -1 0.00e+00 0.00e+00 0.00e+00 0.00e+00 0.00e+00 0.00e+00 0.00e+00 
4.15e+13 5.86e+12    5   25     -1 0.00e+00 0.00e+00 0.00e+00 0.00e+00 0.00e+00 0.00e+00 0.00e+00 
4.17e+13 3.52e+12    5   26     -1 0.00e+00 0.00e+00 0.00e+00 0.00e+00 0.00e+00 0.00e+00 0.00e+00 
4.19e+13 1.17e+12    5   27     -1 0.00e+00 0.00e+00 0.00e+00 0.00e+00 0.00e+00 0.00e+00 0.00e+00 
4.19e+13 2.56e-03    5   28     -1 0.00e+00 0.00e+00 0.00e+00 0.00e+00 0.00e+00 0.00e+00 0.00e+00 
4.19e+13 2.56e-03    5   29     -1 0.00e+00 0.00e+00 0.00e+00 0.00e+00 0.00e+00 0.00e+00 0.00e+00 
1.35e+12 4.82e+13    6    0     -1 0.00e+00 0.00e+00 0.00e+00 0.00e+00 0.00e+00 0.00e+00 0.00e+00 
4.05e+12 4.81e+13    6    1     -1 0.00e+00 0.00e+00 0.00e+00 0.00e+00 0.00e+00 0.00e+00 0.00e+00 
6.74e+12 4.78e+13    6    2     -1 0.00e+00 0.00e+00 0.00e+00 0.00e+00 0.00e+00 0.00e+00 0.00e+00 
9.41e+12 4.73e+13    6    3     -1 0.00e+00 0.00e+00 0.00e+00 0.00e+00 0.00e+00 0.00e+00 0.00e+00 
1.20e+13 4.67e+13    6    4     -1 0.00e+00 0.00e+00 0.00e+00 0.00e+00 0.00e+00 0.00e+00 0.00e+00 
1.46e+13 4.60e+13    6    5     -1 0.00e+00 0.00e+00 0.00e+00 0.00e+00 0.00e+00 0.00e+00 0.00e+00 
1.72e+13 4.51e+13    6    6     -1 0.00e+00 0.00e+00 0.00e+00 0.00e+00 0.00e+00 0.00e+00 0.00e+00 
1.97e+13 4.40e+13    6    7     -1 0.00e+00 0.00e+00 0.00e+00 0.00e+00 0.00e+00 0.00e+00 0.00e+00 
2.21e+13 4.29e+13    6    8     -1 0.00e+00 0.00e+00 0.00e+00 0.00e+00 0.00e+00 0.00e+00 0.00e+00 
2.45e+13 4.15e+13    6    9     -1 0.00e+00 0.00e+00 0.00e+00 0.00e+00 0.00e+00 0.00e+00 0.00e+00 
2.68e+13 4.01e+13    6   10     -1 0.00e+00 0.00e+00 0.00e+00 0.00e+00 0.00e+00 0.00e+00 0.00e+00 
2.90e+13 3.85e+13    6   11     -1 0.00e+00 0.00e+00 0.00e+00 0.00e+00 0.00e+00 0.00e+00 0.00e+00 
3.11e+13 3.69e+13    6   12     -1 0.00e+00 0.00e+00 0.00e+00 0.00e+00 0.00e+00 0.00e+00 0.00e+00 
3.31e+13 3.51e+13    6   13     -1 0.00e+00 0.00e+00 0.00e+00 0.00e+00 0.00e+00 0.00e+00 0.00e+00 
3.51e+13 3.31e+13    6   14     -1 0.00e+00 0.00e+00 0.00e+00 0.00e+00 0.00e+00 0.00e+00 0.00e+00 
3.69e+13 3.11e+13    6   15     -1 0.00e+00 0.00e+00 0.00e+00 0.00e+00 0.00e+00 0.00e+00 0.00e+00 
3.85e+13 2.90e+13    6   16     -1 0.00e+00 0.00e+00 0.00e+00 0.00e+00 0.00e+00 0.00e+00 0.00e+00 
4.01e+13 2.68e+13    6   17     -1 0.00e+00 0.00e+00 0.00e+00 0.00e+00 0.00e+00 0.00e+00 0.00e+00 
4.15e+13 2.45e+13    6   18     -1 0.00e+00 0.00e+00 0.00e+00 0.00e+00 0.00e+00 0.00e+00 0.00e+00 
4.29e+13 2.21e+13    6   19     -1 0.00e+00 0.00e+00 0.00e+00 0.00e+00 0.00e+00 0.00e+00 0.00e+00 
4.40e+13 1.97e+13    6   20     -1 0.00e+00 0.00e+00 0.00e+00 0.00e+00 0.00e+00 0.00e+00 0.00e+00 
4.51e+13 1.72e+13    6   21     -1 0.00e+00 0.00e+00 0.00e+00 0.00e+00 0.00e+00 0.00e+00 0.00e+00 
4.60e+13 1.46e+13    6   22     -1 0.00e+00 0.00e+00 0.00e+00 0.00e+00 0.00e+00 0.00e+00 0.00e+00 
4.67e+13 1.20e+13    6   23     -1 0.00e+00 0.00e+00 0.00e+00 0.00e+00 0.00e+00 0.00e+00 0.00e+00 
4.73e+13 9.41e+12    6   24     -1 0.00e+00 0.00e+00 0.00e+00 0.00e+00 0.00e+00 0.00e+00 0.00e+00 
4.78e+13 6.74e+12    6   25     -1 0.00e+00 0.00e+00 0.00e+00 0.00e+00 0.00e+00 0.00e+00 0.00e+00 
4.81e+13 4.05e+12    6   26     -1 0.00e+00 0.00e+00 0.00e+00 0.00e+00 0.00e+00 0.00e+00 0.00e+00 
4.82e+13 1.35e+12    6   27     -1 0.00e+00 0.00e+00 0.00e+00 0.00e+00 0.00e+00 0.00e+00 0.00e+00 
4.82e+13 2.95e-03    6   28     -1 0.00e+00 0.00e+00 0.00e+00 0.00e+00 0.00e+00 0.00e+00 0.00e+00 
4.82e+13 2.95e-03    6   29     -1 0.00e+00 0.00e+00 0.00e+00 0.00e+00 0.00e+00 0.00e+00 0.00e+00 
1.56e+12 5.55e+13    7    0     -1 0.00e+00 0.00e+00 0.00e+00 0.00e+00 0.00e+00 0.00e+00 0.00e+00 
4.67e+12 5.54e+13    7    1     -1 0.00e+00 0.00e+00 0.00e+00 0.00e+00 0.00e+00 0.00e+00 0.00e+00 
7.77e+12 5.50e+13    7    2     -1 0.00e+00 0.00e+00 0.00e+00 0.00e+00 0.00e+00 0.00e+00 0.00e+00 
1.08e+13 5.45e+13    7    3     -1 0.00e+00 0.00e+00 0.00e+00 0.00e+00 0.00e+00 0.00e+00 0.00e+00 
1.39e+13 5.38e+13    7    4     -1 0.00e+00 0.00e+00 0.00e+00 0.00e+00 0.00e+00 0.00e+00 0.00e+00 
1.69e+13 5.29e+13    7    5     -1 0.00e+00 0.00e+00 0.00e+00 0.00e+00 0.00e+00 0.00e+00 0.00e+00 
1.98e+13 5.19e+13    7    6     -1 0.00e+00 0.00e+00 0.00e+00 0.00e+00 0.00e+00 0.00e+00 0.00e+00 
2.27e+13 5.07e+13    7    7     -1 0.00e+00 0.00e+00 0.00e+00 0.00e+00 0.00e+00 0.00e+00 0.00e+00 
2.55e+13 4.94e+13    7    8     -1 0.00e+00 0.00e+00 0.00e+00 0.00e+00 0.00e+00 0.00e+00 0.00e+00 
2.82e+13 4.78e+13    7    9     -1 0.00e+00 0.00e+00 0.00e+00 0.00e+00 0.00e+00 0.00e+00 0.00e+00 
3.09e+13 4.62e+13    7   10     -1 0.00e+00 0.00e+00 0.00e+00 0.00e+00 0.00e+00 0.00e+00 0.00e+00 
3.34e+13 4.44e+13    7   11     -1 0.00e+00 0.00e+00 0.00e+00 0.00e+00 0.00e+00 0.00e+00 0.00e+00 
3.58e+13 4.24e+13    7   12     -1 0.00e+00 0.00e+00 0.00e+00 0.00e+00 0.00e+00 0.00e+00 0.00e+00 
3.82e+13 4.04e+13    7   13     -1 0.00e+00 0.00e+00 0.00e+00 0.00e+00 0.00e+00 0.00e+00 0.00e+00 
4.04e+13 3.82e+13    7   14     -1 0.00e+00 0.00e+00 0.00e+00 0.00e+00 0.00e+00 0.00e+00 0.00e+00 
4.24e+13 3.58e+13    7   15     -1 0.00e+00 0.00e+00 0.00e+00 0.00e+00 0.00e+00 0.00e+00 0.00e+00 
4.44e+13 3.34e+13    7   16     -1 0.00e+00 0.00e+00 0.00e+00 0.00e+00 0.00e+00 0.00e+00 0.00e+00 
4.62e+13 3.09e+13    7   17     -1 0.00e+00 0.00e+00 0.00e+00 0.00e+00 0.00e+00 0.00e+00 0.00e+00 
4.78e+13 2.82e+13    7   18     -1 0.00e+00 0.00e+00 0.00e+00 0.00e+00 0.00e+00 0.00e+00 0.00e+00 
4.94e+13 2.55e+13    7   19     -1 0.00e+00 0.00e+00 0.00e+00 0.00e+00 0.00e+00 0.00e+00 0.00e+00 
5.07e+13 2.27e+13    7   20     -1 0.00e+00 0.00e+00 0.00e+00 0.00e+00 0.00e+00 0.00e+00 0.00e+00 
5.19e+13 1.98e+13    7   21     -1 0.00e+00 0.00e+00 0.00e+00 0.00e+00 0.00e+00 0.00e+00 0.00e+00 
5.29e+13 1.69e+13    7   22     -1 0.00e+00 0.00e+00 0.00e+00 0.00e+00 0.00e+00 0.00e+00 0.00e+00 
5.38e+13 1.39e+13    7   23     -1 0.00e+00 0.00e+00 0.00e+00 0.00e+00 0.00e+00 0.00e+00 0.00e+00 
5.45e+13 1.08e+13    7   24     -1 0.00e+00 0.00e+00 0.00e+00 0.00e+00 0.00e+00 0.00e+00 0.00e+00 
5.50e+13 7.77e+12    7   25     -1 0.00e+00 0.00e+00 0.00e+00 0.00e+00 0.00e+00 0.00e+00 0.00e+00 
5.54e+13 4.67e+12    7   26     -1 0.00e+00 0.00e+00 0.00e+00 0.00e+00 0.00e+00 0.00e+00 0.00e+00 
5.55e+13 1.56e+12    7   27     -1 0.00e+00 0.00e+00 0.00e+00 0.00e+00 0.00e+00 0.00e+00 0.00e+00 
5.55e+13 3.40e-03    7   28     -1 0.00e+00 0.00e+00 0.00e+00 0.00e+00 0.00e+00 0.00e+00 0.00e+00 
5.55e+13 3.40e-03    7   29     -1 0.00e+00 0.00e+00 0.00e+00 0.00e+00 0.00e+00 0.00e+00 0.00e+00 
1.79e+12 6.39e+13    8    0     -1 0.00e+00 0.00e+00 0.00e+00 0.00e+00 0.00e+00 0.00e+00 0.00e+00 
5.38e+12 6.37e+13    8    1     -1 0.00e+00 0.00e+00 0.00e+00 0.00e+00 0.00e+00 0.00e+00 0.00e+00 
8.94e+12 6.33e+13    8    2     -1 0.00e+00 0.00e+00 0.00e+00 0.00e+00 0.00e+00 0.00e+00 0.00e+00 
1.25e+13 6.27e+13    8    3     -1 0.00e+00 0.00e+00 0.00e+00 0.00e+00 0.00e+00 0.00e+00 0.00e+00 
1.60e+13 6.19e+13    8    4     -1 0.00e+00 0.00e+00 0.00e+00 0.00e+00 0.00e+00 0.00e+00 0.00e+00 
1.94e+13 6.09e+13    8    5     -1 0.00e+00 0.00e+00 0.00e+00 0.00e+00 0.00e+00 0.00e+00 0.00e+00 
2.28e+13 5.98e+13    8    6     -1 0.00e+00 0.00e+00 0.00e+00 0.00e+00 0.00e+00 0.00e+00 0.00e+00 
2.61e+13 5.84e+13    8    7     -1 0.00e+00 0.00e+00 0.00e+00 0.00e+00 0.00e+00 0.00e+00 0.00e+00 
2.94e+13 5.68e+13    8    8     -1 0.00e+00 0.00e+00 0.00e+00 0.00e+00 0.00e+00 0.00e+00 0.00e+00 
3.25e+13 5.51e+13    8    9     -1 0.00e+00 0.00e+00 0.00e+00 0.00e+00 0.00e+00 0.00e+00 0.00e+00 
3.55e+13 5.32e+13    8   10     -1 0.00e+00 0.00e+00 0.00e+00 0.00e+00 0.00e+00 0.00e+00 0.00e+00 
3.85e+13 5.11e+13    8   11     -1 0.00e+00 0.00e+00 0.00e+00 0.00e+00 0.00e+00 0.00e+00 0.00e+00 
4.13e+13 4.89e+13    8   12     -1 0.00e+00 0.00e+00 0.00e+00 0.00e+00 0.00e+00 0.00e+00 0.00e+00 
4.39e+13 4.65e+13    8   13     -1 0.00e+00 0.00e+00 0.00e+00 0.00e+00 0.00e+00 0.00e+00 0.00e+00 
4.65e+13 4.39e+13    8   14     -1 0.00e+00 0.00e+00 0.00e+00 0.00e+00 0.00e+00 0.00e+00 0.00e+00 
4.89e+13 4.13e+13    8   15     -1 0.00e+00 0.00e+00 0.00e+00 0.00e+00 0.00e+00 0.00e+00 0.00e+00 
5.11e+13 3.85e+13    8   16     -1 0.00e+00 0.00e+00 0.00e+00 0.00e+00 0.00e+00 0.00e+00 0.00e+00 
5.32e+13 3.55e+13    8   17     -1 0.00e+00 0.00e+00 0.00e+00 0.00e+00 0.00e+00 0.00e+00 0.00e+00 
5.51e+13 3.25e+13    8   18     -1 0.00e+00 0.00e+00 0.00e+00 0.00e+00 0.00e+00 0.00e+00 0.00e+00 
5.68e+13 2.94e+13    8   19     -1 0.00e+00 0.00e+00 0.00e+00 0.00e+00 0.00e+00 0.00e+00 0.00e+00 
5.84e+13 2.61e+13    8   20     -1 0.00e+00 0.00e+00 0.00e+00 0.00e+00 0.00e+00 0.00e+00 0.00e+00 
5.98e+13 2.28e+13    8   21     -1 0.00e+00 0.00e+00 0.00e+00 0.00e+00 0.00e+00 0.00e+00 0.00e+00 
6.09e+13 1.94e+13    8   22     -1 0.00e+00 0.00e+00 0.00e+00 0.00e+00 0.00e+00 0.00e+00 0.00e+00 
6.19e+13 1.60e+13    8   23     -1 0.00e+00 0.00e+00 0.00e+00 0.00e+00 0.00e+00 0.00e+00 0.00e+00 
6.27e+13 1.25e+13    8   24     -1 0.00e+00 0.00e+00 0.00e+00 0.00e+00 0.00e+00 0.00e+00 0.00e+00 
6.33e+13 8.94e+12    8   25     -1 0.00e+00 0.00e+00 0.00e+00 0.00e+00 0.00e+00 0.00e+00 0.00e+00 
6.37e+13 5.38e+12    8   26     -1 0.00e+00 0.00e+00 0.00e+00 0.00e+00 0.00e+00 0.00e+00 0.00e+00 
6.39e+13 1.79e+12    8   27     -1 0.00e+00 0.00e+00 0.00e+00 0.00e+00 0.00e+00 0.00e+00 0.00e+00 
6.40e+13 3.92e-03    8   28     -1 0.00e+00 0.00e+00 0.00e+00 0.00e+00 0.00e+00 0.00e+00 0.00e+00 
6.40e+13 3.92e-03    8   29     -1 0.00e+00 0.00e+00 0.00e+00 0.00e+00 0.00e+00 0.00e+00 0.00e+00 
2.07e+12 7.36e+13    9    0     -1 0.00e+00 0.00e+00 0.00e+00 0.00e+00 0.00e+00 0.00e+00 0.00e+00 
6.19e+12 7.34e+13    9    1     -1 0.00e+00 0.00e+00 0.00e+00 0.00e+00 0.00e+00 0.00e+00 0.00e+00 
1.03e+13 7.29e+13    9    2     -1 0.00e+00 0.00e+00 0.00e+00 0.00e+00 0.00e+00 0.00e+00 0.00e+00 
1.44e+13 7.22e+13    9    3     -1 0.00e+00 0.00e+00 0.00e+00 0.00e+00 0.00e+00 0.00e+00 0.00e+00 
1.84e+13 7.13e+13    9    4     -1 0.00e+00 0.00e+00 0.00e+00 0.00e+00 0.00e+00 0.00e+00 0.00e+00 
2.24e+13 7.02e+13    9    5     -1 0.00e+00 0.00e+00 0.00e+00 0.00e+00 0.00e+00 0.00e+00 0.00e+00 
2.63e+13 6.88e+13    9    6     -1 0.00e+00 0.00e+00 0.00e+00 0.00e+00 0.00e+00 0.00e+00 0.00e+00 
3.01e+13 6.72e+13    9    7     -1 0.00e+00 0.00e+00 0.00e+00 0.00e+00 0.00e+00 0.00e+00 0.00e+00 
3.38e+13 6.54e+13    9    8     -1 0.00e+00 0.00e+00 0.00e+00 0.00e+00 0.00e+00 0.00e+00 0.00e+00 
3.74e+13 6.34e+13    9    9     -1 0.00e+00 0.00e+00 0.00e+00 0.00e+00 0.00e+00 0.00e+00 0.00e+00 
4.09e+13 6.12e+13    9   10     -1 0.00e+00 0.00e+00 0.00e+00 0.00e+00 0.00e+00 0.00e+00 0.00e+00 
4.43e+13 5.89e+13    9   11     -1 0.00e+00 0.00e+00 0.00e+00 0.00e+00 0.00e+00 0.00e+00 0.00e+00 
4.75e+13 5.63e+13    9   12     -1 0.00e+00 0.00e+00 0.00e+00 0.00e+00 0.00e+00 0.00e+00 0.00e+00 
5.06e+13 5.35e+13    9   13     -1 0.00e+00 0.00e+00 0.00e+00 0.00e+00 0.00e+00 0.00e+00 0.00e+00 
5.35e+13 5.06e+13    9   14     -1 0.00e+00 0.00e+00 0.00e+00 0.00e+00 0.00e+00 0.00e+00 0.00e+00 
5.63e+13 4.75e+13    9   15     -1 0.00e+00 0.00e+00 0.00e+00 0.00e+00 0.00e+00 0.00e+00 0.00e+00 
5.89e+13 4.43e+13    9   16     -1 0.00e+00 0.00e+00 0.00e+00 0.00e+00 0.00e+00 0.00e+00 0.00e+00 
6.12e+13 4.09e+13    9   17     -1 0.00e+00 0.00e+00 0.00e+00 0.00e+00 0.00e+00 0.00e+00 0.00e+00 
6.34e+13 3.74e+13    9   18     -1 0.00e+00 0.00e+00 0.00e+00 0.00e+00 0.00e+00 0.00e+00 0.00e+00 
6.54e+13 3.38e+13    9   19     -1 0.00e+00 0.00e+00 0.00e+00 0.00e+00 0.00e+00 0.00e+00 0.00e+00 
6.72e+13 3.01e+13    9   20     -1 0.00e+00 0.00e+00 0.00e+00 0.00e+00 0.00e+00 0.00e+00 0.00e+00 
6.88e+13 2.63e+13    9   21     -1 0.00e+00 0.00e+00 0.00e+00 0.00e+00 0.00e+00 0.00e+00 0.00e+00 
7.02e+13 2.24e+13    9   22     -1 0.00e+00 0.00e+00 0.00e+00 0.00e+00 0.00e+00 0.00e+00 0.00e+00 
7.13e+13 1.84e+13    9   23     -1 0.00e+00 0.00e+00 0.00e+00 0.00e+00 0.00e+00 0.00e+00 0.00e+00 
7.22e+13 1.44e+13    9   24     -1 0.00e+00 0.00e+00 0.00e+00 0.00e+00 0.00e+00 0.00e+00 0.00e+00 
7.29e+13 1.03e+13    9   25     -1 0.00e+00 0.00e+00 0.00e+00 0.00e+00 0.00e+00 0.00e+00 0.00e+00 
7.34e+13 6.19e+12    9   26     -1 0.00e+00 0.00e+00 0.00e+00 0.00e+00 0.00e+00 0.00e+00 0.00e+00 
7.36e+13 2.07e+12    9   27     -1 0.00e+00 0.00e+00 0.00e+00 0.00e+00 0.00e+00 0.00e+00 0.00e+00 
7.37e+13 4.51e-03    9   28     -1 0.00e+00 0.00e+00 0.00e+00 0.00e+00 0.00e+00 0.00e+00 0.00e+00 
7.37e+13 4.51e-03    9   29     -1 0.00e+00 0.00e+00 0.00e+00 0.00e+00 0.00e+00 0.00e+00 0.00e+00 
2.38e+12 8.48e+13   10    0     -1 0.00e+00 0.00e+00 0.00e+00 0.00e+00 0.00e+00 0.00e+00 0.00e+00 
7.13e+12 8.45e+13   10    1     -1 0.00e+00 0.00e+00 0.00e+00 0.00e+00 0.00e+00 0.00e+00 0.00e+00 
1.19e+13 8.40e+13   10    2     -1 0.00e+00 0.00e+00 0.00e+00 0.00e+00 0.00e+00 0.00e+00 0.00e+00 
1.65e+13 8.32e+13   10    3     -1 0.00e+00 0.00e+00 0.00e+00 0.00e+00 0.00e+00 0.00e+00 0.00e+00 
2.12e+13 8.21e+13   10    4     -1 0.00e+00 0.00e+00 0.00e+00 0.00e+00 0.00e+00 0.00e+00 0.00e+00 
2.58e+13 8.08e+13   10    5     -1 0.00e+00 0.00e+00 0.00e+00 0.00e+00 0.00e+00 0.00e+00 0.00e+00 
3.03e+13 7.92e+13   10    6     -1 0.00e+00 0.00e+00 0.00e+00 0.00e+00 0.00e+00 0.00e+00 0.00e+00 
3.46e+13 7.74e+13   10    7     -1 0.00e+00 0.00e+00 0.00e+00 0.00e+00 0.00e+00 0.00e+00 0.00e+00 
3.89e+13 7.54e+13   10    8     -1 0.00e+00 0.00e+00 0.00e+00 0.00e+00 0.00e+00 0.00e+00 0.00e+00 
4.31e+13 7.31e+13   10    9     -1 0.00e+00 0.00e+00 0.00e+00 0.00e+00 0.00e+00 0.00e+00 0.00e+00 
4.71e+13 7.05e+13   10   10     -1 0.00e+00 0.00e+00 0.00e+00 0.00e+00 0.00e+00 0.00e+00 0.00e+00 
5.10e+13 6.78e+13   10   11     -1 0.00e+00 0.00e+00 0.00e+00 0.00e+00 0.00e+00 0.00e+00 0.00e+00 
5.47e+13 6.48e+13   10   12     -1 0.00e+00 0.00e+00 0.00e+00 0.00e+00 0.00e+00 0.00e+00 0.00e+00 
5.83e+13 6.16e+13   10   13     -1 0.00e+00 0.00e+00 0.00e+00 0.00e+00 0.00e+00 0.00e+00 0.00e+00 
6.16e+13 5.83e+13   10   14     -1 0.00e+00 0.00e+00 0.00e+00 0.00e+00 0.00e+00 0.00e+00 0.00e+00 
6.48e+13 5.47e+13   10   15     -1 0.00e+00 0.00e+00 0.00e+00 0.00e+00 0.00e+00 0.00e+00 0.00e+00 
6.78e+13 5.10e+13   10   16     -1 0.00e+00 0.00e+00 0.00e+00 0.00e+00 0.00e+00 0.00e+00 0.00e+00 
7.05e+13 4.71e+13   10   17     -1 0.00e+00 0.00e+00 0.00e+00 0.00e+00 0.00e+00 0.00e+00 0.00e+00 
7.31e+13 4.31e+13   10   18     -1 0.00e+00 0.00e+00 0.00e+00 0.00e+00 0.00e+00 0.00e+00 0.00e+00 
7.54e+13 3.89e+13   10   19     -1 0.00e+00 0.00e+00 0.00e+00 0.00e+00 0.00e+00 0.00e+00 0.00e+00 
7.74e+13 3.46e+13   10   20     -1 0.00e+00 0.00e+00 0.00e+00 0.00e+00 0.00e+00 0.00e+00 0.00e+00 
7.92e+13 3.03e+13   10   21     -1 0.00e+00 0.00e+00 0.00e+00 0.00e+00 0.00e+00 0.00e+00 0.00e+00 
8.08e+13 2.58e+13   10   22     -1 0.00e+00 0.00e+00 0.00e+00 0.00e+00 0.00e+00 0.00e+00 0.00e+00 
8.21e+13 2.12e+13   10   23     -1 0.00e+00 0.00e+00 0.00e+00 0.00e+00 0.00e+00 0.00e+00 0.00e+00 
8.32e+13 1.65e+13   10   24     -1 0.00e+00 0.00e+00 0.00e+00 0.00e+00 0.00e+00 0.00e+00 0.00e+00 
8.40e+13 1.19e+13   10   25     -1 0.00e+00 0.00e+00 0.00e+00 0.00e+00 0.00e+00 0.00e+00 0.00e+00 
8.45e+13 7.13e+12   10   26      1 0.00e+00 0.00e+00 0.00e+00 0.00e+00 0.00e+00 0.00e+00 0.00e+00 
8.48e+13 2.38e+12   10   27      1 0.00e+00 0.00e+00 0.00e+00 0.00e+00 0.00e+00 0.00e+00 0.00e+00 
8.48e+13 5.19e-03   10   28     -1 0.00e+00 0.00e+00 0.00e+00 0.00e+00 0.00e+00 0.00e+00 0.00e+00 
8.48e+13 5.19e-03   10   29     -1 0.00e+00 0.00e+00 0.00e+00 0.00e+00 0.00e+00 0.00e+00 0.00e+00 
2.74e+12 9.76e+13   11    0     -1 0.00e+00 0.00e+00 0.00e+00 0.00e+00 0.00e+00 0.00e+00 0.00e+00 
8.21e+12 9.73e+13   11    1     -1 0.00e+00 0.00e+00 0.00e+00 0.00e+00 0.00e+00 0.00e+00 0.00e+00 
1.37e+13 9.67e+13   11    2     -1 0.00e+00 0.00e+00 0.00e+00 0.00e+00 0.00e+00 0.00e+00 0.00e+00 
1.91e+13 9.58e+13   11    3     -1 0.00e+00 0.00e+00 0.00e+00 0.00e+00 0.00e+00 0.00e+00 0.00e+00 
2.44e+13 9.46e+13   11    4     -1 0.00e+00 0.00e+00 0.00e+00 0.00e+00 0.00e+00 0.00e+00 0.00e+00 
2.97e+13 9.31e+13   11    5     -1 0.00e+00 0.00e+00 0.00e+00 0.00e+00 0.00e+00 0.00e+00 0.00e+00 
3.48e+13 9.13e+13   11    6     -1 0.00e+00 0.00e+00 0.00e+00 0.00e+00 0.00e+00 0.00e+00 0.00e+00 
3.99e+13 8.92e+13   11    7     -1 0.00e+00 0.00e+00 0.00e+00 0.00e+00 0.00e+00 0.00e+00 0.00e+00 
4.48e+13 8.68e+13   11    8     -1 0.00e+00 0.00e+00 0.00e+00 0.00e+00 0.00e+00 0.00e+00 0.00e+00 
4.96e+13 8.41e+13   11    9     -1 0.00e+00 0.00e+00 0.00e+00 0.00e+00 0.00e+00 0.00e+00 0.00e+00 
5.43e+13 8.12e+13   11   10     -1 0.00e+00 0.00e+00 0.00e+00 0.00e+00 0.00e+00 0.00e+00 0.00e+00 
5.87e+13 7.80e+13   11   11     -1 0.00e+00 0.00e+00 0.00e+00 0.00e+00 0.00e+00 0.00e+00 0.00e+00 
6.30e+13 7.46e+13   11   12     -1 0.00e+00 0.00e+00 0.00e+00 0.00e+00 0.00e+00 0.00e+00 0.00e+00 
6.71e+13 7.10e+13   11   13     -1 0.00e+00 0.00e+00 0.00e+00 0.00e+00 0.00e+00 0.00e+00 0.00e+00 
7.10e+13 6.71e+13   11   14     -1 0.00e+00 0.00e+00 0.00e+00 0.00e+00 0.00e+00 0.00e+00 0.00e+00 
7.46e+13 6.30e+13   11   15     -1 0.00e+00 0.00e+00 0.00e+00 0.00e+00 0.00e+00 0.00e+00 0.00e+00 
7.80e+13 5.87e+13   11   16     -1 0.00e+00 0.00e+00 0.00e+00 0.00e+00 0.00e+00 0.00e+00 0.00e+00 
8.12e+13 5.43e+13   11   17     -1 0.00e+00 0.00e+00 0.00e+00 0.00e+00 0.00e+00 0.00e+00 0.00e+00 
8.41e+13 4.96e+13   11   18     -1 0.00e+00 0.00e+00 0.00e+00 0.00e+00 0.00e+00 0.00e+00 0.00e+00 
8.68e+13 4.48e+13   11   19     -1 0.00e+00 0.00e+00 0.00e+00 0.00e+00 0.00e+00 0.00e+00 0.00e+00 
8.92e+13 3.99e+13   11   20     -1 0.00e+00 0.00e+00 0.00e+00 0.00e+00 0.00e+00 0.00e+00 0.00e+00 
9.13e+13 3.48e+13   11   21     -1 0.00e+00 0.00e+00 0.00e+00 0.00e+00 0.00e+00 0.00e+00 0.00e+00 
9.31e+13 2.97e+13   11   22      1 0.00e+00 0.00e+00 0.00e+00 0.00e+00 0.00e+00 0.00e+00 0.00e+00 
9.46e+13 2.44e+13   11   23      1 0.00e+00 0.00e+00 0.00e+00 0.00e+00 0.00e+00 0.00e+00 0.00e+00 
9.58e+13 1.91e+13   11   24      1 0.00e+00 0.00e+00 0.00e+00 0.00e+00 0.00e+00 0.00e+00 0.00e+00 
9.67e+13 1.37e+13   11   25      1 0.00e+00 0.00e+00 0.00e+00 0.00e+00 0.00e+00 0.00e+00 0.00e+00 
9.73e+13 8.21e+12   11   26      1 0.00e+00 0.00e+00 0.00e+00 0.00e+00 0.00e+00 0.00e+00 0.00e+00 
9.76e+13 2.74e+12   11   27      0 3.38e-07 3.38e-07 3.38e-07 3.38e-07 3.38e-07 3.38e-07 1.00e+00 
9.77e+13 5.98e-03   11   28     -1 0.00e+00 0.00e+00 0.00e+00 0.00e+00 0.00e+00 0.00e+00 0.00e+00 
9.77e+13 5.98e-03   11   29     -1 0.00e+00 0.00e+00 0.00e+00 0.00e+00 0.00e+00 0.00e+00 0.00e+00 
3.15e+12 1.12e+14   12    0     -1 0.00e+00 0.00e+00 0.00e+00 0.00e+00 0.00e+00 0.00e+00 0.00e+00 
9.45e+12 1.12e+14   12    1     -1 0.00e+00 0.00e+00 0.00e+00 0.00e+00 0.00e+00 0.00e+00 0.00e+00 
1.57e+13 1.11e+14   12    2     -1 0.00e+00 0.00e+00 0.00e+00 0.00e+00 0.00e+00 0.00e+00 0.00e+00 
2.19e+13 1.10e+14   12    3     -1 0.00e+00 0.00e+00 0.00e+00 0.00e+00 0.00e+00 0.00e+00 0.00e+00 
2.81e+13 1.09e+14   12    4     -1 0.00e+00 0.00e+00 0.00e+00 0.00e+00 0.00e+00 0.00e+00 0.00e+00 
3.42e+13 1.07e+14   12    5     -1 0.00e+00 0.00e+00 0.00e+00 0.00e+00 0.00e+00 0.00e+00 0.00e+00 
4.01e+13 1.05e+14   12    6     -1 0.00e+00 0.00e+00 0.00e+00 0.00e+00 0.00e+00 0.00e+00 0.00e+00 
4.59e+13 1.03e+14   12    7     -1 0.00e+00 0.00e+00 0.00e+00 0.00e+00 0.00e+00 0.00e+00 0.00e+00 
5.16e+13 9.99e+13   12    8     -1 0.00e+00 0.00e+00 0.00e+00 0.00e+00 0.00e+00 0.00e+00 0.00e+00 
5.72e+13 9.69e+13   12    9     -1 0.00e+00 0.00e+00 0.00e+00 0.00e+00 0.00e+00 0.00e+00 0.00e+00 
6.25e+13 9.35e+13   12   10     -1 0.00e+00 0.00e+00 0.00e+00 0.00e+00 0.00e+00 0.00e+00 0.00e+00 
6.76e+13 8.99e+13   12   11     -1 0.00e+00 0.00e+00 0.00e+00 0.00e+00 0.00e+00 0.00e+00 0.00e+00 
7.26e+13 8.59e+13   12   12     -1 0.00e+00 0.00e+00 0.00e+00 0.00e+00 0.00e+00 0.00e+00 0.00e+00 
7.73e+13 8.17e+13   12   13     -1 0.00e+00 0.00e+00 0.00e+00 0.00e+00 0.00e+00 0.00e+00 0.00e+00 
8.17e+13 7.73e+13   12   14     -1 0.00e+00 0.00e+00 0.00e+00 0.00e+00 0.00e+00 0.00e+00 0.00e+00 
8.59e+13 7.26e+13   12   15     -1 0.00e+00 0.00e+00 0.00e+00 0.00e+00 0.00e+00 0.00e+00 0.00e+00 
8.99e+13 6.76e+13   12   16     -1 0.00e+00 0.00e+00 0.00e+00 0.00e+00 0.00e+00 0.00e+00 0.00e+00 
9.35e+13 6.25e+13   12   17     -1 0.00e+00 0.00e+00 0.00e+00 0.00e+00 0.00e+00 0.00e+00 0.00e+00 
9.69e+13 5.72e+13   12   18     -1 0.00e+00 0.00e+00 0.00e+00 0.00e+00 0.00e+00 0.00e+00 0.00e+00 
9.99e+13 5.16e+13   12   19      1 0.00e+00 0.00e+00 0.00e+00 0.00e+00 0.00e+00 0.00e+00 0.00e+00 
1.03e+14 4.59e+13   12   20      1 0.00e+00 0.00e+00 0.00e+00 0.00e+00 0.00e+00 0.00e+00 0.00e+00 
1.05e+14 4.01e+13   12   21      1 0.00e+00 0.00e+00 0.00e+00 0.00e+00 0.00e+00 0.00e+00 0.00e+00 
1.07e+14 3.42e+13   12   22      1 0.00e+00 0.00e+00 0.00e+00 0.00e+00 0.00e+00 0.00e+00 0.00e+00 
1.09e+14 2.81e+13   12   23      0 4.21e-07 4.21e-07 4.21e-07 4.21e-07 4.21e-07 4.21e-07 1.00e+00 
1.10e+14 2.19e+13   12   24      0 3.93e-07 3.93e-07 3.93e-07 3.93e-07 3.93e-07 3.93e-07 1.00e+00 
1.11e+14 1.57e+13   12   25      0 3.65e-07 3.65e-07 3.65e-07 3.65e-07 3.65e-07 3.65e-07 1.00e+00 
1.12e+14 9.45e+12   12   26      0 3.39e-07 3.39e-07 3.39e-07 3.39e-07 3.39e-07 3.39e-07 1.00e+00 
1.12e+14 3.15e+12   12   27      0 3.14e-07 3.14e-07 3.14e-07 3.14e-07 3.14e-07 3.14e-07 1.00e+00 
1.12e+14 6.89e-03   12   28     -1 0.00e+00 0.00e+00 0.00e+00 0.00e+00 0.00e+00 0.00e+00 0.00e+00 
1.12e+14 6.89e-03   12   29     -1 0.00e+00 0.00e+00 0.00e+00 0.00e+00 0.00e+00 0.00e+00 0.00e+00 
3.63e+12 1.29e+14   13    0     -1 0.00e+00 0.00e+00 0.00e+00 0.00e+00 0.00e+00 0.00e+00 0.00e+00 
1.09e+13 1.29e+14   13    1     -1 0.00e+00 0.00e+00 0.00e+00 0.00e+00 0.00e+00 0.00e+00 0.00e+00 
1.81e+13 1.28e+14   13    2     -1 0.00e+00 0.00e+00 0.00e+00 0.00e+00 0.00e+00 0.00e+00 0.00e+00 
2.53e+13 1.27e+14   13    3     -1 0.00e+00 0.00e+00 0.00e+00 0.00e+00 0.00e+00 0.00e+00 0.00e+00 
3.24e+13 1.25e+14   13    4     -1 0.00e+00 0.00e+00 0.00e+00 0.00e+00 0.00e+00 0.00e+00 0.00e+00 
3.93e+13 1.23e+14   13    5     -1 0.00e+00 0.00e+00 0.00e+00 0.00e+00 0.00e+00 0.00e+00 0.00e+00 
4.62e+13 1.21e+14   13    6     -1 0.00e+00 0.00e+00 0.00e+00 0.00e+00 0.00e+00 0.00e+00 0.00e+00 
5.29e+13 1.18e+14   13    7     -1 0.00e+00 0.00e+00 0.00e+00 0.00e+00 0.00e+00 0.00e+00 0.00e+00 
5.95e+13 1.15e+14   13    8     -1 0.00e+00 0.00e+00 0.00e+00 0.00e+00 0.00e+00 0.00e+00 0.00e+00 
6.58e+13 1.12e+14   13    9     -1 0.00e+00 0.00e+00 0.00e+00 0.00e+00 0.00e+00 0.00e+00 0.00e+00 
7.20e+13 1.08e+14   13   10     -1 0.00e+00 0.00e+00 0.00e+00 0.00e+00 0.00e+00 0.00e+00 0.00e+00 
7.79e+13 1.04e+14   13   11     -1 0.00e+00 0.00e+00 0.00e+00 0.00e+00 0.00e+00 0.00e+00 0.00e+00 
8.36e+13 9.90e+13   13   12     -1 0.00e+00 0.00e+00 0.00e+00 0.00e+00 0.00e+00 0.00e+00 0.00e+00 
8.90e+13 9.41e+13   13   13     -1 0.00e+00 0.00e+00 0.00e+00 0.00e+00 0.00e+00 0.00e+00 0.00e+00 
9.41e+13 8.90e+13   13   14     -1 0.00e+00 0.00e+00 0.00e+00 0.00e+00 0.00e+00 0.00e+00 0.00e+00 
9.90e+13 8.36e+13   13   15     -1 0.00e+00 0.00e+00 0.00e+00 0.00e+00 0.00e+00 0.00e+00 0.00e+00 
1.04e+14 7.79e+13   13   16     -1 0.00e+00 0.00e+00 0.00e+00 0.00e+00 0.00e+00 0.00e+00 0.00e+00 
1.08e+14 7.20e+13   13   17      1 0.00e+00 0.00e+00 0.00e+00 0.00e+00 0.00e+00 0.00e+00 0.00e+00 
1.12e+14 6.58e+13   13   18      1 0.00e+00 0.00e+00 0.00e+00 0.00e+00 0.00e+00 0.00e+00 0.00e+00 
1.15e+14 5.95e+13   13   19      1 0.00e+00 0.00e+00 0.00e+00 0.00e+00 0.00e+00 0.00e+00 0.00e+00 
1.18e+14 5.29e+13   13   20      0 5.13e-07 5.13e-07 5.13e-07 5.13e-07 5.13e-07 5.13e-07 1.00e+00 
1.21e+14 4.62e+13   13   21      0 4.78e-07 4.78e-07 4.78e-07 4.78e-07 4.78e-07 4.78e-07 1.00e+00 
1.23e+14 3.93e+13   13   22      0 4.44e-07 4.44e-07 4.44e-07 4.44e-07 4.44e-07 4.44e-07 1.00e+00 
1.25e+14 3.24e+13   13   23      0 4.11e-07 4.11e-07 4.11e-07 4.11e-07 4.11e-07 4.11e-07 1.00e+00 
1.27e+14 2.53e+13   13   24      0 3.80e-07 3.80e-07 3.80e-07 3.80e-07 3.80e-07 3.80e-07 1.00e+00 
1.28e+14 1.81e+13   13   25      0 3.49e-07 3.49e-07 3.49e-07 3.49e-07 3.49e-07 3.49e-07 1.00e+00 
1.29e+14 1.09e+13   13   26      0 3.21e-07 3.21e-07 3.21e-07 3.21e-07 3.21e-07 3.21e-07 1.00e+00 
1.29e+14 3.63e+12   13   27      0 2.92e-07 2.92e-07 2.92e-07 2.92e-07 2.92e-07 2.92e-07 1.00e+00 
1.30e+14 7.93e-03   13   28     -1 0.00e+00 0.00e+00 0.00e+00 0.00e+00 0.00e+00 0.00e+00 0.00e+00 
1.30e+14 7.93e-03   13   29     -1 0.00e+00 0.00e+00 0.00e+00 0.00e+00 0.00e+00 0.00e+00 0.00e+00 
4.18e+12 1.49e+14   14    0     -1 0.00e+00 0.00e+00 0.00e+00 0.00e+00 0.00e+00 0.00e+00 0.00e+00 
1.25e+13 1.49e+14   14    1     -1 0.00e+00 0.00e+00 0.00e+00 0.00e+00 0.00e+00 0.00e+00 0.00e+00 
2.09e+13 1.48e+14   14    2     -1 0.00e+00 0.00e+00 0.00e+00 0.00e+00 0.00e+00 0.00e+00 0.00e+00 
2.91e+13 1.46e+14   14    3     -1 0.00e+00 0.00e+00 0.00e+00 0.00e+00 0.00e+00 0.00e+00 0.00e+00 
3.73e+13 1.44e+14   14    4     -1 0.00e+00 0.00e+00 0.00e+00 0.00e+00 0.00e+00 0.00e+00 0.00e+00 
4.53e+13 1.42e+14   14    5     -1 0.00e+00 0.00e+00 0.00e+00 0.00e+00 0.00e+00 0.00e+00 0.00e+00 
5.32e+13 1.39e+14   14    6     -1 0.00e+00 0.00e+00 0.00e+00 0.00e+00 0.00e+00 0.00e+00 0.00e+00 
6.09e+13 1.36e+14   14    7     -1 0.00e+00 0.00e+00 0.00e+00 0.00e+00 0.00e+00 0.00e+00 0.00e+00 
6.85e+13 1.33e+14   14    8     -1 0.00e+00 0.00e+00 0.00e+00 0.00e+00 0.00e+00 0.00e+00 0.00e+00 
7.58e+13 1.28e+14   14    9     -1 0.00e+00 0.00e+00 0.00e+00 0.00e+00 0.00e+00 0.00e+00 0.00e+00 
8.29e+13 1.24e+14   14   10     -1 0.00e+00 0.00e+00 0.00e+00 0.00e+00 0.00e+00 0.00e+00 0.00e+00 
8.97e+13 1.19e+14   14   11     -1 0.00e+00 0.00e+00 0.00e+00 0.00e+00 0.00e+00 0.00e+00 0.00e+00 
9.62e+13 1.14e+14   14   12     -1 0.00e+00 0.00e+00 0.00e+00 0.00e+00 0.00e+00 0.00e+00 0.00e+00 
1.02e+14 1.08e+14   14   13     -1 0.00e+00 0.00e+00 0.00e+00 0.00e+00 0.00e+00 0.00e+00 0.00e+00 
1.08e+14 1.02e+14   14   14     -1 0.00e+00 0.00e+00 0.00e+00 0.00e+00 0.00e+00 0.00e+00 0.00e+00 
1.14e+14 9.62e+13   14   15      1 0.00e+00 0.00e+00 0.00e+00 0.00e+00 0.00e+00 0.00e+00 0.00e+00 
1.19e+14 8.97e+13   14   16      1 0.00e+00 0.00e+00 0.00e+00 0.00e+00 0.00e+00 0.00e+00 0.00e+00 
1.24e+14 8.29e+13   14   17      1 0.00e+00 0.00e+00 0.00e+00 0.00e+00 0.00e+00 0.00e+00 0.00e+00 
1.28e+14 7.58e+13   14   18      0 6.03e-07 6.03e-07 6.03e-07 6.03e-07 6.03e-07 6.03e-07 1.00e+00 
1.33e+14 6.85e+13   14   19      0 5.60e-07 5.60e-07 5.60e-07 5.60e-07 5.60e-07 5.60e-07 1.00e+00 
1.36e+14 6.09e+13   14   20      0 5.20e-07 5.20e-07 5.20e-07 5.20e-07 5.20e-07 5.20e-07 1.00e+00 
1.39e+14 5.32e+13   14   21      0 4.80e-07 4.80e-07 4.80e-07 4.80e-07 4.80e-07 4.80e-07 1.00e+00 
1.42e+14 4.53e+13   14   22      0 4.43e-07 4.43e-07 4.43e-07 4.43e-07 4.43e-07 4.43e-07 1.00e+00 
1.44e+14 3.73e+13   14   23      0 4.07e-07 4.07e-07 4.07e-07 4.07e-07 4.07e-07 4.07e-07 1.00e+00 
1.46e+14 2.91e+13   14   24      0 3.72e-07 3.72e-07 3.72e-07 3.72e-07 3.72e-07 3.72e-07 1.00e+00 
1.48e+14 2.09e+13   14   25      0 3.38e-07 3.38e-07 3.38e-07 3.38e-07 3.38e-07 3.38e-07 1.00e+00 
1.49e+14 1.25e+13   14   26      0 3.05e-07 3.05e-07 3.05e-07 3.05e-07 3.05e-07 3.05e-07 1.00e+00 
1.49e+14 4.18e+12   14   27      0 2.73e-07 2.73e-07 2.73e-07 2.73e-07 2.73e-07 2.73e-07 1.00e+00 
1.49e+14 9.13e-03   14   28     -1 0.00e+00 0.00e+00 0.00e+00 0.00e+00 0.00e+00 0.00e+00 0.00e+00 
1.49e+14 9.13e-03   14   29     -1 0.00e+00 0.00e+00 0.00e+00 0.00e+00 0.00e+00 0.00e+00 0.00e+00 
4.82e+12 1.72e+14   15    0     -1 0.00e+00 0.00e+00 0.00e+00 0.00e+00 0.00e+00 0.00e+00 0.00e+00 
1.44e+13 1.71e+14   15    1     -1 0.00e+00 0.00e+00 0.00e+00 0.00e+00 0.00e+00 0.00e+00 0.00e+00 
2.40e+13 1.70e+14   15    2     -1 0.00e+00 0.00e+00 0.00e+00 0.00e+00 0.00e+00 0.00e+00 0.00e+00 
3.35e+13 1.68e+14   15    3     -1 0.00e+00 0.00e+00 0.00e+00 0.00e+00 0.00e+00 0.00e+00 0.00e+00 
4.29e+13 1.66e+14   15    4     -1 0.00e+00 0.00e+00 0.00e+00 0.00e+00 0.00e+00 0.00e+00 0.00e+00 
5.22e+13 1.64e+14   15    5     -1 0.00e+00 0.00e+00 0.00e+00 0.00e+00 0.00e+00 0.00e+00 0.00e+00 
6.13e+13 1.60e+14   15    6     -1 0.00e+00 0.00e+00 0.00e+00 0.00e+00 0.00e+00 0.00e+00 0.00e+00 
7.02e+13 1.57e+14   15    7     -1 0.00e+00 0.00e+00 0.00e+00 0.00e+00 0.00e+00 0.00e+00 0.00e+00 
7.88e+13 1.53e+14   15    8     -1 0.00e+00 0.00e+00 0.00e+00 0.00e+00 0.00e+00 0.00e+00 0.00e+00 
8.73e+13 1.48e+14   15    9     -1 0.00e+00 0.00e+00 0.00e+00 0.00e+00 0.00e+00 0.00e+00 0.00e+00 
9.54e+13 1.43e+14   15   10     -1 0.00e+00 0.00e+00 0.00e+00 0.00e+00 0.00e+00 0.00e+00 0.00e+00 
1.03e+14 1.37e+14   15   11     -1 0.00e+00 0.00e+00 0.00e+00 0.00e+00 0.00e+00 0.00e+00 0.00e+00 
1.11e+14 1.31e+14   15   12     -1 0.00e+00 0.00e+00 0.00e+00 0.00e+00 0.00e+00 0.00e+00 0.00e+00 
1.18e+14 1.25e+14   15   13     -1 0.00e+00 0.00e+00 0.00e+00 0.00e+00 0.00e+00 0.00e+00 0.00e+00 
1.25e+14 1.18e+14   15   14      1 0.00e+00 0.00e+00 0.00e+00 0.00e+00 0.00e+00 0.00e+00 0.00e+00 
1.31e+14 1.11e+14   15   15      1 0.00e+00 0.00e+00 0.00e+00 0.00e+00 0.00e+00 0.00e+00 0.00e+00 
1.37e+14 1.03e+14   15   16      0 7.27e-07 7.27e-07 7.27e-07 7.27e-07 7.27e-07 7.27e-07 1.00e+00 
1.43e+14 9.54e+13   15   17      0 6.76e-07 6.76e-07 6.76e-07 6.76e-07 6.76e-07 6.76e-07 1.00e+00 
1.48e+14 8.73e+13   15   18      0 6.27e-07 6.27e-07 6.27e-07 6.27e-07 6.27e-07 6.27e-07 1.00e+00 
1.53e+14 7.88e+13   15   19      0 5.80e-07 5.80e-07 5.80e-07 5.80e-07 5.80e-07 5.80e-07 1.00e+00 
1.57e+14 7.02e+13   15   20      0 5.35e-07 5.35e-07 5.35e-07 5.35e-07 5.35e-07 5.35e-07 1.00e+00 
1.60e+14 6.13e+13   15   21      0 4.92e-07 4.92e-07 4.92e-07 4.92e-07 4.92e-07 4.92e-07 1.00e+00 
1.64e+14 5.22e+13   15   22      0 4.50e-07 4.50e-07 4.50e-07 4.50e-07 4.50e-07 4.50e-07 1.00e+00 
1.66e+14 4.29e+13   15   23      0 4.09e-07 4.09e-07 4.09e-07 4.09e-07 4.09e-07 4.09e-07 1.00e+00 
1.68e+14 3.35e+13   15   24      0 3.70e-07 3.70e-07 3.70e-07 3.70e-07 3.70e-07 3.70e-07 1.00e+00 
1.70e+14 2.40e+13   15   25      0 3.31e-07 3.31e-07 3.31e-07 3.31e-07 3.31e-07 3.31e-07 1.00e+00 
1.71e+14 1.44e+13   15   26      0 2.94e-07 2.94e-07 2.94e-07 2.94e-07 2.94e-07 2.94e-07 1.00e+00 
1.72e+14 4.82e+12   15   27      0 2.57e-07 2.57e-07 2.57e-07 2.57e-07 2.57e-07 2.57e-07 1.00e+00 
1.72e+14 1.05e-02   15   28     -1 0.00e+00 0.00e+00 0.00e+00 0.00e+00 0.00e+00 0.00e+00 0.00e+00 
1.72e+14 1.05e-02   15   29     -1 0.00e+00 0.00e+00 0.00e+00 0.00e+00 0.00e+00 0.00e+00 0.00e+00 
5.55e+12 1.98e+14   16    0     -1 0.00e+00 0.00e+00 0.00e+00 0.00e+00 0.00e+00 0.00e+00 0.00e+00 
1.66e+13 1.97e+14   16    1     -1 0.00e+00 0.00e+00 0.00e+00 0.00e+00 0.00e+00 0.00e+00 0.00e+00 
2.77e+13 1.96e+14   16    2     -1 0.00e+00 0.00e+00 0.00e+00 0.00e+00 0.00e+00 0.00e+00 0.00e+00 
3.86e+13 1.94e+14   16    3     -1 0.00e+00 0.00e+00 0.00e+00 0.00e+00 0.00e+00 0.00e+00 0.00e+00 
4.94e+13 1.92e+14   16    4     -1 0.00e+00 0.00e+00 0.00e+00 0.00e+00 0.00e+00 0.00e+00 0.00e+00 
6.01e+13 1.88e+14   16    5     -1 0.00e+00 0.00e+00 0.00e+00 0.00e+00 0.00e+00 0.00e+00 0.00e+00 
7.05e+13 1.85e+14   16    6     -1 0.00e+00 0.00e+00 0.00e+00 0.00e+00 0.00e+00 0.00e+00 0.00e+00 
8.08e+13 1.81e+14   16    7     -1 0.00e+00 0.00e+00 0.00e+00 0.00e+00 0.00e+00 0.00e+00 0.00e+00 
9.08e+13 1.76e+14   16    8     -1 0.00e+00 0.00e+00 0.00e+00 0.00e+00 0.00e+00 0.00e+00 0.00e+00 
1.01e+14 1.70e+14   16    9     -1 0.00e+00 0.00e+00 0.00e+00 0.00e+00 0.00e+00 0.00e+00 0.00e+00 
1.10e+14 1.64e+14   16   10     -1 0.00e+00 0.00e+00 0.00e+00 0.00e+00 0.00e+00 0.00e+00 0.00e+00 
1.19e+14 1.58e+14   16   11     -1 0.00e+00 0.00e+00 0.00e+00 0.00e+00 0.00e+00 0.00e+00 0.00e+00 
1.28e+14 1.51e+14   16   12     -1 0.00e+00 0.00e+00 0.00e+00 0.00e+00 0.00e+00 0.00e+00 0.00e+00 
1.36e+14 1.44e+14   16   13      1 0.00e+00 0.00e+00 0.00e+00 0.00e+00 0.00e+00 0.00e+00 0.00e+00 
1.44e+14 1.36e+14   16   14      1 0.00e+00 0.00e+00 0.00e+00 0.00e+00 0.00e+00 0.00e+00 0.00e+00 
1.51e+14 1.28e+14   16   15      0 8.35e-07 8.35e-07 8.35e-07 8.35e-07 8.35e-07 8.35e-07 1.00e+00 
1.58e+14 1.19e+14   16   16      0 7.76e-07 7.76e-07 7.76e-07 7.76e-07 7.76e-07 7.76e-07 1.00e+00 
1.64e+14 1.10e+14   16   17      0 7.19e-07 7.19e-07 7.19e-07 7.19e-07 7.19e-07 7.19e-07 1.00e+00 
1.70e+14 1.01e+14   16   18      0 6.65e-07 6.65e-07 6.65e-07 6.65e-07 6.65e-07 6.65e-07 1.00e+00 
1.76e+14 9.08e+13   16   19      0 6.13e-07 6.13e-07 6.13e-07 6.13e-07 6.13e-07 6.13e-07 1.00e+00 
1.81e+14 8.08e+13   16   20      0 5.63e-07 5.63e-07 5.63e-07 5.63e-07 5.63e-07 5.63e-07 1.00e+00 
1.85e+14 7.05e+13   16   21      0 5.14e-07 5.14e-07 5.14e-07 5.14e-07 5.14e-07 5.14e-07 1.00e+00 
1.88e+14 6.01e+13   16   22      0 4.67e-07 4.67e-07 4.67e-07 4.67e-07 4.67e-07 4.67e-07 1.00e+00 
1.92e+14 4.94e+13   16   23      0 4.21e-07 4.21e-07 4.21e-07 4.21e-07 4.21e-07 4.21e-07 1.00e+00 
1.94e+14 3.86e+13   16   24      0 3.76e-07 3.76e-07 3.76e-07 3.76e-07 3.76e-07 3.76e-07 1.00e+00 
1.96e+14 2.77e+13   16   25      0 3.32e-07 3.32e-07 3.32e-07 3.32e-07 3.32e-07 3.32e-07 1.00e+00 
1.97e+14 1.66e+13   16   26      0 2.88e-07 2.88e-07 2.88e-07 2.88e-07 2.88e-07 2.88e-07 1.00e+00 
1.98e+14 5.55e+12   16   27      0 2.44e-07 2.44e-07 2.44e-07 2.44e-07 2.44e-07 2.44e-07 1.00e+00 
1.98e+14 1.21e-02   16   28     -1 0.00e+00 0.00e+00 0.00e+00 0.00e+00 0.00e+00 0.00e+00 0.00e+00 
1.98e+14 1.21e-02   16   29     -1 0.00e+00 0.00e+00 0.00e+00 0.00e+00 0.00e+00 0.00e+00 0.00e+00 
6.39e+12 2.28e+14   17    0     -1 0.00e+00 0.00e+00 0.00e+00 0.00e+00 0.00e+00 0.00e+00 0.00e+00 
1.91e+13 2.27e+14   17    1     -1 0.00e+00 0.00e+00 0.00e+00 0.00e+00 0.00e+00 0.00e+00 0.00e+00 
3.18e+13 2.26e+14   17    2     -1 0.00e+00 0.00e+00 0.00e+00 0.00e+00 0.00e+00 0.00e+00 0.00e+00 
4.44e+13 2.23e+14   17    3     -1 0.00e+00 0.00e+00 0.00e+00 0.00e+00 0.00e+00 0.00e+00 0.00e+00 
5.69e+13 2.21e+14   17    4     -1 0.00e+00 0.00e+00 0.00e+00 0.00e+00 0.00e+00 0.00e+00 0.00e+00 
6.92e+13 2.17e+14   17    5     -1 0.00e+00 0.00e+00 0.00e+00 0.00e+00 0.00e+00 0.00e+00 0.00e+00 
8.12e+13 2.13e+14   17    6     -1 0.00e+00 0.00e+00 0.00e+00 0.00e+00 0.00e+00 0.00e+00 0.00e+00 
9.30e+13 2.08e+14   17    7     -1 0.00e+00 0.00e+00 0.00e+00 0.00e+00 0.00e+00 0.00e+00 0.00e+00 
1.05e+14 2.02e+14   17    8     -1 0.00e+00 0.00e+00 0.00e+00 0.00e+00 0.00e+00 0.00e+00 0.00e+00 
1.16e+14 1.96e+14   17    9     -1 0.00e+00 0.00e+00 0.00e+00 0.00e+00 0.00e+00 0.00e+00 0.00e+00 
1.27e+14 1.89e+14   17   10     -1 0.00e+00 0.00e+00 0.00e+00 0.00e+00 0.00e+00 0.00e+00 0.00e+00 
1.37e+14 1.82e+14   17   11     -1 0.00e+00 0.00e+00 0.00e+00 0.00e+00 0.00e+00 0.00e+00 0.00e+00 
1.47e+14 1.74e+14   17   12      1 0.00e+00 0.00e+00 0.00e+00 0.00e+00 0.00e+00 0.00e+00 0.00e+00 
1.56e+14 1.66e+14   17   13      1 0.00e+00 0.00e+00 0.00e+00 0.00e+00 0.00e+00 0.00e+00 0.00e+00 
1.66e+14 1.56e+14   17   14      0 9.77e-07 9.77e-07 9.77e-07 9.77e-07 9.77e-07 9.77e-07 1.00e+00 
1.74e+14 1.47e+14   17   15      0 9.09e-07 9.09e-07 9.09e-07 9.09e-07 9.09e-07 9.09e-07 1.00e+00 
1.82e+14 1.37e+14   17   16      0 8.43e-07 8.43e-07 8.43e-07 8.43e-07 8.43e-07 8.43e-07 1.00e+00 
1.89e+14 1.27e+14   17   17      0 7.80e-07 7.80e-07 7.80e-07 7.80e-07 7.80e-07 7.80e-07 1.00e+00 
1.96e+14 1.16e+14   17   18      0 7.20e-07 7.20e-07 7.20e-07 7.20e-07 7.20e-07 7.20e-07 1.00e+00 
2.02e+14 1.05e+14   17   19      0 6.62e-07 6.62e-07 6.62e-07 6.62e-07 6.62e-07 6.62e-07 1.00e+00 
2.08e+14 9.30e+13   17   20      0 6.06e-07 6.06e-07 6.06e-07 6.06e-07 6.06e-07 6.06e-07 1.00e+00 
2.13e+14 8.12e+13   17   21      0 5.51e-07 5.51e-07 5.51e-07 5.51e-07 5.51e-07 5.51e-07 1.00e+00 
2.17e+14 6.92e+13   17   22      0 4.98e-07 4.98e-07 4.98e-07 4.98e-07 4.98e-07 4.98e-07 1.00e+00 
2.21e+14 5.69e+13   17   23      0 4.46e-07 4.46e-07 4.46e-07 4.46e-07 4.46e-07 4.46e-07 1.00e+00 
2.23e+14 4.44e+13   17   24      0 3.94e-07 3.94e-07 3.94e-07 3.94e-07 3.94e-07 3.94e-07 1.00e+00 
2.26e+14 3.18e+13   17   25      0 3.42e-07 3.42e-07 3.42e-07 3.42e-07 3.42e-07 3.42e-07 1.00e+00 
2.27e+14 1.91e+13   17   26      0 2.90e-07 2.90e-07 2.90e-07 2.90e-07 2.90e-07 2.90e-07 1.00e+00 
2.28e+14 6.39e+12   17   27      0 2.35e-07 2.35e-07 2.35e-07 2.35e-07 2.35e-07 2.35e-07 1.00e+00 
2.28e+14 1.39e-02   17   28     -1 0.00e+00 0.00e+00 0.00e+00 0.00e+00 0.00e+00 0.00e+00 0.00e+00 
2.28e+14 1.39e-02   17   29     -1 0.00e+00 0.00e+00 0.00e+00 0.00e+00 0.00e+00 0.00e+00 0.00e+00 
7.36e+12 2.62e+14   18    0     -1 0.00e+00 0.00e+00 0.00e+00 0.00e+00 0.00e+00 0.00e+00 0.00e+00 
2.20e+13 2.61e+14   18    1     -1 0.00e+00 0.00e+00 0.00e+00 0.00e+00 0.00e+00 0.00e+00 0.00e+00 
3.67e+13 2.60e+14   18    2     -1 0.00e+00 0.00e+00 0.00e+00 0.00e+00 0.00e+00 0.00e+00 0.00e+00 
5.12e+13 2.57e+14   18    3     -1 0.00e+00 0.00e+00 0.00e+00 0.00e+00 0.00e+00 0.00e+00 0.00e+00 
6.55e+13 2.54e+14   18    4     -1 0.00e+00 0.00e+00 0.00e+00 0.00e+00 0.00e+00 0.00e+00 0.00e+00 
7.97e+13 2.50e+14   18    5     -1 0.00e+00 0.00e+00 0.00e+00 0.00e+00 0.00e+00 0.00e+00 0.00e+00 
9.36e+13 2.45e+14   18    6     -1 0.00e+00 0.00e+00 0.00e+00 0.00e+00 0.00e+00 0.00e+00 0.00e+00 
1.07e+14 2.39e+14   18    7     -1 0.00e+00 0.00e+00 0.00e+00 0.00e+00 0.00e+00 0.00e+00 0.00e+00 
1.20e+14 2.33e+14   18    8     -1 0.00e+00 0.00e+00 0.00e+00 0.00e+00 0.00e+00 0.00e+00 0.00e+00 
1.33e+14 2.26e+14   18    9     -1 0.00e+00 0.00e+00 0.00e+00 0.00e+00 0.00e+00 0.00e+00 0.00e+00 
1.46e+14 2.18e+14   18   10     -1 0.00e+00 0.00e+00 0.00e+00 0.00e+00 0.00e+00 0.00e+00 0.00e+00 
1.58e+14 2.10e+14   18   11      1 0.00e+00 0.00e+00 0.00e+00 0.00e+00 0.00e+00 0.00e+00 0.00e+00 
1.69e+14 2.00e+14   18   12      1 0.00e+00 0.00e+00 0.00e+00 0.00e+00 0.00e+00 0.00e+00 0.00e+00 
1.80e+14 1.91e+14   18   13      0 1.17e-06 1.17e-06 1.17e-06 1.17e-06 1.17e-06 1.17e-06 1.00e+00 
1.91e+14 1.80e+14   18   14      0 1.08e-06 1.08e-06 1.08e-06 1.08e-06 1.08e-06 1.08e-06 1.00e+00 
2.00e+14 1.69e+14   18   15      0 1.01e-06 1.01e-06 1.01e-06 1.01e-06 1.01e-06 1.01e-06 1.00e+00 
2.10e+14 1.58e+14   18   16      0 9.35e-07 9.35e-07 9.35e-07 9.35e-07 9.35e-07 9.35e-07 1.00e+00 
2.18e+14 1.46e+14   18   17      0 8.65e-07 8.65e-07 8.65e-07 8.65e-07 8.65e-07 8.65e-07 1.00e+00 
2.26e+14 1.33e+14   18   18      0 7.98e-07 7.98e-07 7.98e-07 7.98e-07 7.98e-07 7.98e-07 1.00e+00 
2.33e+14 1.20e+14   18   19      0 7.33e-07 7.33e-07 7.33e-07 7.33e-07 7.33e-07 7.33e-07 1.00e+00 
2.39e+14 1.07e+14   18   20      0 6.70e-07 6.70e-07 6.70e-07 6.70e-07 6.70e-07 6.70e-07 1.00e+00 
2.45e+14 9.36e+13   18   21      0 6.08e-07 6.08e-07 6.08e-07 6.08e-07 6.08e-07 6.08e-07 1.00e+00 
2.50e+14 7.97e+13   18   22      0 5.48e-07 5.48e-07 5.48e-07 5.48e-07 5.48e-07 5.48e-07 1.00e+00 
2.54e+14 6.55e+13   18   23      0 4.88e-07 4.88e-07 4.88e-07 4.88e-07 4.88e-07 4.88e-07 1.00e+00 
2.57e+14 5.12e+13   18   24      0 4.29e-07 4.29e-07 4.29e-07 4.29e-07 4.29e-07 4.29e-07 1.00e+00 
2.60e+14 3.67e+13   18   25      0 3.69e-07 3.69e-07 3.69e-07 3.69e-07 3.69e-07 3.69e-07 1.00e+00 
2.61e+14 2.20e+13   18   26      0 3.06e-07 3.06e-07 3.06e-07 3.06e-07 3.06e-07 3.06e-07 1.00e+00 
2.62e+14 7.36e+12   18   27      1 0.00e+00 0.00e+00 0.00e+00 0.00e+00 0.00e+00 0.00e+00 0.00e+00 
2.62e+14 1.61e-02   18   28     -1 0.00e+00 0.00e+00 0.00e+00 0.00e+00 0.00e+00 0.00e+00 0.00e+00 
2.62e+14 1.61e-02   18   29     -1 0.00e+00 0.00e+00 0.00e+00 0.00e+00 0.00e+00 0.00e+00 0.00e+00 
8.47e+12 3.02e+14   19    0     -1 0.00e+00 0.00e+00 0.00e+00 0.00e+00 0.00e+00 0.00e+00 0.00e+00 
2.54e+13 3.01e+14   19    1     -1 0.00e+00 0.00e+00 0.00e+00 0.00e+00 0.00e+00 0.00e+00 0.00e+00 
4.22e+13 2.99e+14   19    2     -1 0.00e+00 0.00e+00 0.00e+00 0.00e+00 0.00e+00 0.00e+00 0.00e+00 
5.89e+13 2.96e+14   19    3     -1 0.00e+00 0.00e+00 0.00e+00 0.00e+00 0.00e+00 0.00e+00 0.00e+00 
7.55e+13 2.93e+14   19    4     -1 0.00e+00 0.00e+00 0.00e+00 0.00e+00 0.00e+00 0.00e+00 0.00e+00 
9.17e+13 2.88e+14   19    5     -1 0.00e+00 0.00e+00 0.00e+00 0.00e+00 0.00e+00 0.00e+00 0.00e+00 
1.08e+14 2.82e+14   19    6     -1 0.00e+00 0.00e+00 0.00e+00 0.00e+00 0.00e+00 0.00e+00 0.00e+00 
1.23e+14 2.76e+14   19    7     -1 0.00e+00 0.00e+00 0.00e+00 0.00e+00 0.00e+00 0.00e+00 0.00e+00 
1.39e+14 2.68e+14   19    8     -1 0.00e+00 0.00e+00 0.00e+00 0.00e+00 0.00e+00 0.00e+00 0.00e+00 
1.53e+14 2.60e+14   19    9     -1 0.00e+00 0.00e+00 0.00e+00 0.00e+00 0.00e+00 0.00e+00 0.00e+00 
1.68e+14 2.51e+14   19   10      1 0.00e+00 0.00e+00 0.00e+00 0.00e+00 0.00e+00 0.00e+00 0.00e+00 
1.82e+14 2.41e+14   19   11      1 0.00e+00 0.00e+00 0.00e+00 0.00e+00 0.00e+00 0.00e+00 0.00e+00 
1.95e+14 2.31e+14   19   12      0 1.41e-06 1.41e-06 1.41e-06 1.41e-06 1.41e-06 1.41e-06 1.00e+00 
2.08e+14 2.20e+14   19   13      0 1.32e-06 1.32e-06 1.32e-06 1.32e-06 1.32e-06 1.32e-06 1.00e+00 
2.20e+14 2.08e+14   19   14      0 1.23e-06 1.23e-06 1.23e-06 1.23e-06 1.23e-06 1.23e-06 1.00e+00 
2.31e+14 1.95e+14   19   15      0 1.14e-06 1.14e-06 1.14e-06 1.14e-06 1.14e-06 1.14e-06 1.00e+00 
2.41e+14 1.82e+14   19   16      0 1.06e-06 1.06e-06 1.06e-06 1.06e-06 1.06e-06 1.06e-06 1.00e+00 
2.51e+14 1.68e+14   19   17      0 9.80e-07 9.80e-07 9.80e-07 9.80e-07 9.80e-07 9.80e-07 1.00e+00 
2.60e+14 1.53e+14   19   18      0 9.05e-07 9.05e-07 9.05e-07 9.05e-07 9.05e-07 9.05e-07 1.00e+00 
2.68e+14 1.39e+14   19   19      0 8.32e-07 8.32e-07 8.32e-07 8.32e-07 8.32e-07 8.32e-07 1.00e+00 
2.76e+14 1.23e+14   19   20      0 7.62e-07 7.62e-07 7.62e-07 7.62e-07 7.62e-07 7.62e-07 1.00e+00 
2.82e+14 1.08e+14   19   21      0 6.93e-07 6.93e-07 6.93e-07 6.93e-07 6.93e-07 6.93e-07 1.00e+00 
2.88e+14 9.17e+13   19   22      0 6.25e-07 6.25e-07 6.25e-07 6.25e-07 6.25e-07 6.25e-07 1.00e+00 
2.93e+14 7.55e+13   19   23      0 5.58e-07 5.58e-07 5.58e-07 5.58e-07 5.58e-07 5.58e-07 1.00e+00 
2.96e+14 5.89e+13   19   24      0 4.91e-07 4.91e-07 4.91e-07 4.91e-07 4.91e-07 4.91e-07 1.00e+00 
2.99e+14 4.22e+13   19   25      0 4.22e-07 4.22e-07 4.22e-07 4.22e-07 4.22e-07 4.22e-07 1.00e+00 
3.01e+14 2.54e+13   19   26      1 0.00e+00 0.00e+00 0.00e+00 0.00e+00 0.00e+00 0.00e+00 0.00e+00 
3.02e+14 8.47e+12   19   27      1 0.00e+00 0.00e+00 0.00e+00 0.00e+00 0.00e+00 0.00e+00 0.00e+00 
3.02e+14 1.85e-02   19   28     -1 0.00e+00 0.00e+00 0.00e+00 0.00e+00 0.00e+00 0.00e+00 0.00e+00 
3.02e+14 1.85e-02   19   29     -1 0.00e+00 0.00e+00 0.00e+00 0.00e+00 0.00e+00 0.00e+00 0.00e+00 
9.76e+12 3.48e+14   20    0     -1 0.00e+00 0.00e+00 0.00e+00 0.00e+00 0.00e+00 0.00e+00 0.00e+00 
2.92e+13 3.47e+14   20    1     -1 0.00e+00 0.00e+00 0.00e+00 0.00e+00 0.00e+00 0.00e+00 0.00e+00 
4.86e+13 3.44e+14   20    2     -1 0.00e+00 0.00e+00 0.00e+00 0.00e+00 0.00e+00 0.00e+00 0.00e+00 
6.79e+13 3.41e+14   20    3     -1 0.00e+00 0.00e+00 0.00e+00 0.00e+00 0.00e+00 0.00e+00 0.00e+00 
8.69e+13 3.37e+14   20    4     -1 0.00e+00 0.00e+00 0.00e+00 0.00e+00 0.00e+00 0.00e+00 0.00e+00 
1.06e+14 3.31e+14   20    5     -1 0.00e+00 0.00e+00 0.00e+00 0.00e+00 0.00e+00 0.00e+00 0.00e+00 
1.24e+14 3.25e+14   20    6     -1 0.00e+00 0.00e+00 0.00e+00 0.00e+00 0.00e+00 0.00e+00 0.00e+00 
1.42e+14 3.18e+14   20    7     -1 0.00e+00 0.00e+00 0.00e+00 0.00e+00 0.00e+00 0.00e+00 0.00e+00 
1.60e+14 3.09e+14   20    8     -1 0.00e+00 0.00e+00 0.00e+00 0.00e+00 0.00e+00 0.00e+00 0.00e+00 
1.77e+14 3.00e+14   20    9     -1 0.00e+00 0.00e+00 0.00e+00 0.00e+00 0.00e+00 0.00e+00 0.00e+00 
1.93e+14 2.89e+14   20   10      1 0.00e+00 0.00e+00 0.00e+00 0.00e+00 0.00e+00 0.00e+00 0.00e+00 
2.09e+14 2.78e+14   20   11      0 1.74e-06 1.74e-06 1.74e-06 1.74e-06 1.74e-06 1.74e-06 1.00e+00 
2.24e+14 2.66e+14   20   12      0 1.62e-06 1.62e-06 1.62e-06 1.62e-06 1.62e-06 1.62e-06 1.00e+00 
2.39e+14 2.53e+14   20   13      0 1.51e-06 1.51e-06 1.51e-06 1.51e-06 1.51e-06 1.51e-06 1.00e+00 
2.53e+14 2.39e+14   20   14      0 1.41e-06 1.41e-06 1.41e-06 1.41e-06 1.41e-06 1.41e-06 1.00e+00 
2.66e+14 2.24e+14   20   15      0 1.32e-06 1.32e-06 1.32e-06 1.32e-06 1.32e-06 1.32e-06 1.00e+00 
2.78e+14 2.09e+14   20   16      0 1.22e-06 1.22e-06 1.22e-06 1.22e-06 1.22e-06 1.22e-06 1.00e+00 
2.89e+14 1.93e+14   20   17      0 1.14e-06 1.14e-06 1.14e-06 1.14e-06 1.14e-06 1.14e-06 1.00e+00 
3.00e+14 1.77e+14   20   18      0 1.05e-06 1.05e-06 1.05e-06 1.05e-06 1.05e-06 1.05e-06 1.00e+00 
3.09e+14 1.60e+14   20   19      0 9.71e-07 9.71e-07 9.71e-07 9.71e-07 9.71e-07 9.71e-07 1.00e+00 
3.18e+14 1.42e+14   20   20      0 8.92e-07 8.92e-07 8.92e-07 8.92e-07 8.92e-07 8.92e-07 1.00e+00 
3.25e+14 1.24e+14   20   21      0 8.16e-07 8.16e-07 8.16e-07 8.16e-07 8.16e-07 8.16e-07 1.00e+00 
3.31e+14 1.06e+14   20   22      0 7.41e-07 7.41e-07 7.41e-07 7.41e-07 7.41e-07 7.41e-07 1.00e+00 
3.37e+14 8.69e+13   20   23      0 6.68e-07 6.68e-07 6.68e-07 6.68e-07 6.68e-07 6.68e-07 1.00e+00 
3.41e+14 6.79e+13   20   24      0 5.94e-07 5.94e-07 5.94e-07 5.94e-07 5.94e-07 5.94e-07 1.00e+00 
3.44e+14 4.86e+13   20   25      1 0.00e+00 0.00e+00 0.00e+00 0.00e+00 0.00e+00 0.00e+00 0.00e+00 
3.47e+14 2.92e+13   20   26      1 0.00e+00 0.00e+00 0.00e+00 0.00e+00 0.00e+00 0.00e+00 0.00e+00 
3.48e+14 9.76e+12   20   27     -1 0.00e+00 0.00e+00 0.00e+00 0.00e+00 0.00e+00 0.00e+00 0.00e+00 
3.48e+14 2.13e-02   20   28     -1 0.00e+00 0.00e+00 0.00e+00 0.00e+00 0.00e+00 0.00e+00 0.00e+00 
3.48e+14 2.13e-02   20   29     -1 0.00e+00 0.00e+00 0.00e+00 0.00e+00 0.00e+00 0.00e+00 0.00e+00 
1.12e+13 4.00e+14   21    0     -1 0.00e+00 0.00e+00 0.00e+00 0.00e+00 0.00e+00 0.00e+00 0.00e+00 
3.37e+13 3.99e+14   21    1     -1 0.00e+00 0.00e+00 0.00e+00 0.00e+00 0.00e+00 0.00e+00 0.00e+00 
5.60e+13 3.97e+14   21    2     -1 0.00e+00 0.00e+00 0.00e+00 0.00e+00 0.00e+00 0.00e+00 0.00e+00 
7.82e+13 3.93e+14   21    3     -1 0.00e+00 0.00e+00 0.00e+00 0.00e+00 0.00e+00 0.00e+00 0.00e+00 
1.00e+14 3.88e+14   21    4     -1 0.00e+00 0.00e+00 0.00e+00 0.00e+00 0.00e+00 0.00e+00 0.00e+00 
1.22e+14 3.82e+14   21    5     -1 0.00e+00 0.00e+00 0.00e+00 0.00e+00 0.00e+00 0.00e+00 0.00e+00 
1.43e+14 3.74e+14   21    6     -1 0.00e+00 0.00e+00 0.00e+00 0.00e+00 0.00e+00 0.00e+00 0.00e+00 
1.64e+14 3.66e+14   21    7     -1 0.00e+00 0.00e+00 0.00e+00 0.00e+00 0.00e+00 0.00e+00 0.00e+00 
1.84e+14 3.56e+14   21    8     -1 0.00e+00 0.00e+00 0.00e+00 0.00e+00 0.00e+00 0.00e+00 0.00e+00 
2.04e+14 3.45e+14   21    9      1 0.00e+00 0.00e+00 0.00e+00 0.00e+00 0.00e+00 0.00e+00 0.00e+00 
2.23e+14 3.33e+14   21   10      1 0.00e+00 0.00e+00 0.00e+00 0.00e+00 0.00e+00 0.00e+00 0.00e+00 
2.41e+14 3.20e+14   21   11      0 2.02e-06 2.02e-06 2.02e-06 2.02e-06 2.02e-06 2.02e-06 1.00e+00 
2.58e+14 3.06e+14   21   12      0 1.89e-06 1.89e-06 1.89e-06 1.89e-06 1.89e-06 1.89e-06 1.00e+00 
2.75e+14 2.91e+14   21   13      0 1.77e-06 1.77e-06 1.77e-06 1.77e-06 1.77e-06 1.77e-06 1.00e+00 
2.91e+14 2.75e+14   21   14      0 1.66e-06 1.66e-06 1.66e-06 1.66e-06 1.66e-06 1.66e-06 1.00e+00 
3.06e+14 2.58e+14   21   15      0 1.55e-06 1.55e-06 1.55e-06 1.55e-06 1.55e-06 1.55e-06 1.00e+00 
3.20e+14 2.41e+14   21   16      0 1.44e-06 1.44e-06 1.44e-06 1.44e-06 1.44e-06 1.44e-06 1.00e+00 
3.33e+14 2.23e+14   21   17      0 1.35e-06 1.35e-06 1.35e-06 1.35e-06 1.35e-06 1.35e-06 1.00e+00 
3.45e+14 2.04e+14   21   18      0 1.25e-06 1.25e-06 1.25e-06 1.25e-06 1.25e-06 1.25e-06 1.00e+00 
3.56e+14 1.84e+14   21   19      0 1.16e-06 1.16e-06 1.16e-06 1.16e-06 1.16e-06 1.16e-06 1.00e+00 
3.66e+14 1.64e+14   21   20      0 1.08e-06 1.08e-06 1.08e-06 1.08e-06 1.08e-06 1.08e-06 1.00e+00 
3.74e+14 1.43e+14   21   21      0 9.94e-07 9.94e-07 9.94e-07 9.94e-07 9.94e-07 9.94e-07 1.00e+00 
3.82e+14 1.22e+14   21   22      0 9.13e-07 9.13e-07 9.13e-07 9.13e-07 9.13e-07 9.13e-07 1.00e+00 
3.88e+14 1.00e+14   21   23      0 8.36e-07 8.36e-07 8.36e-07 8.36e-07 8.36e-07 8.36e-07 1.00e+00 
3.93e+14 7.82e+13   21   24      1 0.00e+00 0.00e+00 0.00e+00 0.00e+00 0.00e+00 0.00e+00 0.00e+00 
3.97e+14 5.60e+13   21   25      1 0.00e+00 0.00e+00 0.00e+00 0.00e+00 0.00e+00 0.00e+00 0.00e+00 
3.99e+14 3.37e+13   21   26     -1 0.00e+00 0.00e+00 0.00e+00 0.00e+00 0.00e+00 0.00e+00 0.00e+00 
4.00e+14 1.12e+13   21   27     -1 0.00e+00 0.00e+00 0.00e+00 0.00e+00 0.00e+00 0.00e+00 0.00e+00 
4.01e+14 2.45e-02   21   28     -1 0.00e+00 0.00e+00 0.00e+00 0.00e+00 0.00e+00 0.00e+00 0.00e+00 
4.01e+14 2.45e-02   21   29     -1 0.00e+00 0.00e+00 0.00e+00 0.00e+00 0.00e+00 0.00e+00 0.00e+00 
1.29e+13 4.61e+14   22    0     -1 0.00e+00 0.00e+00 0.00e+00 0.00e+00 0.00e+00 0.00e+00 0.00e+00 
3.88e+13 4.60e+14   22    1     -1 0.00e+00 0.00e+00 0.00e+00 0.00e+00 0.00e+00 0.00e+00 0.00e+00 
6.45e+13 4.57e+14   22    2     -1 0.00e+00 0.00e+00 0.00e+00 0.00e+00 0.00e+00 0.00e+00 0.00e+00 
9.00e+13 4.52e+14   22    3     -1 0.00e+00 0.00e+00 0.00e+00 0.00e+00 0.00e+00 0.00e+00 0.00e+00 
1.15e+14 4.47e+14   22    4     -1 0.00e+00 0.00e+00 0.00e+00 0.00e+00 0.00e+00 0.00e+00 0.00e+00 
1.40e+14 4.40e+14   22    5     -1 0.00e+00 0.00e+00 0.00e+00 0.00e+00 0.00e+00 0.00e+00 0.00e+00 
1.65e+14 4.31e+14   22    6     -1 0.00e+00 0.00e+00 0.00e+00 0.00e+00 0.00e+00 0.00e+00 0.00e+00 
1.88e+14 4.21e+14   22    7     -1 0.00e+00 0.00e+00 0.00e+00 0.00e+00 0.00e+00 0.00e+00 0.00e+00 
2.12e+14 4.10e+14   22    8     -1 0.00e+00 0.00e+00 0.00e+00 0.00e+00 0.00e+00 0.00e+00 0.00e+00 
2.34e+14 3.97e+14   22    9      1 0.00e+00 0.00e+00 0.00e+00 0.00e+00 0.00e+00 0.00e+00 0.00e+00 
2.56e+14 3.84e+14   22   10      0 2.55e-06 2.55e-06 2.55e-06 2.55e-06 2.55e-06 2.55e-06 1.00e+00 
2.77e+14 3.69e+14   22   11      0 2.39e-06 2.39e-06 2.39e-06 2.39e-06 2.39e-06 2.39e-06 1.00e+00 
2.98e+14 3.52e+14   22   12      0 2.24e-06 2.24e-06 2.24e-06 2.24e-06 2.24e-06 2.24e-06 1.00e+00 
3.17e+14 3.35e+14   22   13      0 2.10e-06 2.10e-06 2.10e-06 2.10e-06 2.10e-06 2.10e-06 1.00e+00 
3.35e+14 3.17e+14   22   14      0 1.97e-06 1.97e-06 1.97e-06 1.97e-06 1.97e-06 1.97e-06 1.00e+00 
3.52e+14 2.98e+14   22   15      0 1.85e-06 1.85e-06 1.85e-06 1.85e-06 1.85e-06 1.85e-06 1.00e+00 
3.69e+14 2.77e+14   22   16      0 1.74e-06 1.74e-06 1.74e-06 1.74e-06 1.74e-06 1.74e-06 1.00e+00 
3.84e+14 2.56e+14   22   17      0 1.63e-06 1.63e-06 1.63e-06 1.63e-06 1.63e-06 1.63e-06 1.00e+00 
3.97e+14 2.34e+14   22   18      0 1.53e-06 1.53e-06 1.53e-06 1.53e-06 1.53e-06 1.53e-06 1.00e+00 
4.10e+14 2.12e+14   22   19      0 1.43e-06 1.43e-06 1.43e-06 1.43e-06 1.43e-06 1.43e-06 1.00e+00 
4.21e+14 1.88e+14   22   20      0 1.33e-06 1.33e-06 1.33e-06 1.33e-06 1.33e-06 1.33e-06 1.00e+00 
4.31e+14 1.65e+14   22   21      0 1.25e-06 1.25e-06 1.25e-06 1.25e-06 1.25e-06 1.25e-06 1.00e+00 
4.40e+14 1.40e+14   22   22      0 1.17e-06 1.17e-06 1.17e-06 1.17e-06 1.17e-06 1.17e-06 1.00e+00 
4.47e+14 1.15e+14   22   23      0 1.09e-06 1.09e-06 1.09e-06 1.09e-06 1.09e-06 1.09e-06 1.00e+00 
4.52e+14 9.00e+13   22   24      1 0.00e+00 0.00e+00 0.00e+00 0.00e+00 0.00e+00 0.00e+00 0.00e+00 
4.57e+14 6.45e+13   22   25     -1 0.00e+00 0.00e+00 0.00e+00 0.00e+00 0.00e+00 0.00e+00 0.00e+00 
4.60e+14 3.88e+13   22   26     -1 0.00e+00 0.00e+00 0.00e+00 0.00e+00 0.00e+00 0.00e+00 0.00e+00 
4.61e+14 1.29e+13   22   27     -1 0.00e+00 0.00e+00 0.00e+00 0.00e+00 0.00e+00 0.00e+00 0.00e+00 
4.61e+14 2.82e-02   22   28     -1 0.00e+00 0.00e+00 0.00e+00 0.00e+00 0.00e+00 0.00e+00 0.00e+00 
4.61e+14 2.82e-02   22   29     -1 0.00e+00 0.00e+00 0.00e+00 0.00e+00 0.00e+00 0.00e+00 0.00e+00 
1.49e+13 5.31e+14   23    0     -1 0.00e+00 0.00e+00 0.00e+00 0.00e+00 0.00e+00 0.00e+00 0.00e+00 
4.47e+13 5.29e+14   23    1     -1 0.00e+00 0.00e+00 0.00e+00 0.00e+00 0.00e+00 0.00e+00 0.00e+00 
7.43e+13 5.26e+14   23    2     -1 0.00e+00 0.00e+00 0.00e+00 0.00e+00 0.00e+00 0.00e+00 0.00e+00 
1.04e+14 5.21e+14   23    3     -1 0.00e+00 0.00e+00 0.00e+00 0.00e+00 0.00e+00 0.00e+00 0.00e+00 
1.33e+14 5.14e+14   23    4     -1 0.00e+00 0.00e+00 0.00e+00 0.00e+00 0.00e+00 0.00e+00 0.00e+00 
1.61e+14 5.06e+14   23    5     -1 0.00e+00 0.00e+00 0.00e+00 0.00e+00 0.00e+00 0.00e+00 0.00e+00 
1.89e+14 4.96e+14   23    6     -1 0.00e+00 0.00e+00 0.00e+00 0.00e+00 0.00e+00 0.00e+00 0.00e+00 
2.17e+14 4.85e+14   23    7     -1 0.00e+00 0.00e+00 0.00e+00 0.00e+00 0.00e+00 0.00e+00 0.00e+00 
2.44e+14 4.72e+14   23    8      1 0.00e+00 0.00e+00 0.00e+00 0.00e+00 0.00e+00 0.00e+00 0.00e+00 
2.70e+14 4.58e+14   23    9      1 0.00e+00 0.00e+00 0.00e+00 0.00e+00 0.00e+00 0.00e+00 0.00e+00 
2.95e+14 4.42e+14   23   10      0 3.05e-06 3.05e-06 3.05e-06 3.05e-06 3.05e-06 3.05e-06 1.00e+00 
3.19e+14 4.24e+14   23   11      0 2.87e-06 2.87e-06 2.87e-06 2.87e-06 2.87e-06 2.87e-06 1.00e+00 
3.43e+14 4.06e+14   23   12      0 2.70e-06 2.70e-06 2.70e-06 2.70e-06 2.70e-06 2.70e-06 1.00e+00 
3.65e+14 3.86e+14   23   13      0 2.54e-06 2.54e-06 2.54e-06 2.54e-06 2.54e-06 2.54e-06 1.00e+00 
3.86e+14 3.65e+14   23   14      0 2.39e-06 2.39e-06 2.39e-06 2.39e-06 2.39e-06 2.39e-06 1.00e+00 
4.06e+14 3.43e+14   23   15      0 2.26e-06 2.26e-06 2.26e-06 2.26e-06 2.26e-06 2.26e-06 1.00e+00 
4.24e+14 3.19e+14   23   16      0 2.13e-06 2.13e-06 2.13e-06 2.13e-06 2.13e-06 2.13e-06 1.00e+00 
4.42e+14 2.95e+14   23   17      0 2.01e-06 2.01e-06 2.01e-06 2.01e-06 2.01e-06 2.01e-06 1.00e+00 
4.58e+14 2.70e+14   23   18      0 1.89e-06 1.89e-06 1.89e-06 1.89e-06 1.89e-06 1.89e-06 1.00e+00 
4.72e+14 2.44e+14   23   19      0 1.79e-06 1.79e-06 1.79e-06 1.79e-06 1.79e-06 1.79e-06 1.00e+00 
4.85e+14 2.17e+14   23   20      0 1.69e-06 1.69e-06 1.69e-06 1.69e-06 1.69e-06 1.69e-06 1.00e+00 
4.96e+14 1.89e+14   23   21      0 1.60e-06 1.60e-06 1.60e-06 1.60e-06 1.60e-06 1.60e-06 1.00e+00 
5.06e+14 1.61e+14   23   22      0 1.53e-06 1.53e-06 1.53e-06 1.53e-06 1.53e-06 1.53e-06 1.00e+00 
5.14e+14 1.33e+14   23   23      1 0.00e+00 0.00e+00 0.00e+00 0.00e+00 0.00e+00 0.00e+00 0.00e+00 
5.21e+14 1.04e+14   23   24      1 0.00e+00 0.00e+00 0.00e+00 0.00e+00 0.00e+00 0.00e+00 0.00e+00 
5.26e+14 7.43e+13   23   25     -1 0.00e+00 0.00e+00 0.00e+00 0.00e+00 0.00e+00 0.00e+00 0.00e+00 
5.29e+14 4.47e+13   23   26     -1 0.00e+00 0.00e+00 0.00e+00 0.00e+00 0.00e+00 0.00e+00 0.00e+00 
5.31e+14 1.49e+13   23   27     -1 0.00e+00 0.00e+00 0.00e+00 0.00e+00 0.00e+00 0.00e+00 0.00e+00 
5.31e+14 3.25e-02   23   28     -1 0.00e+00 0.00e+00 0.00e+00 0.00e+00 0.00e+00 0.00e+00 0.00e+00 
5.31e+14 3.25e-02   23   29     -1 0.00e+00 0.00e+00 0.00e+00 0.00e+00 0.00e+00 0.00e+00 0.00e+00 
1.72e+13 6.12e+14   24    0     -1 0.00e+00 0.00e+00 0.00e+00 0.00e+00 0.00e+00 0.00e+00 0.00e+00 
5.14e+13 6.10e+14   24    1     -1 0.00e+00 0.00e+00 0.00e+00 0.00e+00 0.00e+00 0.00e+00 0.00e+00 
8.55e+13 6.06e+14   24    2     -1 0.00e+00 0.00e+00 0.00e+00 0.00e+00 0.00e+00 0.00e+00 0.00e+00 
1.19e+14 6.00e+14   24    3     -1 0.00e+00 0.00e+00 0.00e+00 0.00e+00 0.00e+00 0.00e+00 0.00e+00 
1.53e+14 5.92e+14   24    4     -1 0.00e+00 0.00e+00 0.00e+00 0.00e+00 0.00e+00 0.00e+00 0.00e+00 
1.86e+14 5.83e+14   24    5     -1 0.00e+00 0.00e+00 0.00e+00 0.00e+00 0.00e+00 0.00e+00 0.00e+00 
2.18e+14 5.72e+14   24    6     -1 0.00e+00 0.00e+00 0.00e+00 0.00e+00 0.00e+00 0.00e+00 0.00e+00 
2.50e+14 5.58e+14   24    7     -1 0.00e+00 0.00e+00 0.00e+00 0.00e+00 0.00e+00 0.00e+00 0.00e+00 
2.81e+14 5.44e+14   24    8      1 0.00e+00 0.00e+00 0.00e+00 0.00e+00 0.00e+00 0.00e+00 0.00e+00 
3.11e+14 5.27e+14   24    9      0 3.93e-06 3.93e-06 3.93e-06 3.93e-06 3.93e-06 3.93e-06 1.00e+00 
3.40e+14 5.09e+14   24   10      0 3.69e-06 3.69e-06 3.69e-06 3.69e-06 3.69e-06 3.69e-06 1.00e+00 
3.68e+14 4.89e+14   24   11      0 3.48e-06 3.48e-06 3.48e-06 3.48e-06 3.48e-06 3.48e-06 1.00e+00 
3.95e+14 4.67e+14   24   12      0 3.28e-06 3.28e-06 3.28e-06 3.28e-06 3.28e-06 3.28e-06 1.00e+00 
4.20e+14 4.45e+14   24   13      0 3.10e-06 3.10e-06 3.10e-06 3.10e-06 3.10e-06 3.10e-06 1.00e+00 
4.45e+14 4.20e+14   24   14      0 2.94e-06 2.94e-06 2.94e-06 2.94e-06 2.94e-06 2.94e-06 1.00e+00 
4.67e+14 3.95e+14   24   15      0 2.79e-06 2.79e-06 2.79e-06 2.79e-06 2.79e-06 2.79e-06 1.00e+00 
4.89e+14 3.68e+14   24   16      0 2.64e-06 2.64e-06 2.64e-06 2.64e-06 2.64e-06 2.64e-06 1.00e+00 
5.09e+14 3.40e+14   24   17      0 2.51e-06 2.51e-06 2.51e-06 2.51e-06 2.51e-06 2.51e-06 1.00e+00 
5.27e+14 3.11e+14   24   18      0 2.39e-06 2.39e-06 2.39e-06 2.39e-06 2.39e-06 2.39e-06 1.00e+00 
5.44e+14 2.81e+14   24   19      0 2.28e-06 2.28e-06 2.28e-06 2.28e-06 2.28e-06 2.28e-06 1.00e+00 
5.58e+14 2.50e+14   24   20      0 2.19e-06 2.19e-06 2.19e-06 2.19e-06 2.19e-06 2.19e-06 1.00e+00 
5.72e+14 2.18e+14   24   21      0 2.11e-06 2.11e-06 2.11e-06 2.11e-06 2.11e-06 2.11e-06 1.00e+00 
5.83e+14 1.86e+14   24   22      0 2.05e-06 2.05e-06 2.05e-06 2.05e-06 2.05e-06 2.05e-06 1.00e+00 
5.92e+14 1.53e+14   24   23      1 0.00e+00 0.00e+00 0.00e+00 0.00e+00 0.00e+00 0.00e+00 0.00e+00 
6.00e+14 1.19e+14   24   24     -1 0.00e+00 0.00e+00 0.00e+00 0.00e+00 0.00e+00 0.00e+00 0.00e+00 
6.06e+14 8.55e+13   24   25     -1 0.00e+00 0.00e+00 0.00e+00 0.00e+00 0.00e+00 0.00e+00 0.00e+00 
6.10e+14 5.14e+13   24   26     -1 0.00e+00 0.00e+00 0.00e+00 0.00e+00 0.00e+00 0.00e+00 0.00e+00 
6.12e+14 1.72e+13   24   27     -1 0.00e+00 0.00e+00 0.00e+00 0.00e+00 0.00e+00 0.00e+00 0.00e+00 
6.12e+14 3.75e-02   24   28     -1 0.00e+00 0.00e+00 0.00e+00 0.00e+00 0.00e+00 0.00e+00 0.00e+00 
6.12e+14 3.75e-02   24   29     -1 0.00e+00 0.00e+00 0.00e+00 0.00e+00 0.00e+00 0.00e+00 0.00e+00 
1.98e+13 7.04e+14   25    0     -1 0.00e+00 0.00e+00 0.00e+00 0.00e+00 0.00e+00 0.00e+00 0.00e+00 
5.92e+13 7.02e+14   25    1     -1 0.00e+00 0.00e+00 0.00e+00 0.00e+00 0.00e+00 0.00e+00 0.00e+00 
9.85e+13 6.98e+14   25    2     -1 0.00e+00 0.00e+00 0.00e+00 0.00e+00 0.00e+00 0.00e+00 0.00e+00 
1.37e+14 6.91e+14   25    3     -1 0.00e+00 0.00e+00 0.00e+00 0.00e+00 0.00e+00 0.00e+00 0.00e+00 
1.76e+14 6.82e+14   25    4     -1 0.00e+00 0.00e+00 0.00e+00 0.00e+00 0.00e+00 0.00e+00 0.00e+00 
2.14e+14 6.71e+14   25    5     -1 0.00e+00 0.00e+00 0.00e+00 0.00e+00 0.00e+00 0.00e+00 0.00e+00 
2.51e+14 6.58e+14   25    6     -1 0.00e+00 0.00e+00 0.00e+00 0.00e+00 0.00e+00 0.00e+00 0.00e+00 
2.88e+14 6.43e+14   25    7     -1 0.00e+00 0.00e+00 0.00e+00 0.00e+00 0.00e+00 0.00e+00 0.00e+00 
3.23e+14 6.26e+14   25    8      1 0.00e+00 0.00e+00 0.00e+00 0.00e+00 0.00e+00 0.00e+00 0.00e+00 
3.58e+14 6.07e+14   25    9      0 4.80e-06 4.80e-06 4.80e-06 4.80e-06 4.80e-06 4.80e-06 1.00e+00 
3.91e+14 5.86e+14   25   10      0 4.52e-06 4.52e-06 4.52e-06 4.52e-06 4.52e-06 4.52e-06 1.00e+00 
4.24e+14 5.63e+14   25   11      0 4.27e-06 4.27e-06 4.27e-06 4.27e-06 4.27e-06 4.27e-06 1.00e+00 
4.55e+14 5.38e+14   25   12      0 4.05e-06 4.05e-06 4.05e-06 4.05e-06 4.05e-06 4.05e-06 1.00e+00 
4.84e+14 5.12e+14   25   13      0 3.84e-06 3.84e-06 3.84e-06 3.84e-06 3.84e-06 3.84e-06 1.00e+00 
5.12e+14 4.84e+14   25   14      0 3.66e-06 3.66e-06 3.66e-06 3.66e-06 3.66e-06 3.66e-06 1.00e+00 
5.38e+14 4.55e+14   25   15      0 3.49e-06 3.49e-06 3.49e-06 3.49e-06 3.49e-06 3.49e-06 1.00e+00 
5.63e+14 4.24e+14   25   16      0 3.33e-06 3.33e-06 3.33e-06 3.33e-06 3.33e-06 3.33e-06 1.00e+00 
5.86e+14 3.91e+14   25   17      0 3.19e-06 3.19e-06 3.19e-06 3.19e-06 3.19e-06 3.19e-06 1.00e+00 
6.07e+14 3.58e+14   25   18      0 3.06e-06 3.06e-06 3.06e-06 3.06e-06 3.06e-06 3.06e-06 1.00e+00 
6.26e+14 3.23e+14   25   19      0 2.95e-06 2.95e-06 2.95e-06 2.95e-06 2.95e-06 2.95e-06 1.00e+00 
6.43e+14 2.88e+14   25   20      0 2.87e-06 2.87e-06 2.87e-06 2.87e-06 2.87e-06 2.87e-06 1.00e+00 
6.58e+14 2.51e+14   25   21      0 2.80e-06 2.80e-06 2.80e-06 2.80e-06 2.80e-06 2.80e-06 1.00e+00 
6.71e+14 2.14e+14   25   22      1 0.00e+00 0.00e+00 0.00e+00 0.00e+00 0.00e+00 0.00e+00 0.00e+00 
6.82e+14 1.76e+14   25   23      1 0.00e+00 0.00e+00 0.00e+00 0.00e+00 0.00e+00 0.00e+00 0.00e+00 
6.91e+14 1.37e+14   25   24     -1 0.00e+00 0.00e+00 0.00e+00 0.00e+00 0.00e+00 0.00e+00 0.00e+00 
6.98e+14 9.85e+13   25   25     -1 0.00e+00 0.00e+00 0.00e+00 0.00e+00 0.00e+00 0.00e+00 0.00e+00 
7.02e+14 5.92e+13   25   26     -1 0.00e+00 0.00e+00 0.00e+00 0.00e+00 0.00e+00 0.00e+00 0.00e+00 
7.04e+14 1.98e+13   25   27     -1 0.00e+00 0.00e+00 0.00e+00 0.00e+00 0.00e+00 0.00e+00 0.00e+00 
7.04e+14 4.31e-02   25   28     -1 0.00e+00 0.00e+00 0.00e+00 0.00e+00 0.00e+00 0.00e+00 0.00e+00 
7.04e+14 4.31e-02   25   29     -1 0.00e+00 0.00e+00 0.00e+00 0.00e+00 0.00e+00 0.00e+00 0.00e+00 
2.28e+13 8.11e+14   26    0     -1 0.00e+00 0.00e+00 0.00e+00 0.00e+00 0.00e+00 0.00e+00 0.00e+00 
6.82e+13 8.08e+14   26    1     -1 0.00e+00 0.00e+00 0.00e+00 0.00e+00 0.00e+00 0.00e+00 0.00e+00 
1.13e+14 8.03e+14   26    2     -1 0.00e+00 0.00e+00 0.00e+00 0.00e+00 0.00e+00 0.00e+00 0.00e+00 
1.58e+14 7.96e+14   26    3     -1 0.00e+00 0.00e+00 0.00e+00 0.00e+00 0.00e+00 0.00e+00 0.00e+00 
2.03e+14 7.86e+14   26    4     -1 0.00e+00 0.00e+00 0.00e+00 0.00e+00 0.00e+00 0.00e+00 0.00e+00 
2.46e+14 7.73e+14   26    5     -1 0.00e+00 0.00e+00 0.00e+00 0.00e+00 0.00e+00 0.00e+00 0.00e+00 
2.89e+14 7.58e+14   26    6     -1 0.00e+00 0.00e+00 0.00e+00 0.00e+00 0.00e+00 0.00e+00 0.00e+00 
3.31e+14 7.40e+14   26    7      1 0.00e+00 0.00e+00 0.00e+00 0.00e+00 0.00e+00 0.00e+00 0.00e+00 
3.72e+14 7.21e+14   26    8      1 0.00e+00 0.00e+00 0.00e+00 0.00e+00 0.00e+00 0.00e+00 0.00e+00 
4.12e+14 6.99e+14   26    9      0 5.92e-06 5.92e-06 5.92e-06 5.92e-06 5.92e-06 5.92e-06 1.00e+00 
4.51e+14 6.75e+14   26   10      0 5.59e-06 5.59e-06 5.59e-06 5.59e-06 5.59e-06 5.59e-06 1.00e+00 
4.88e+14 6.48e+14   26   11      0 5.31e-06 5.31e-06 5.31e-06 5.31e-06 5.31e-06 5.31e-06 1.00e+00 
5.23e+14 6.20e+14   26   12      0 5.05e-06 5.05e-06 5.05e-06 5.05e-06 5.05e-06 5.05e-06 1.00e+00 
5.57e+14 5.89e+14   26   13      0 4.81e-06 4.81e-06 4.81e-06 4.81e-06 4.81e-06 4.81e-06 1.00e+00 
5.89e+14 5.57e+14   26   14      0 4.60e-06 4.60e-06 4.60e-06 4.60e-06 4.60e-06 4.60e-06 1.00e+00 
6.20e+14 5.23e+14   26   15      0 4.41e-06 4.41e-06 4.41e-06 4.41e-06 4.41e-06 4.41e-06 1.00e+00 
6.48e+14 4.88e+14   26   16      0 4.24e-06 4.24e-06 4.24e-06 4.24e-06 4.24e-06 4.24e-06 1.00e+00 
6.75e+14 4.51e+14   26   17      0 4.09e-06 4.09e-06 4.09e-06 4.09e-06 4.09e-06 4.09e-06 1.00e+00 
6.99e+14 4.12e+14   26   18      0 3.97e-06 3.97e-06 3.97e-06 3.97e-06 3.97e-06 3.97e-06 1.00e+00 
7.21e+14 3.72e+14   26   19      0 3.87e-06 3.87e-06 3.87e-06 3.87e-06 3.87e-06 3.87e-06 1.00e+00 
7.40e+14 3.31e+14   26   20      0 3.80e-06 3.80e-06 3.80e-06 3.80e-06 3.80e-06 3.80e-06 1.00e+00 
7.58e+14 2.89e+14   26   21      0 3.77e-06 3.77e-06 3.77e-06 3.77e-06 3.77e-06 3.77e-06 1.00e+00 
7.73e+14 2.46e+14   26   22      1 0.00e+00 0.00e+00 0.00e+00 0.00e+00 0.00e+00 0.00e+00 0.00e+00 
7.86e+14 2.03e+14   26   23     -1 0.00e+00 0.00e+00 0.00e+00 0.00e+00 0.00e+00 0.00e+00 0.00e+00 
7.96e+14 1.58e+14   26   24     -1 0.00e+00 0.00e+00 0.00e+00 0.00e+00 0.00e+00 0.00e+00 0.00e+00 
8.03e+14 1.13e+14   26   25     -1 0.00e+00 0.00e+00 0.00e+00 0.00e+00 0.00e+00 0.00e+00 0.00e+00 
8.08e+14 6.82e+13   26   26     -1 0.00e+00 0.00e+00 0.00e+00 0.00e+00 0.00e+00 0.00e+00 0.00e+00 
8.11e+14 2.28e+13   26   27     -1 0.00e+00 0.00e+00 0.00e+00 0.00e+00 0.00e+00 0.00e+00 0.00e+00 
8.11e+14 4.97e-02   26   28     -1 0.00e+00 0.00e+00 0.00e+00 0.00e+00 0.00e+00 0.00e+00 0.00e+00 
8.11e+14 4.97e-02   26   29     -1 0.00e+00 0.00e+00 0.00e+00 0.00e+00 0.00e+00 0.00e+00 0.00e+00 
2.62e+13 9.34e+14   27    0     -1 0.00e+00 0.00e+00 0.00e+00 0.00e+00 0.00e+00 0.00e+00 0.00e+00 
7.85e+13 9.31e+14   27    1     -1 0.00e+00 0.00e+00 0.00e+00 0.00e+00 0.00e+00 0.00e+00 0.00e+00 
1.31e+14 9.25e+14   27    2     -1 0.00e+00 0.00e+00 0.00e+00 0.00e+00 0.00e+00 0.00e+00 0.00e+00 
1.82e+14 9.16e+14   27    3     -1 0.00e+00 0.00e+00 0.00e+00 0.00e+00 0.00e+00 0.00e+00 0.00e+00 
2.33e+14 9.05e+14   27    4     -1 0.00e+00 0.00e+00 0.00e+00 0.00e+00 0.00e+00 0.00e+00 0.00e+00 
2.84e+14 8.90e+14   27    5     -1 0.00e+00 0.00e+00 0.00e+00 0.00e+00 0.00e+00 0.00e+00 0.00e+00 
3.33e+14 8.73e+14   27    6     -1 0.00e+00 0.00e+00 0.00e+00 0.00e+00 0.00e+00 0.00e+00 0.00e+00 
3.82e+14 8.53e+14   27    7      1 0.00e+00 0.00e+00 0.00e+00 0.00e+00 0.00e+00 0.00e+00 0.00e+00 
4.29e+14 8.30e+14   27    8      0 7.80e-06 7.80e-06 7.80e-06 7.80e-06 7.80e-06 7.80e-06 1.00e+00 
4.75e+14 8.05e+14   27    9      0 7.37e-06 7.37e-06 7.37e-06 7.37e-06 7.37e-06 7.37e-06 1.00e+00 
5.19e+14 7.77e+14   27   10      0 6.98e-06 6.98e-06 6.98e-06 6.98e-06 6.98e-06 6.98e-06 1.00e+00 
5.62e+14 7.46e+14   27   11      0 6.65e-06 6.65e-06 6.65e-06 6.65e-06 6.65e-06 6.65e-06 1.00e+00 
6.03e+14 7.14e+14   27   12      0 6.35e-06 6.35e-06 6.35e-06 6.35e-06 6.35e-06 6.35e-06 1.00e+00 
6.42e+14 6.79e+14   27   13      0 6.08e-06 6.08e-06 6.08e-06 6.08e-06 6.08e-06 6.08e-06 1.00e+00 
6.79e+14 6.42e+14   27   14      0 5.84e-06 5.84e-06 5.84e-06 5.84e-06 5.84e-06 5.84e-06 1.00e+00 
7.14e+14 6.03e+14   27   15      0 5.63e-06 5.63e-06 5.63e-06 5.63e-06 5.63e-06 5.63e-06 1.00e+00 
7.46e+14 5.62e+14   27   16      0 5.45e-06 5.45e-06 5.45e-06 5.45e-06 5.45e-06 5.45e-06 1.00e+00 
7.77e+14 5.19e+14   27   17      0 5.30e-06 5.30e-06 5.30e-06 5.30e-06 5.30e-06 5.30e-06 1.00e+00 
8.05e+14 4.75e+14   27   18      0 5.18e-06 5.18e-06 5.18e-06 5.18e-06 5.18e-06 5.18e-06 1.00e+00 
8.30e+14 4.29e+14   27   19      0 5.09e-06 5.09e-06 5.09e-06 5.09e-06 5.09e-06 5.09e-06 1.00e+00 
8.53e+14 3.82e+14   27   20      0 5.06e-06 5.06e-06 5.06e-06 5.06e-06 5.06e-06 5.06e-06 1.00e+00 
8.73e+14 3.33e+14   27   21      0 5.09e-06 5.09e-06 5.09e-06 5.09e-06 5.09e-06 5.09e-06 1.00e+00 
8.90e+14 2.84e+14   27   22      1 0.00e+00 0.00e+00 0.00e+00 0.00e+00 0.00e+00 0.00e+00 0.00e+00 
9.05e+14 2.33e+14   27   23     -1 0.00e+00 0.00e+00 0.00e+00 0.00e+00 0.00e+00 0.00e+00 0.00e+00 
9.16e+14 1.82e+14   27   24     -1 0.00e+00 0.00e+00 0.00e+00 0.00e+00 0.00e+00 0.00e+00 0.00e+00 
9.25e+14 1.31e+14   27   25     -1 0.00e+00 0.00e+00 0.00e+00 0.00e+00 0.00e+00 0.00e+00 0.00e+00 
9.31e+14 7.85e+13   27   26     -1 0.00e+00 0.00e+00 0.00e+00 0.00e+00 0.00e+00 0.00e+00 0.00e+00 
9.34e+14 2.62e+13   27   27     -1 0.00e+00 0.00e+00 0.00e+00 0.00e+00 0.00e+00 0.00e+00 0.00e+00 
9.34e+14 5.72e-02   27   28     -1 0.00e+00 0.00e+00 0.00e+00 0.00e+00 0.00e+00 0.00e+00 0.00e+00 
9.34e+14 5.72e-02   27   29     -1 0.00e+00 0.00e+00 0.00e+00 0.00e+00 0.00e+00 0.00e+00 0.00e+00 
3.02e+13 1.08e+15   28    0     -1 0.00e+00 0.00e+00 0.00e+00 0.00e+00 0.00e+00 0.00e+00 0.00e+00 
9.04e+13 1.07e+15   28    1     -1 0.00e+00 0.00e+00 0.00e+00 0.00e+00 0.00e+00 0.00e+00 0.00e+00 
1.50e+14 1.07e+15   28    2     -1 0.00e+00 0.00e+00 0.00e+00 0.00e+00 0.00e+00 0.00e+00 0.00e+00 
2.10e+14 1.06e+15   28    3     -1 0.00e+00 0.00e+00 0.00e+00 0.00e+00 0.00e+00 0.00e+00 0.00e+00 
2.69e+14 1.04e+15   28    4     -1 0.00e+00 0.00e+00 0.00e+00 0.00e+00 0.00e+00 0.00e+00 0.00e+00 
3.27e+14 1.02e+15   28    5     -1 0.00e+00 0.00e+00 0.00e+00 0.00e+00 0.00e+00 0.00e+00 0.00e+00 
3.84e+14 1.01e+15   28    6     -1 0.00e+00 0.00e+00 0.00e+00 0.00e+00 0.00e+00 0.00e+00 0.00e+00 
4.39e+14 9.82e+14   28    7     -1 0.00e+00 0.00e+00 0.00e+00 0.00e+00 0.00e+00 0.00e+00 0.00e+00 
4.94e+14 9.56e+14   28    8     -1 0.00e+00 0.00e+00 0.00e+00 0.00e+00 0.00e+00 0.00e+00 0.00e+00 
5.47e+14 9.27e+14   28    9     -1 0.00e+00 0.00e+00 0.00e+00 0.00e+00 0.00e+00 0.00e+00 0.00e+00 
5.98e+14 8.94e+14   28   10     -1 0.00e+00 0.00e+00 0.00e+00 0.00e+00 0.00e+00 0.00e+00 0.00e+00 
6.47e+14 8.60e+14   28   11     -1 0.00e+00 0.00e+00 0.00e+00 0.00e+00 0.00e+00 0.00e+00 0.00e+00 
6.94e+14 8.22e+14   28   12     -1 0.00e+00 0.00e+00 0.00e+00 0.00e+00 0.00e+00 0.00e+00 0.00e+00 
7.39e+14 7.82e+14   28   13     -1 0.00e+00 0.00e+00 0.00e+00 0.00e+00 0.00e+00 0.00e+00 0.00e+00 
7.82e+14 7.39e+14   28   14     -1 0.00e+00 0.00e+00 0.00e+00 0.00e+00 0.00e+00 0.00e+00 0.00e+00 
8.22e+14 6.94e+14   28   15     -1 0.00e+00 0.00e+00 0.00e+00 0.00e+00 0.00e+00 0.00e+00 0.00e+00 
8.60e+14 6.47e+14   28   16     -1 0.00e+00 0.00e+00 0.00e+00 0.00e+00 0.00e+00 0.00e+00 0.00e+00 
8.94e+14 5.98e+14   28   17     -1 0.00e+00 0.00e+00 0.00e+00 0.00e+00 0.00e+00 0.00e+00 0.00e+00 
9.27e+14 5.47e+14   28   18     -1 0.00e+00 0.00e+00 0.00e+00 0.00e+00 0.00e+00 0.00e+00 0.00e+00 
9.56e+14 4.94e+14   28   19     -1 0.00e+00 0.00e+00 0.00e+00 0.00e+00 0.00e+00 0.00e+00 0.00e+00 
9.82e+14 4.39e+14   28   20     -1 0.00e+00 0.00e+00 0.00e+00 0.00e+00 0.00e+00 0.00e+00 0.00e+00 
1.01e+15 3.84e+14   28   21     -1 0.00e+00 0.00e+00 0.00e+00 0.00e+00 0.00e+00 0.00e+00 0.00e+00 
1.02e+15 3.27e+14   28   22     -1 0.00e+00 0.00e+00 0.00e+00 0.00e+00 0.00e+00 0.00e+00 0.00e+00 
1.04e+15 2.69e+14   28   23     -1 0.00e+00 0.00e+00 0.00e+00 0.00e+00 0.00e+00 0.00e+00 0.00e+00 
1.06e+15 2.10e+14   28   24     -1 0.00e+00 0.00e+00 0.00e+00 0.00e+00 0.00e+00 0.00e+00 0.00e+00 
1.07e+15 1.50e+14   28   25     -1 0.00e+00 0.00e+00 0.00e+00 0.00e+00 0.00e+00 0.00e+00 0.00e+00 
1.07e+15 9.04e+13   28   26     -1 0.00e+00 0.00e+00 0.00e+00 0.00e+00 0.00e+00 0.00e+00 0.00e+00 
1.08e+15 3.02e+13   28   27     -1 0.00e+00 0.00e+00 0.00e+00 0.00e+00 0.00e+00 0.00e+00 0.00e+00 
1.08e+15 6.59e-02   28   28     -1 0.00e+00 0.00e+00 0.00e+00 0.00e+00 0.00e+00 0.00e+00 0.00e+00 
1.08e+15 6.59e-02   28   29     -1 0.00e+00 0.00e+00 0.00e+00 0.00e+00 0.00e+00 0.00e+00 0.00e+00 
3.47e+13 1.24e+15   29    0     -1 0.00e+00 0.00e+00 0.00e+00 0.00e+00 0.00e+00 0.00e+00 0.00e+00 
1.04e+14 1.23e+15   29    1     -1 0.00e+00 0.00e+00 0.00e+00 0.00e+00 0.00e+00 0.00e+00 0.00e+00 
1.73e+14 1.23e+15   29    2     -1 0.00e+00 0.00e+00 0.00e+00 0.00e+00 0.00e+00 0.00e+00 0.00e+00 
2.42e+14 1.22e+15   29    3     -1 0.00e+00 0.00e+00 0.00e+00 0.00e+00 0.00e+00 0.00e+00 0.00e+00 
3.09e+14 1.20e+15   29    4     -1 0.00e+00 0.00e+00 0.00e+00 0.00e+00 0.00e+00 0.00e+00 0.00e+00 
3.76e+14 1.18e+15   29    5     -1 0.00e+00 0.00e+00 0.00e+00 0.00e+00 0.00e+00 0.00e+00 0.00e+00 
4.42e+14 1.16e+15   29    6     -1 0.00e+00 0.00e+00 0.00e+00 0.00e+00 0.00e+00 0.00e+00 0.00e+00 
5.06e+14 1.13e+15   29    7     -1 0.00e+00 0.00e+00 0.00e+00 0.00e+00 0.00e+00 0.00e+00 0.00e+00 
5.69e+14 1.10e+15   29    8     -1 0.00e+00 0.00e+00 0.00e+00 0.00e+00 0.00e+00 0.00e+00 0.00e+00 
6.29e+14 1.07e+15   29    9     -1 0.00e+00 0.00e+00 0.00e+00 0.00e+00 0.00e+00 0.00e+00 0.00e+00 
6.88e+14 1.03e+15   29   10     -1 0.00e+00 0.00e+00 0.00e+00 0.00e+00 0.00e+00 0.00e+00 0.00e+00 
7.45e+14 9.90e+14   29   11     -1 0.00e+00 0.00e+00 0.00e+00 0.00e+00 0.00e+00 0.00e+00 0.00e+00 
7.99e+14 9.47e+14   29   12     -1 0.00e+00 0.00e+00 0.00e+00 0.00e+00 0.00e+00 0.00e+00 0.00e+00 
8.51e+14 9.00e+14   29   13     -1 0.00e+00 0.00e+00 0.00e+00 0.00e+00 0.00e+00 0.00e+00 0.00e+00 
9.00e+14 8.51e+14   29   14     -1 0.00e+00 0.00e+00 0.00e+00 0.00e+00 0.00e+00 0.00e+00 0.00e+00 
9.47e+14 7.99e+14   29   15     -1 0.00e+00 0.00e+00 0.00e+00 0.00e+00 0.00e+00 0.00e+00 0.00e+00 
9.90e+14 7.45e+14   29   16     -1 0.00e+00 0.00e+00 0.00e+00 0.00e+00 0.00e+00 0.00e+00 0.00e+00 
1.03e+15 6.88e+14   29   17     -1 0.00e+00 0.00e+00 0.00e+00 0.00e+00 0.00e+00 0.00e+00 0.00e+00 
1.07e+15 6.29e+14   29   18     -1 0.00e+00 0.00e+00 0.00e+00 0.00e+00 0.00e+00 0.00e+00 0.00e+00 
1.10e+15 5.69e+14   29   19     -1 0.00e+00 0.00e+00 0.00e+00 0.00e+00 0.00e+00 0.00e+00 0.00e+00 
1.13e+15 5.06e+14   29   20     -1 0.00e+00 0.00e+00 0.00e+00 0.00e+00 0.00e+00 0.00e+00 0.00e+00 
1.16e+15 4.42e+14   29   21     -1 0.00e+00 0.00e+00 0.00e+00 0.00e+00 0.00e+00 0.00e+00 0.00e+00 
1.18e+15 3.76e+14   29   22     -1 0.00e+00 0.00e+00 0.00e+00 0.00e+00 0.00e+00 0.00e+00 0.00e+00 
1.20e+15 3.09e+14   29   23     -1 0.00e+00 0.00e+00 0.00e+00 0.00e+00 0.00e+00 0.00e+00 0.00e+00 
1.22e+15 2.42e+14   29   24     -1 0.00e+00 0.00e+00 0.00e+00 0.00e+00 0.00e+00 0.00e+00 0.00e+00 
1.23e+15 1.73e+14   29   25     -1 0.00e+00 0.00e+00 0.00e+00 0.00e+00 0.00e+00 0.00e+00 0.00e+00 
1.23e+15 1.04e+14   29   26     -1 0.00e+00 0.00e+00 0.00e+00 0.00e+00 0.00e+00 0.00e+00 0.00e+00 
1.24e+15 3.47e+13   29   27     -1 0.00e+00 0.00e+00 0.00e+00 0.00e+00 0.00e+00 0.00e+00 0.00e+00 
1.24e+15 7.59e-02   29   28     -1 0.00e+00 0.00e+00 0.00e+00 0.00e+00 0.00e+00 0.00e+00 0.00e+00 
1.24e+15 7.59e-02   29   29     -1 0.00e+00 0.00e+00 0.00e+00 0.00e+00 0.00e+00 0.00e+00 0.00e+00 
