        r      rcen    i inwind converge       v_x       v_y       v_z       vol       rho        ne       t_e       t_r        h1       he2        c4        n5        o6  dmo_dt_x  dmo_dt_y  dmo_dt_z        ip        xi      ntot      nrad    nioniz 
2.223e+13 2.260e+13    0     -1        0  5.65e+09  0.00e+00  0.00e+00  0.00e+00  0.00e+00  0.00e+00  0.00e+00  0.00e+00  0.00e+00  0.00e+00  0.00e+00  0.00e+00  0.00e+00  0.00e+00  0.00e+00  0.00e+00  0.00e+00  0.00e+00  0.00e+00  0.00e+00  0.00e+00 
2.296e+13 2.333e+13    1      0        0  5.48e+09  0.00e+00  0.00e+00  5.18e+39  2.83e-12  1.45e+12  2.64e+05  1.77e+05  4.44e-11  9.20e-11  0.00e+00  0.00e+00  5.46e-08 -6.13e+33  4.31e+32 -3.25e+33  9.88e+05  2.71e+07  1.48e+07  0.00e+00  1.44e+07 
2.370e+13 2.409e+13    2      0        0  5.29e+09  0.00e+00  0.00e+00  5.70e+39  2.76e-12  1.42e+12  2.62e+05  1.74e+05  3.37e-11  8.32e-11  0.00e+00  0.00e+00  6.17e-08 -6.53e+33 -5.31e+32 -3.84e+33  9.83e+05  2.66e+07  1.53e+07  0.00e+00  1.49e+07 
2.447e+13 2.487e+13    3      0        0  5.10e+09  0.00e+00  0.00e+00  6.26e+39  2.70e-12  1.38e+12  2.60e+05  1.72e+05  4.20e-11  7.48e-11  0.00e+00  0.00e+00  6.61e-08 -6.49e+33 -1.76e+32 -4.37e+33  9.78e+05  2.60e+07  1.58e+07  0.00e+00  1.53e+07 
2.527e+13 2.568e+13    4      0        0  4.92e+09  0.00e+00  0.00e+00  6.89e+39  2.63e-12  1.35e+12  2.58e+05  1.71e+05  4.55e-11  8.25e-11  0.00e+00  0.00e+00  7.01e-08 -6.30e+33 -3.17e+32 -3.69e+33  9.71e+05  2.59e+07  1.63e+07  0.00e+00  1.58e+07 
2.609e+13 2.651e+13    5      0        0  4.74e+09  0.00e+00  0.00e+00  7.57e+39  2.57e-12  1.32e+12  2.56e+05  1.70e+05  4.55e-11  5.30e-11  0.00e+00  0.00e+00  7.40e-08 -8.70e+33  1.17e+32 -5.38e+33  9.66e+05  2.54e+07  1.69e+07  0.00e+00  1.64e+07 
2.693e+13 2.737e+13    6      0        0  4.57e+09  0.00e+00  0.00e+00  8.33e+39  2.51e-12  1.29e+12  2.54e+05  1.68e+05  4.22e-11  7.04e-11  0.00e+00  0.00e+00  7.77e-08 -6.85e+33 -2.21e+32 -4.17e+33  9.62e+05  2.51e+07  1.74e+07  0.00e+00  1.69e+07 
2.781e+13 2.826e+13    7      0        0  4.40e+09  0.00e+00  0.00e+00  9.16e+39  2.45e-12  1.26e+12  2.52e+05  1.68e+05  4.23e-11  8.75e-11  0.00e+00  0.00e+00  8.11e-08 -8.17e+33  4.77e+31 -5.51e+33  9.57e+05  2.53e+07  1.80e+07  0.00e+00  1.75e+07 
2.871e+13 2.918e+13    8      0        0  4.23e+09  0.00e+00  0.00e+00  1.01e+40  2.39e-12  1.23e+12  2.50e+05  1.67e+05  4.56e-11  7.08e-11  0.00e+00  0.00e+00  8.45e-08 -7.42e+33  1.61e+32 -4.66e+33  9.54e+05  2.49e+07  1.87e+07  0.00e+00  1.81e+07 
2.964e+13 3.012e+13    9      0        0  4.06e+09  0.00e+00  0.00e+00  1.11e+40  2.33e-12  1.19e+12  2.48e+05  1.66e+05  4.64e-11  7.13e-11  0.00e+00  0.00e+00  8.81e-08 -8.38e+33 -1.98e+32 -3.82e+33  9.50e+05  2.50e+07  1.93e+07  0.00e+00  1.87e+07 
3.061e+13 3.110e+13   10      0        0  3.89e+09  0.00e+00  0.00e+00  1.22e+40  2.27e-12  1.16e+12  2.46e+05  1.65e+05  4.55e-11  7.85e-11  0.00e+00  0.00e+00  9.23e-08 -8.02e+33  7.06e+32 -6.06e+33  9.47e+05  2.48e+07  1.99e+07  0.00e+00  1.93e+07 
3.160e+13 3.211e+13   11      0        0  3.73e+09  0.00e+00  0.00e+00  1.34e+40  2.20e-12  1.13e+12  2.44e+05  1.64e+05  4.52e-11  7.58e-11  0.00e+00  0.00e+00  9.68e-08 -9.16e+33 -2.74e+32 -5.34e+33  9.44e+05  2.44e+07  2.06e+07  0.00e+00  1.99e+07 
3.262e+13 3.315e+13   12      0        0  3.58e+09  0.00e+00  0.00e+00  1.47e+40  2.13e-12  1.09e+12  2.41e+05  1.63e+05  4.58e-11  7.91e-11  0.00e+00  0.00e+00  1.02e-07 -8.93e+33 -6.02e+32 -6.80e+33  9.39e+05  2.40e+07  2.12e+07  0.00e+00  2.05e+07 
3.368e+13 3.423e+13   13      0        0  3.45e+09  0.00e+00  0.00e+00  1.62e+40  2.07e-12  1.06e+12  2.39e+05  1.61e+05  5.21e-11  9.29e-11  0.00e+00  0.00e+00  1.08e-07 -1.10e+34 -3.77e+32 -7.18e+33  9.33e+05  2.40e+07  2.18e+07  0.00e+00  2.10e+07 
3.478e+13 3.534e+13   14      0        0  3.31e+09  0.00e+00  0.00e+00  1.78e+40  2.00e-12  1.02e+12  2.36e+05  1.60e+05  4.70e-11  8.10e-11  0.00e+00  0.00e+00  1.14e-07 -1.11e+34 -3.61e+32 -7.23e+33  9.28e+05  2.37e+07  2.23e+07  0.00e+00  2.15e+07 
3.591e+13 3.649e+13   15      0        0  3.18e+09  0.00e+00  0.00e+00  1.96e+40  1.93e-12  9.89e+11  2.33e+05  1.59e+05  5.13e-11  8.64e-11  0.00e+00  0.00e+00  1.22e-07 -1.16e+34  5.94e+32 -7.09e+33  9.22e+05  2.31e+07  2.28e+07  0.00e+00  2.20e+07 
3.707e+13 3.767e+13   16      0        0  3.06e+09  0.00e+00  0.00e+00  2.16e+40  1.86e-12  9.52e+11  2.30e+05  1.58e+05  4.41e-11  1.02e-10  0.00e+00  0.00e+00  1.30e-07 -1.17e+34  4.08e+32 -7.86e+33  9.16e+05  2.29e+07  2.33e+07  0.00e+00  2.24e+07 
3.828e+13 3.890e+13   17      0        0  2.95e+09  0.00e+00  0.00e+00  2.37e+40  1.78e-12  9.14e+11  2.27e+05  1.57e+05  4.72e-11  9.50e-11  0.00e+00  0.00e+00  1.39e-07 -1.36e+34 -4.45e+32 -8.90e+33  9.09e+05  2.25e+07  2.37e+07  0.00e+00  2.28e+07 
3.952e+13 4.016e+13   18      0        0  2.85e+09  0.00e+00  0.00e+00  2.61e+40  1.71e-12  8.75e+11  2.24e+05  1.55e+05  4.77e-11  9.24e-11  0.00e+00  0.00e+00  1.49e-07 -1.45e+34 -3.46e+32 -9.07e+33  9.02e+05  2.22e+07  2.41e+07  0.00e+00  2.31e+07 
4.080e+13 4.146e+13   19      0        0  2.75e+09  0.00e+00  0.00e+00  2.87e+40  1.63e-12  8.36e+11  2.20e+05  1.54e+05  4.44e-11  7.43e-11  0.00e+00  0.00e+00  1.60e-07 -1.57e+34 -2.14e+32 -1.00e+34  8.94e+05  2.19e+07  2.44e+07  0.00e+00  2.34e+07 
4.213e+13 4.281e+13   20      0        0  2.67e+09  0.00e+00  0.00e+00  3.16e+40  1.56e-12  7.98e+11  2.17e+05  1.53e+05  3.51e-11  7.92e-11  0.00e+00  0.00e+00  1.74e-07 -1.65e+34  4.77e+32 -1.01e+34  8.84e+05  2.15e+07  2.46e+07  0.00e+00  2.36e+07 
4.350e+13 4.420e+13   21      0        0  2.60e+09  0.00e+00  0.00e+00  3.48e+40  1.49e-12  7.61e+11  2.13e+05  1.51e+05  3.45e-11  7.49e-11  0.00e+00  0.00e+00  1.89e-07 -1.58e+34  2.45e+32 -1.09e+34  8.74e+05  2.11e+07  2.48e+07  0.00e+00  2.37e+07 
4.491e+13 4.564e+13   22      0        0  2.53e+09  0.00e+00  0.00e+00  3.83e+40  1.41e-12  7.23e+11  2.09e+05  1.50e+05  5.03e-11  9.69e-11  0.00e+00  0.00e+00  2.06e-07 -1.72e+34 -4.32e+32 -9.61e+33  8.64e+05  2.08e+07  2.50e+07  0.00e+00  2.38e+07 
4.637e+13 4.712e+13   23      0        0  2.47e+09  0.00e+00  0.00e+00  4.21e+40  1.34e-12  6.86e+11  2.06e+05  1.48e+05  5.21e-11  9.86e-11  0.00e+00  0.00e+00  2.25e-07 -1.67e+34  2.11e+32 -1.02e+34  8.55e+05  2.02e+07  2.51e+07  0.00e+00  2.39e+07 
4.787e+13 4.865e+13   24      0        0  2.42e+09  0.00e+00  0.00e+00  4.64e+40  1.27e-12  6.50e+11  2.02e+05  1.47e+05  4.18e-11  1.01e-10  0.00e+00  0.00e+00  2.46e-07 -1.74e+34  9.22e+31 -1.09e+34  8.43e+05  1.99e+07  2.51e+07  0.00e+00  2.39e+07 
4.942e+13 5.023e+13   25      0        0  2.37e+09  0.00e+00  0.00e+00  5.10e+40  1.20e-12  6.17e+11  1.98e+05  1.45e+05  5.42e-11  9.62e-11  0.00e+00  0.00e+00  2.69e-07 -1.78e+34  1.89e+32 -1.18e+34  8.31e+05  1.94e+07  2.51e+07  0.00e+00  2.38e+07 
5.103e+13 5.186e+13   26      0        0  2.34e+09  0.00e+00  0.00e+00  5.62e+40  1.14e-12  5.86e+11  1.95e+05  1.44e+05  5.24e-11  1.01e-10  0.00e+00  0.00e+00  2.98e-07 -1.80e+34  1.30e+32 -1.16e+34  8.17e+05  1.88e+07  2.51e+07  0.00e+00  2.38e+07 
5.269e+13 5.354e+13   27      0        0  2.30e+09  0.00e+00  0.00e+00  6.18e+40  1.09e-12  5.56e+11  1.91e+05  1.42e+05  5.26e-11  8.14e-11  0.00e+00  0.00e+00  3.30e-07 -1.82e+34  8.63e+32 -1.14e+34  8.02e+05  1.85e+07  2.51e+07  0.00e+00  2.37e+07 
5.440e+13 5.528e+13   28      0        0  2.26e+09  0.00e+00  0.00e+00  6.80e+40  1.03e-12  5.28e+11  1.88e+05  1.41e+05  5.48e-11  9.88e-11  0.00e+00  0.00e+00  3.66e-07 -1.80e+34  1.22e+32 -1.15e+34  7.85e+05  1.79e+07  2.50e+07  0.00e+00  2.36e+07 
5.616e+13 5.708e+13   29      0        0  2.24e+09  0.00e+00  0.00e+00  7.49e+40  9.80e-13  5.02e+11  1.84e+05  1.39e+05  5.76e-11  9.75e-11  0.00e+00  0.00e+00  4.07e-07 -1.72e+34 -2.74e+32 -1.10e+34  7.68e+05  1.73e+07  2.49e+07  0.00e+00  2.34e+07 
5.799e+13 5.893e+13   30      0        0  2.22e+09  0.00e+00  0.00e+00  8.24e+40  9.30e-13  4.76e+11  1.81e+05  1.38e+05  5.51e-11  9.02e-11  0.00e+00  0.00e+00  4.52e-07 -1.75e+34 -5.11e+32 -1.10e+34  7.51e+05  1.68e+07  2.48e+07  0.00e+00  2.32e+07 
5.987e+13 6.084e+13   31      0        0  2.20e+09  0.00e+00  0.00e+00  9.07e+40  8.84e-13  4.53e+11  1.77e+05  1.36e+05  4.42e-11  8.55e-11  0.00e+00  0.00e+00  5.07e-07 -1.78e+34  2.69e+32 -1.10e+34  7.33e+05  1.62e+07  2.46e+07  0.00e+00  2.30e+07 
6.181e+13 6.282e+13   32      0        0  2.18e+09  0.00e+00  0.00e+00  9.98e+40  8.39e-13  4.30e+11  1.74e+05  1.35e+05  5.16e-11  8.17e-11  0.00e+00  0.00e+00  5.70e-07 -1.80e+34 -7.60e+32 -1.16e+34  7.15e+05  1.57e+07  2.45e+07  0.00e+00  2.28e+07 
6.382e+13 6.486e+13   33      0        0  2.16e+09  0.00e+00  0.00e+00  1.10e+41  7.96e-13  4.08e+11  1.70e+05  1.33e+05  5.32e-11  8.93e-11  0.00e+00  0.00e+00  6.38e-07 -1.71e+34  2.30e+32 -1.08e+34  6.96e+05  1.51e+07  2.43e+07  0.00e+00  2.26e+07 
6.589e+13 6.696e+13   34      0        0  2.16e+09  0.00e+00  0.00e+00  1.21e+41  7.55e-13  3.87e+11  1.67e+05  1.32e+05  4.63e-11  1.19e-10  0.00e+00  0.00e+00  7.13e-07 -1.62e+34  1.31e+31 -1.04e+34  6.78e+05  1.46e+07  2.40e+07  0.00e+00  2.23e+07 
6.803e+13 6.914e+13   35      0        0  2.16e+09  0.00e+00  0.00e+00  1.33e+41  7.16e-13  3.67e+11  1.64e+05  1.31e+05  5.30e-11  9.16e-11  0.00e+00  0.00e+00  8.00e-07 -1.69e+34 -2.96e+32 -1.07e+34  6.61e+05  1.43e+07  2.38e+07  0.00e+00  2.20e+07 
7.024e+13 7.138e+13   36      0        0  2.15e+09  0.00e+00  0.00e+00  1.46e+41  6.79e-13  3.48e+11  1.61e+05  1.29e+05  5.89e-11  9.57e-11  0.00e+00  0.00e+00  9.02e-07 -1.64e+34  1.13e+32 -9.62e+33  6.43e+05  1.37e+07  2.36e+07  0.00e+00  2.18e+07 
7.252e+13 7.370e+13   37      0        0  2.15e+09  0.00e+00  0.00e+00  1.61e+41  6.44e-13  3.30e+11  1.58e+05  1.28e+05  5.82e-11  1.27e-10  0.00e+00  0.00e+00  1.01e-06 -1.62e+34  6.49e+32 -1.02e+34  6.26e+05  1.32e+07  2.34e+07  0.00e+00  2.15e+07 
7.488e+13 7.609e+13   38      0        0  2.16e+09  0.00e+00  0.00e+00  1.77e+41  6.10e-13  3.13e+11  1.55e+05  1.26e+05  5.70e-11  1.01e-10  0.00e+00  0.00e+00  1.14e-06 -1.48e+34 -6.46e+32 -9.97e+33  6.08e+05  1.28e+07  2.31e+07  0.00e+00  2.12e+07 
7.731e+13 7.856e+13   39      0        0  2.16e+09  0.00e+00  0.00e+00  1.95e+41  5.79e-13  2.96e+11  1.52e+05  1.25e+05  5.87e-11  1.12e-10  0.00e+00  0.00e+00  1.27e-06 -1.52e+34  1.34e+32 -1.02e+34  5.91e+05  1.22e+07  2.29e+07  0.00e+00  2.09e+07 
7.982e+13 8.111e+13   40      0        0  2.17e+09  0.00e+00  0.00e+00  2.15e+41  5.49e-13  2.81e+11  1.50e+05  1.24e+05  6.11e-11  1.15e-10  0.00e+00  0.00e+00  1.43e-06 -1.48e+34  8.03e+31 -9.02e+33  5.75e+05  1.18e+07  2.27e+07  0.00e+00  2.06e+07 
8.241e+13 8.375e+13   41      0        0  2.17e+09  0.00e+00  0.00e+00  2.36e+41  5.21e-13  2.67e+11  1.47e+05  1.22e+05  5.95e-11  1.41e-10  0.00e+00  0.00e+00  1.60e-06 -1.43e+34 -6.80e+32 -9.81e+33  5.58e+05  1.13e+07  2.24e+07  0.00e+00  2.04e+07 
8.508e+13 8.647e+13   42      0        0  2.18e+09  0.00e+00  0.00e+00  2.60e+41  4.93e-13  2.53e+11  1.44e+05  1.21e+05  5.47e-11  1.01e-10  0.00e+00  0.00e+00  1.81e-06 -1.38e+34  3.37e+32 -8.50e+33  5.43e+05  1.09e+07  2.22e+07  0.00e+00  2.01e+07 
8.785e+13 8.927e+13   43      0        0  2.19e+09  0.00e+00  0.00e+00  2.86e+41  4.68e-13  2.40e+11  1.42e+05  1.20e+05  5.10e-11  1.52e-10  0.00e+00  0.00e+00  2.03e-06 -1.38e+34 -4.32e+32 -8.31e+33  5.27e+05  1.07e+07  2.20e+07  0.00e+00  1.98e+07 
9.070e+13 9.217e+13   44      0        0  2.20e+09  0.00e+00  0.00e+00  3.15e+41  4.44e-13  2.27e+11  1.39e+05  1.18e+05  6.32e-11  1.08e-10  0.00e+00  0.00e+00  2.28e-06 -1.36e+34  6.39e+31 -8.76e+33  5.12e+05  1.03e+07  2.18e+07  0.00e+00  1.95e+07 
9.364e+13 9.516e+13   45      0        0  2.21e+09  0.00e+00  0.00e+00  3.47e+41  4.21e-13  2.15e+11  1.37e+05  1.17e+05  5.91e-11  1.58e-10  0.00e+00  0.00e+00  2.55e-06 -1.39e+34  2.37e+32 -8.71e+33  4.99e+05  9.94e+06  2.16e+07  0.00e+00  1.93e+07 
9.668e+13 9.825e+13   46      0        0  2.22e+09  0.00e+00  0.00e+00  3.82e+41  3.98e-13  2.04e+11  1.35e+05  1.16e+05  5.42e-11  1.16e-10  0.00e+00  0.00e+00  2.87e-06 -1.28e+34 -3.49e+32 -8.20e+33  4.86e+05  9.60e+06  2.14e+07  0.00e+00  1.90e+07 
9.982e+13 1.014e+14   47      0        0  2.23e+09  0.00e+00  0.00e+00  4.20e+41  3.77e-13  1.93e+11  1.32e+05  1.15e+05  6.65e-11  1.35e-10  0.00e+00  0.00e+00  3.25e-06 -1.17e+34  2.19e+32 -7.66e+33  4.72e+05  9.16e+06  2.12e+07  0.00e+00  1.88e+07 
1.031e+14 1.047e+14   48      0        0  2.24e+09  0.00e+00  0.00e+00  4.63e+41  3.59e-13  1.84e+11  1.30e+05  1.13e+05  4.28e-11  1.42e-10  0.00e+00  0.00e+00  3.61e-06 -1.24e+34 -1.18e+32 -8.01e+33  4.58e+05  8.83e+06  2.10e+07  0.00e+00  1.85e+07 
1.064e+14 1.081e+14   49      0        0  2.26e+09  0.00e+00  0.00e+00  5.09e+41  3.41e-13  1.75e+11  1.28e+05  1.12e+05  4.22e-11  1.78e-10  0.00e+00  0.00e+00  4.07e-06 -1.17e+34 -5.87e+32 -7.50e+33  4.45e+05  8.54e+06  2.08e+07  0.00e+00  1.83e+07 
1.099e+14 1.116e+14   50      0        0  2.26e+09  0.00e+00  0.00e+00  5.60e+41  3.24e-13  1.66e+11  1.26e+05  1.11e+05  6.94e-11  1.50e-10  0.00e+00  0.00e+00  4.59e-06 -1.20e+34 -5.32e+32 -7.21e+33  4.32e+05  8.23e+06  2.06e+07  0.00e+00  1.81e+07 
1.134e+14 1.153e+14   51      0        0  2.27e+09  0.00e+00  0.00e+00  6.17e+41  3.08e-13  1.58e+11  1.24e+05  1.10e+05  5.69e-11  1.82e-10  0.00e+00  0.00e+00  5.13e-06 -1.12e+34  3.74e+32 -7.39e+33  4.20e+05  8.07e+06  2.05e+07  0.00e+00  1.79e+07 
1.171e+14 1.190e+14   52      0        0  2.28e+09  0.00e+00  0.00e+00  6.79e+41  2.93e-13  1.50e+11  1.22e+05  1.09e+05  5.32e-11  1.64e-10  0.00e+00  0.00e+00  5.84e-06 -1.12e+34 -2.57e+32 -7.48e+33  4.07e+05  7.78e+06  2.03e+07  0.00e+00  1.76e+07 
1.209e+14 1.229e+14   53      0        0  2.29e+09  0.00e+00  0.00e+00  7.47e+41  2.79e-13  1.43e+11  1.20e+05  1.08e+05  4.99e-11  2.13e-10  0.00e+00  0.00e+00  6.47e-06 -1.07e+34  1.34e+32 -6.55e+33  3.95e+05  7.32e+06  2.01e+07  0.00e+00  1.74e+07 
1.248e+14 1.269e+14   54      0        0  2.30e+09  0.00e+00  0.00e+00  8.22e+41  2.65e-13  1.36e+11  1.18e+05  1.07e+05  5.69e-11  2.01e-10  0.00e+00  0.00e+00  7.08e-06 -1.07e+34 -1.26e+32 -6.38e+33  3.83e+05  7.07e+06  2.00e+07  0.00e+00  1.72e+07 
1.289e+14 1.310e+14   55      0        0  2.30e+09  0.00e+00  0.00e+00  9.05e+41  2.52e-13  1.29e+11  1.17e+05  1.06e+05  5.90e-11  2.24e-10  0.00e+00  0.00e+00  7.98e-06 -1.08e+34 -1.44e+32 -6.49e+33  3.72e+05  6.91e+06  1.98e+07  0.00e+00  1.70e+07 
1.331e+14 1.352e+14   56      0        0  2.31e+09  0.00e+00  0.00e+00  9.96e+41  2.40e-13  1.23e+11  1.15e+05  1.05e+05  6.49e-11  2.40e-10  0.00e+00  0.00e+00  8.80e-06 -1.02e+34  3.25e+31 -7.49e+33  3.61e+05  6.63e+06  1.97e+07  0.00e+00  1.68e+07 
1.374e+14 1.396e+14   57      0        0  2.32e+09  0.00e+00  0.00e+00  1.10e+42  2.27e-13  1.16e+11  1.13e+05  1.04e+05  5.59e-11  2.51e-10  0.00e+00  0.00e+00  9.67e-06 -9.77e+33  8.88e+31 -6.45e+33  3.52e+05  6.35e+06  1.95e+07  0.00e+00  1.66e+07 
1.419e+14 1.442e+14   58      0        0  2.32e+09  0.00e+00  0.00e+00  1.21e+42  2.15e-13  1.10e+11  1.12e+05  1.03e+05  5.97e-11  2.77e-10  0.00e+00  0.00e+00  1.07e-05 -9.46e+33 -3.67e+31 -5.81e+33  3.44e+05  6.19e+06  1.94e+07  0.00e+00  1.65e+07 
1.465e+14 1.488e+14   59      0        0  2.32e+09  0.00e+00  0.00e+00  1.33e+42  2.03e-13  1.04e+11  1.10e+05  1.02e+05  7.26e-11  2.72e-10  0.00e+00  0.00e+00  1.18e-05 -8.95e+33  2.85e+31 -5.58e+33  3.37e+05  6.08e+06  1.93e+07  0.00e+00  1.63e+07 
1.512e+14 1.537e+14   60      0        0  2.32e+09  0.00e+00  0.00e+00  1.46e+42  1.92e-13  9.82e+10  1.08e+05  1.01e+05  6.39e-11  2.91e-10  0.00e+00  0.00e+00  1.32e-05 -8.92e+33 -2.08e+32 -5.76e+33  3.31e+05  5.93e+06  1.92e+07  0.00e+00  1.62e+07 
1.561e+14 1.587e+14   61      0        0  2.32e+09  0.00e+00  0.00e+00  1.61e+42  1.82e-13  9.31e+10  1.07e+05  1.00e+05  5.92e-11  3.15e-10  0.00e+00  0.00e+00  1.44e-05 -8.59e+33 -4.27e+32 -5.36e+33  3.24e+05  5.81e+06  1.91e+07  0.00e+00  1.60e+07 
1.612e+14 1.638e+14   62      0        0  2.31e+09  0.00e+00  0.00e+00  1.77e+42  1.72e-13  8.83e+10  1.06e+05  9.93e+04  6.19e-11  3.57e-10  0.00e+00  0.00e+00  1.58e-05 -8.97e+33 -1.40e+32 -5.69e+33  3.16e+05  5.66e+06  1.91e+07  0.00e+00  1.59e+07 
1.664e+14 1.691e+14   63      0        0  2.30e+09  0.00e+00  0.00e+00  1.95e+42  1.64e-13  8.39e+10  1.04e+05  9.85e+04  5.77e-11  3.62e-10  0.00e+00  0.00e+00  1.76e-05 -8.55e+33 -2.69e+32 -5.12e+33  3.09e+05  5.45e+06  1.90e+07  0.00e+00  1.58e+07 
1.718e+14 1.746e+14   64      0        0  2.29e+09  0.00e+00  0.00e+00  2.14e+42  1.56e-13  7.97e+10  1.03e+05  9.77e+04  6.17e-11  3.79e-10  0.00e+00  0.00e+00  1.92e-05 -8.17e+33  9.29e+31 -5.14e+33  3.03e+05  5.32e+06  1.90e+07  0.00e+00  1.57e+07 
1.774e+14 1.803e+14   65      0        0  2.29e+09  0.00e+00  0.00e+00  2.36e+42  1.48e-13  7.57e+10  1.02e+05  9.70e+04  5.90e-11  4.01e-10  0.00e+00  0.00e+00  2.12e-05 -8.11e+33 -4.50e+30 -5.22e+33  2.96e+05  5.19e+06  1.90e+07  0.00e+00  1.56e+07 
1.832e+14 1.862e+14   66      0        0  2.28e+09  0.00e+00  0.00e+00  2.60e+42  1.41e-13  7.22e+10  1.01e+05  9.62e+04  5.64e-11  4.32e-10  0.00e+00  0.00e+00  2.35e-05 -8.05e+33  2.65e+32 -4.80e+33  2.89e+05  5.04e+06  1.89e+07  0.00e+00  1.55e+07 
1.891e+14 1.922e+14   67      0        0  2.27e+09  0.00e+00  0.00e+00  2.86e+42  1.34e-13  6.88e+10  9.94e+04  9.55e+04  6.49e-11  4.69e-10  0.00e+00  0.00e+00  2.50e-05 -7.63e+33 -1.75e+32 -4.76e+33  2.82e+05  4.90e+06  1.89e+07  0.00e+00  1.55e+07 
1.953e+14 1.984e+14   68      0        0  2.25e+09  0.00e+00  0.00e+00  3.15e+42  1.28e-13  6.57e+10  9.83e+04  9.49e+04  6.52e-11  5.11e-10  0.00e+00  0.00e+00  2.78e-05 -7.45e+33 -3.24e+31 -4.71e+33  2.75e+05  4.77e+06  1.89e+07  0.00e+00  1.54e+07 
2.016e+14 2.049e+14   69      0        0  2.24e+09  0.00e+00  0.00e+00  3.46e+42  1.22e-13  6.26e+10  9.72e+04  9.42e+04  5.51e-11  5.43e-10  0.00e+00  0.00e+00  3.04e-05 -7.01e+33  1.27e+32 -4.41e+33  2.69e+05  4.64e+06  1.89e+07  0.00e+00  1.54e+07 
2.082e+14 2.115e+14   70      0        0  2.22e+09  0.00e+00  0.00e+00  3.81e+42  1.17e-13  5.99e+10  9.62e+04  9.36e+04  6.57e-11  5.90e-10  0.00e+00  0.00e+00  3.36e-05 -7.69e+33  1.51e+32 -4.65e+33  2.63e+05  4.51e+06  1.89e+07  0.00e+00  1.53e+07 
2.149e+14 2.184e+14   71      0        0  2.20e+09  0.00e+00  0.00e+00  4.19e+42  1.12e-13  5.71e+10  9.51e+04  9.30e+04  6.97e-11  6.14e-10  0.00e+00  0.00e+00  3.64e-05 -7.08e+33  3.97e+31 -4.54e+33  2.57e+05  4.35e+06  1.89e+07  0.00e+00  1.53e+07 
2.219e+14 2.255e+14   72      0        0  2.17e+09  0.00e+00  0.00e+00  4.62e+42  1.07e-13  5.48e+10  9.41e+04  9.24e+04  7.53e-11  6.66e-10  0.00e+00  0.00e+00  4.02e-05 -6.98e+33  1.76e+32 -4.41e+33  2.50e+05  4.23e+06  1.90e+07  0.00e+00  1.52e+07 
2.291e+14 2.328e+14   73      0        0  2.16e+09  0.00e+00  0.00e+00  5.08e+42  1.02e-13  5.24e+10  9.32e+04  9.18e+04  7.40e-11  7.16e-10  0.00e+00  0.00e+00  4.38e-05 -6.99e+33 -9.18e+30 -4.47e+33  2.45e+05  4.12e+06  1.90e+07  0.00e+00  1.52e+07 
2.365e+14 2.404e+14   74      0        0  2.14e+09  0.00e+00  0.00e+00  5.59e+42  9.84e-14  5.04e+10  9.23e+04  9.13e+04  7.01e-11  7.74e-10  0.00e+00  0.00e+00  4.83e-05 -6.77e+33 -1.20e+32 -4.55e+33  2.38e+05  3.98e+06  1.90e+07  0.00e+00  1.52e+07 
2.442e+14 2.482e+14   75      0        0  2.11e+09  0.00e+00  0.00e+00  6.15e+42  9.44e-14  4.83e+10  9.15e+04  9.08e+04  6.79e-11  8.25e-10  0.00e+00  0.00e+00  5.15e-05 -7.05e+33  1.44e+32 -4.49e+33  2.32e+05  3.89e+06  1.91e+07  0.00e+00  1.52e+07 
2.521e+14 2.562e+14   76      0        0  2.07e+09  0.00e+00  0.00e+00  6.77e+42  9.11e-14  4.66e+10  9.05e+04  9.03e+04  6.67e-11  8.76e-10  0.00e+00  0.00e+00  5.67e-05 -6.77e+33  7.50e+31 -4.32e+33  2.25e+05  3.74e+06  1.91e+07  0.00e+00  1.51e+07 
2.603e+14 2.646e+14   77      0        0  2.04e+09  0.00e+00  0.00e+00  7.45e+42  8.85e-14  4.53e+10  8.97e+04  8.98e+04  7.74e-11  9.47e-10  0.00e+00  0.00e+00  5.95e-05 -6.60e+33  6.91e+31 -4.67e+33  2.16e+05  3.60e+06  1.91e+07  0.00e+00  1.51e+07 
2.688e+14 2.731e+14   78      0        0  2.02e+09  0.00e+00  0.00e+00  8.20e+42  8.58e-14  4.39e+10  8.89e+04  8.94e+04  7.63e-11  1.04e-09  0.00e+00  0.00e+00  6.69e-05 -6.84e+33 -2.64e+32 -4.55e+33  2.08e+05  3.46e+06  1.92e+07  0.00e+00  1.51e+07 
2.775e+14 2.820e+14   79      0        0  1.99e+09  0.00e+00  0.00e+00  9.03e+42  8.35e-14  4.27e+10  8.81e+04  8.89e+04  6.72e-11  1.12e-09  0.00e+00  0.00e+00  7.30e-05 -7.12e+33  1.46e+32 -4.27e+33  2.00e+05  3.34e+06  1.92e+07  0.00e+00  1.51e+07 
2.865e+14 2.912e+14   80      0        0  1.96e+09  0.00e+00  0.00e+00  9.93e+42  8.09e-14  4.14e+10  8.73e+04  8.85e+04  6.93e-11  1.21e-09  0.00e+00  0.00e+00  7.63e-05 -6.90e+33 -3.50e+32 -4.48e+33  1.93e+05  3.20e+06  1.92e+07  0.00e+00  1.50e+07 
2.958e+14 3.006e+14   81      0        0  1.93e+09  0.00e+00  0.00e+00  1.09e+43  7.97e-14  4.08e+10  8.65e+04  8.81e+04  7.58e-11  1.32e-09  0.00e+00  0.00e+00  8.50e-05 -6.82e+33  1.27e+32 -4.69e+33  1.82e+05  3.01e+06  1.91e+07  0.00e+00  1.49e+07 
3.054e+14 3.104e+14   82      0        0  1.90e+09  0.00e+00  0.00e+00  1.20e+43  7.82e-14  4.01e+10  8.57e+04  8.76e+04  8.24e-11  1.46e-09  0.00e+00  0.00e+00  9.31e-05 -6.99e+33  4.33e+32 -4.27e+33  1.73e+05  2.85e+06  1.91e+07  0.00e+00  1.48e+07 
3.153e+14 3.205e+14   83      0        0  1.88e+09  0.00e+00  0.00e+00  1.32e+43  7.73e-14  3.96e+10  8.48e+04  8.72e+04  8.09e-11  1.62e-09  0.00e+00  0.00e+00  1.04e-04 -7.06e+33  4.21e+31 -4.81e+33  1.63e+05  2.68e+06  1.90e+07  0.00e+00  1.47e+07 
3.256e+14 3.309e+14   84      0        0  1.84e+09  0.00e+00  0.00e+00  1.46e+43  7.63e-14  3.91e+10  8.40e+04  8.68e+04  8.18e-11  1.80e-09  0.00e+00  0.00e+00  1.21e-04 -7.74e+33  6.69e+31 -5.01e+33  1.52e+05  2.49e+06  1.88e+07  0.00e+00  1.45e+07 
3.362e+14 3.416e+14   85      0        0  1.80e+09  0.00e+00  0.00e+00  1.60e+43  7.56e-14  3.87e+10  8.30e+04  8.64e+04  9.29e-11  2.00e-09  0.00e+00  0.00e+00  1.34e-04 -7.89e+33 -1.16e+32 -4.84e+33  1.42e+05  2.31e+06  1.85e+07  0.00e+00  1.43e+07 
3.471e+14 3.527e+14   86      0        0  1.78e+09  0.00e+00  0.00e+00  1.76e+43  7.49e-14  3.84e+10  8.20e+04  8.59e+04  1.02e-10  2.22e-09  0.00e+00  0.00e+00  1.48e-04 -8.42e+33  2.10e+32 -5.09e+33  1.31e+05  2.13e+06  1.82e+07  0.00e+00  1.40e+07 
3.583e+14 3.642e+14   87      0        0  1.77e+09  0.00e+00  0.00e+00  1.94e+43  7.40e-14  3.79e+10  8.10e+04  8.55e+04  1.02e-10  2.54e-09  0.00e+00  0.00e+00  1.71e-04 -8.19e+33 -1.08e+32 -5.51e+33  1.21e+05  1.95e+06  1.78e+07  0.00e+00  1.37e+07 
3.700e+14 3.760e+14   88      0        0  1.76e+09  0.00e+00  0.00e+00  2.14e+43  7.30e-14  3.74e+10  7.99e+04  8.50e+04  1.11e-10  2.92e-09  0.00e+00  0.00e+00  2.05e-04 -8.58e+33  3.56e+32 -5.70e+33  1.12e+05  1.79e+06  1.74e+07  0.00e+00  1.32e+07 
3.820e+14 3.882e+14   89      0        0  1.75e+09  0.00e+00  0.00e+00  2.35e+43  6.92e-14  3.55e+10  7.89e+04  8.45e+04  1.15e-10  3.23e-09  0.00e+00  0.00e+00  2.18e-04 -8.69e+33 -3.46e+31 -5.57e+33  1.06e+05  1.71e+06  1.68e+07  0.00e+00  1.28e+07 
3.944e+14 4.008e+14   90      0        0  1.73e+09  0.00e+00  0.00e+00  2.59e+43  6.45e-14  3.30e+10  7.75e+04  8.41e+04  1.22e-10  3.32e-09  0.00e+00  0.00e+00  2.60e-04 -8.61e+33 -1.96e+32 -5.35e+33  1.02e+05  1.65e+06  1.62e+07  0.00e+00  1.23e+07 
4.072e+14 4.138e+14   91      0        0  1.74e+09  0.00e+00  0.00e+00  2.85e+43  5.83e-14  2.99e+10  7.64e+04  8.36e+04  1.35e-10  3.40e-09  0.00e+00  0.00e+00  2.80e-04 -7.54e+33 -7.06e+31 -5.07e+33  1.02e+05  1.64e+06  1.57e+07  0.00e+00  1.18e+07 
4.204e+14 4.272e+14   92      0        0  1.76e+09  0.00e+00  0.00e+00  3.14e+43  5.24e-14  2.68e+10  7.57e+04  8.31e+04  1.22e-10  3.64e-09  0.00e+00  0.00e+00  3.13e-04 -7.37e+33  6.66e+31 -5.18e+33  1.02e+05  1.63e+06  1.52e+07  0.00e+00  1.14e+07 
4.341e+14 4.411e+14   93      0        0  1.77e+09  0.00e+00  0.00e+00  3.45e+43  4.76e-14  2.44e+10  7.53e+04  8.26e+04  1.03e-10  4.11e-09  0.00e+00  0.00e+00  3.42e-04 -7.22e+33 -1.05e+32 -4.37e+33  1.00e+05  1.60e+06  1.47e+07  0.00e+00  1.10e+07 
4.482e+14 4.554e+14   94      0        0  1.77e+09  0.00e+00  0.00e+00  3.80e+43  4.38e-14  2.24e+10  7.44e+04  8.22e+04  1.07e-10  4.35e-09  0.00e+00  0.00e+00  3.78e-04 -6.30e+33  1.20e+32 -4.21e+33  9.84e+04  1.56e+06  1.42e+07  0.00e+00  1.06e+07 
4.627e+14 4.702e+14   95      0        0  1.77e+09  0.00e+00  0.00e+00  4.18e+43  4.09e-14  2.10e+10  7.21e+04  8.17e+04  1.09e-10  4.50e-09  0.00e+00  0.00e+00  4.19e-04 -6.44e+33  2.44e+32 -4.01e+33  9.49e+04  1.50e+06  1.38e+07  0.00e+00  1.03e+07 
4.777e+14 4.855e+14   96      0        0  1.80e+09  0.00e+00  0.00e+00  4.60e+43  3.88e-14  1.99e+10  7.21e+04  8.13e+04  1.20e-10  4.83e-09  0.00e+00  0.00e+00  4.46e-04 -6.27e+33 -6.75e+31 -4.13e+33  8.99e+04  1.41e+06  1.33e+07  0.00e+00  9.88e+06 
4.932e+14 5.012e+14   97      0        1  1.84e+09  0.00e+00  0.00e+00  5.07e+43  3.70e-14  1.90e+10  6.82e+04  8.09e+04  1.29e-10  5.74e-09  0.00e+00  0.00e+00  5.21e-04 -6.11e+33 -6.26e+30 -3.73e+33  8.46e+04  1.33e+06  1.29e+07  0.00e+00  9.51e+06 
5.093e+14 5.175e+14   98      0        2  1.86e+09  0.00e+00  0.00e+00  5.58e+43  3.59e-14  1.84e+10  5.77e+04  8.05e+04  1.34e-10  7.56e-09  0.00e+00  0.00e+00  7.01e-04 -6.30e+33  1.64e+32 -3.86e+33  7.79e+04  1.22e+06  1.24e+07  0.00e+00  9.11e+06 
5.258e+14 5.343e+14   99      0        0  1.86e+09  0.00e+00  0.00e+00  6.14e+43  3.33e-14  1.71e+10  6.97e+04  8.01e+04  1.17e-10  6.97e-09  0.00e+00  0.00e+00  6.31e-04 -6.06e+33  1.77e+31 -3.84e+33  7.45e+04  1.17e+06  1.18e+07  0.00e+00  8.69e+06 
5.429e+14 5.517e+14  100      0        1  1.88e+09  0.00e+00  0.00e+00  6.76e+43  3.02e-14  1.55e+10  4.82e+04  7.96e+04  1.65e-10  9.37e-09  0.00e+00  0.00e+00  8.96e-04 -5.91e+33  3.23e+31 -3.80e+33  7.27e+04  1.14e+06  1.13e+07  0.00e+00  8.27e+06 
5.605e+14 5.696e+14  101      0        0  1.94e+09  0.00e+00  0.00e+00  7.44e+43  2.68e-14  1.37e+10  4.22e+04  7.92e+04  1.81e-10  1.06e-08  0.00e+00  0.00e+00  2.75e-03 -5.29e+33  4.27e+31 -3.53e+33  7.23e+04  1.12e+06  1.08e+07  0.00e+00  7.87e+06 
5.787e+14 5.881e+14  102      0        0  2.01e+09  0.00e+00  0.00e+00  8.19e+43  2.39e-14  1.23e+10  4.05e+04  7.88e+04  1.78e-10  1.14e-08  0.00e+00  0.00e+00  5.72e-03 -4.95e+33  4.23e+30 -3.03e+33  7.17e+04  1.11e+06  1.03e+07  0.00e+00  7.51e+06 
5.975e+14 6.072e+14  103      0        0  2.07e+09  0.00e+00  0.00e+00  9.01e+43  2.17e-14  1.11e+10  3.83e+04  7.84e+04  1.68e-10  1.27e-08  0.00e+00  0.00e+00  1.00e+00 -4.59e+33 -2.09e+32 -2.87e+33  7.02e+04  1.08e+06  9.91e+06  0.00e+00  7.18e+06 
6.169e+14 6.269e+14  104      0        0  2.10e+09  0.00e+00  0.00e+00  9.92e+43  2.00e-14  1.03e+10  3.75e+04  7.80e+04  1.66e-10  1.39e-08  0.00e+00  0.00e+00  1.00e+00 -4.45e+33  6.11e+31 -2.62e+33  6.70e+04  1.03e+06  9.50e+06  0.00e+00  6.86e+06 
6.369e+14 6.472e+14  105      0        0  2.14e+09  0.00e+00  0.00e+00  1.09e+44  1.80e-14  9.19e+09  3.66e+04  7.76e+04  1.64e-10  1.47e-08  0.00e+00  0.00e+00  1.00e+00 -4.33e+33 -1.53e+32 -2.63e+33  6.60e+04  1.01e+06  9.09e+06  0.00e+00  6.54e+06 
6.576e+14 6.683e+14  106      0        1  2.20e+09  0.00e+00  0.00e+00  1.20e+44  1.56e-14  8.00e+09  3.68e+04  7.72e+04  1.49e-10  1.48e-08  0.00e+00  0.00e+00  1.00e+00 -3.71e+33  1.33e+32 -2.25e+33  6.68e+04  1.02e+06  8.71e+06  0.00e+00  6.25e+06 
6.789e+14 6.900e+14  107      0        1  2.27e+09  0.00e+00  0.00e+00  1.32e+44  1.35e-14  6.89e+09  3.55e+04  7.68e+04  1.42e-10  1.53e-08  0.00e+00  0.00e+00  1.00e+00 -3.26e+33  7.31e+31 -2.08e+33  6.85e+04  1.05e+06  8.38e+06  0.00e+00  5.99e+06 
7.010e+14 7.124e+14  108      0        0  2.34e+09  0.00e+00  0.00e+00  1.46e+44  1.18e-14  6.04e+09  3.39e+04  7.64e+04  1.37e-10  1.61e-08  0.00e+00  0.00e+00  1.00e+00 -2.89e+33 -1.73e+32 -1.94e+33  6.92e+04  1.06e+06  8.08e+06  0.00e+00  5.77e+06 
7.237e+14 7.355e+14  109      0        2  2.41e+09  0.00e+00  0.00e+00  1.60e+44  1.04e-14  5.32e+09  3.59e+04  7.61e+04  1.20e-10  1.57e-08  0.00e+00  0.00e+00  1.00e+00 -2.74e+33 -3.87e+30 -1.58e+33  6.97e+04  1.05e+06  7.82e+06  0.00e+00  5.56e+06 
7.472e+14 7.594e+14  110      0        0  2.47e+09  0.00e+00  0.00e+00  1.76e+44  9.05e-15  4.63e+09  3.24e+04  7.58e+04  1.18e-10  1.67e-08  0.00e+00  0.00e+00  1.00e+00 -2.52e+33 -7.79e+30 -1.58e+33  7.12e+04  1.07e+06  7.58e+06  0.00e+00  5.38e+06 
7.715e+14 7.840e+14  111      0        2  2.54e+09  0.00e+00  0.00e+00  1.94e+44  7.83e-15  4.01e+09  3.77e+04  7.55e+04  9.33e-11  1.49e-08  0.00e+00  0.00e+00  1.00e+00 -2.23e+33 -9.14e+31 -1.40e+33  7.33e+04  1.10e+06  7.36e+06  0.00e+00  5.21e+06 
7.965e+14 8.095e+14  112      0        2  2.63e+09  0.00e+00  0.00e+00  2.14e+44  6.73e-15  3.45e+09  4.55e+04  7.52e+04  7.40e-11  1.29e-08  0.00e+00  0.00e+00  5.53e-01 -2.06e+33 -5.03e+31 -1.38e+33  7.61e+04  1.14e+06  7.17e+06  0.00e+00  5.06e+06 
8.224e+14 8.358e+14  113      0        0  2.74e+09  0.00e+00  0.00e+00  2.35e+44  5.83e-15  2.98e+09  3.91e+04  7.48e+04  7.74e-11  1.42e-08  0.00e+00  0.00e+00  3.29e-14 -1.72e+33 -3.80e+30 -1.09e+33  7.84e+04  1.17e+06  7.00e+06  0.00e+00  4.93e+06 
8.491e+14 8.629e+14  114      0        0  2.84e+09  0.00e+00  0.00e+00  2.59e+44  5.13e-15  2.62e+09  3.85e+04  7.45e+04  7.19e-11  1.42e-08  0.00e+00  0.00e+00  1.90e-14 -1.62e+33 -4.19e+31 -1.11e+33  8.00e+04  1.19e+06  6.85e+06  0.00e+00  4.81e+06 
8.767e+14 8.909e+14  115      0        0  2.92e+09  0.00e+00  0.00e+00  2.85e+44  4.53e-15  2.32e+09  3.81e+04  7.41e+04  6.66e-11  1.43e-08  0.00e+00  0.00e+00  1.35e-14 -1.45e+33  2.57e+31 -9.05e+32  8.13e+04  1.20e+06  6.72e+06  0.00e+00  4.70e+06 
9.051e+14 9.198e+14  116      0        0  3.01e+09  0.00e+00  0.00e+00  3.14e+44  3.91e-15  2.00e+09  3.79e+04  7.38e+04  6.15e-11  1.39e-08  0.00e+00  0.00e+00  1.07e-14 -1.35e+33 -5.25e+31 -8.51e+32  8.48e+04  1.25e+06  6.61e+06  0.00e+00  4.61e+06 
9.345e+14 9.497e+14  117      0        0  3.10e+09  0.00e+00  0.00e+00  3.46e+44  3.36e-15  1.72e+09  3.75e+04  7.35e+04  5.48e-11  1.34e-08  0.00e+00  0.00e+00  8.00e-15 -1.11e+33  4.83e+31 -7.68e+32  8.90e+04  1.32e+06  6.51e+06  0.00e+00  4.53e+06 
9.649e+14 9.805e+14  118      0        0  3.19e+09  0.00e+00  0.00e+00  3.81e+44  2.93e-15  1.50e+09  3.74e+04  7.32e+04  5.17e-11  1.31e-08  0.00e+00  0.00e+00  7.02e-15 -1.16e+33 -7.93e+30 -7.19e+32  9.23e+04  1.37e+06  6.43e+06  0.00e+00  4.45e+06 
9.962e+14 1.012e+15  119      0        0  3.31e+09  0.00e+00  0.00e+00  4.19e+44  2.60e-15  1.33e+09  3.69e+04  7.29e+04  5.17e-11  1.31e-08  0.00e+00  0.00e+00  4.20e-15 -1.07e+33  1.37e+31 -6.65e+32  9.39e+04  1.38e+06  6.35e+06  0.00e+00  4.38e+06 
1.029e+15 1.045e+15  120      0        0  3.44e+09  0.00e+00  0.00e+00  4.62e+44  2.30e-15  1.17e+09  3.64e+04  7.26e+04  4.75e-11  1.29e-08  0.00e+00  0.00e+00  2.62e-15 -8.76e+32 -1.33e+31 -5.34e+32  9.66e+04  1.42e+06  6.28e+06  0.00e+00  4.32e+06 
1.062e+15 1.079e+15  121      0        0  3.52e+09  0.00e+00  0.00e+00  5.08e+44  2.00e-15  1.02e+09  3.50e+04  7.25e+04  4.26e-11  1.27e-08  0.00e+00  0.00e+00  6.38e-16 -7.60e+32 -3.14e+31 -5.11e+32  1.01e+05  1.49e+06  6.23e+06  0.00e+00  4.27e+06 
1.096e+15 1.114e+15  122      0        0  3.57e+09  0.00e+00  0.00e+00  5.60e+44  1.73e-15  8.86e+08  3.53e+04  7.24e+04  3.95e-11  1.18e-08  0.00e+00  0.00e+00  8.81e-16 -7.10e+32  2.24e+31 -4.80e+32  1.07e+05  1.57e+06  6.18e+06  0.00e+00  4.23e+06 
1.132e+15 1.150e+15  123      0        2  3.68e+09  0.00e+00  0.00e+00  6.16e+44  1.51e-15  7.72e+08  3.00e+04  7.23e+04  4.41e-11  1.23e-08  0.00e+00  0.00e+00  1.36e-18 -8.08e+32  9.82e+30 -4.70e+32  1.12e+05  1.63e+06  6.12e+06  0.00e+00  4.19e+06 
1.169e+15 1.188e+15  124      0        1  3.83e+09  0.00e+00  0.00e+00  6.78e+44  1.33e-15  6.79e+08  3.53e+04  7.25e+04  3.59e-11  1.04e-08  0.00e+00  0.00e+00  8.91e-16 -9.42e+32 -3.60e+31 -5.55e+32  1.17e+05  1.71e+06  6.06e+06  0.00e+00  4.13e+06 
1.207e+15 1.226e+15  125      0        1  3.90e+09  0.00e+00  0.00e+00  7.47e+44  1.16e-15  5.94e+08  3.21e+04  7.13e+04  3.24e-11  1.16e-08  0.00e+00  0.00e+00  2.09e-17 -7.72e+32 -1.33e+31 -5.52e+32  1.21e+05  1.76e+06  5.98e+06  0.00e+00  4.07e+06 
1.246e+15 1.266e+15  126      0        0  3.91e+09  0.00e+00  0.00e+00  8.22e+44  1.02e-15  5.22e+08  3.41e+04  7.03e+04  2.94e-11  1.20e-08  0.00e+00  0.00e+00  2.52e-16 -6.32e+32  2.92e+31 -3.81e+32  1.24e+05  1.81e+06  5.92e+06  0.00e+00  4.01e+06 
1.286e+15 1.307e+15  127      0        0  3.93e+09  0.00e+00  0.00e+00  9.05e+44  8.93e-16  4.56e+08  3.51e+04  6.98e+04  2.83e-11  1.18e-08  0.00e+00  0.00e+00  7.44e-16 -4.86e+32  2.94e+31 -3.26e+32  1.30e+05  1.87e+06  5.88e+06  0.00e+00  3.97e+06 
1.328e+15 1.350e+15  128      0        0  4.01e+09  0.00e+00  0.00e+00  9.96e+44  7.91e-16  4.05e+08  3.50e+04  6.96e+04  2.75e-11  1.18e-08  0.00e+00  0.00e+00  6.78e-16 -4.32e+32 -2.19e+31 -2.77e+32  1.34e+05  1.93e+06  5.85e+06  0.00e+00  3.94e+06 
1.371e+15 1.393e+15  129      0        0  4.09e+09  0.00e+00  0.00e+00  1.10e+45  6.97e-16  3.56e+08  3.34e+04  6.95e+04  2.38e-11  1.20e-08  0.00e+00  0.00e+00  1.13e-16 -3.22e+32 -2.76e+30 -2.03e+32  1.39e+05  2.01e+06  5.83e+06  0.00e+00  3.92e+06 
1.416e+15 1.439e+15  130      0        0  4.06e+09  0.00e+00  0.00e+00  1.21e+45  6.17e-16  3.15e+08  3.39e+04  6.95e+04  2.30e-11  1.14e-08  0.00e+00  0.00e+00  1.85e-16 -2.89e+32  1.79e+31 -1.95e+32  1.45e+05  2.10e+06  5.81e+06  0.00e+00  3.91e+06 
1.462e+15 1.485e+15  131      0        0  3.97e+09  0.00e+00  0.00e+00  1.33e+45  5.35e-16  2.73e+08  3.41e+04  6.96e+04  2.16e-11  1.05e-08  0.00e+00  0.00e+00  2.49e-16 -2.85e+32  1.34e+31 -2.04e+32  1.55e+05  2.26e+06  5.80e+06  0.00e+00  3.90e+06 
1.509e+15 1.534e+15  132      0        0  3.88e+09  0.00e+00  0.00e+00  1.46e+45  4.68e-16  2.39e+08  3.43e+04  6.96e+04  1.93e-11  9.93e-09  0.00e+00  0.00e+00  3.07e-16 -2.54e+32  1.04e+31 -1.63e+32  1.64e+05  2.39e+06  5.79e+06  0.00e+00  3.89e+06 
1.558e+15 1.583e+15  133      0        0  3.85e+09  0.00e+00  0.00e+00  1.61e+45  4.16e-16  2.13e+08  3.44e+04  6.96e+04  1.82e-11  9.48e-09  0.00e+00  0.00e+00  3.46e-16 -1.99e+32 -2.83e+29 -1.34e+32  1.72e+05  2.47e+06  5.78e+06  0.00e+00  3.89e+06 
1.609e+15 1.635e+15  134      0        0  3.81e+09  0.00e+00  0.00e+00  1.77e+45  3.72e-16  1.90e+08  3.46e+04  6.97e+04  1.71e-11  9.06e-09  0.00e+00  0.00e+00  4.09e-16 -1.85e+32  1.59e+30 -1.25e+32  1.79e+05  2.58e+06  5.77e+06  0.00e+00  3.89e+06 
1.661e+15 1.688e+15  135      0        0  3.76e+09  0.00e+00  0.00e+00  1.95e+45  3.30e-16  1.69e+08  3.49e+04  6.98e+04  1.67e-11  8.47e-09  0.00e+00  0.00e+00  6.06e-16 -1.85e+32 -9.78e+30 -1.37e+32  1.88e+05  2.73e+06  5.77e+06  0.00e+00  3.89e+06 
1.715e+15 1.743e+15  136      0        0  3.65e+09  0.00e+00  0.00e+00  2.14e+45  2.91e-16  1.49e+08  3.51e+04  6.99e+04  1.52e-11  7.95e-09  0.00e+00  0.00e+00  6.80e-16 -1.45e+32 -1.34e+31 -1.02e+32  1.99e+05  2.88e+06  5.77e+06  0.00e+00  3.89e+06 
1.771e+15 1.799e+15  137      0        0  3.60e+09  0.00e+00  0.00e+00  2.36e+45  2.65e-16  1.36e+08  3.48e+04  7.00e+04  1.48e-11  7.74e-09  0.00e+00  0.00e+00  5.14e-16 -1.68e+32 -3.50e+30 -8.85e+31  2.05e+05  2.96e+06  5.77e+06  0.00e+00  3.90e+06 
1.828e+15 1.858e+15  138      0        0  3.53e+09  0.00e+00  0.00e+00  2.59e+45  2.44e-16  1.25e+08  3.52e+04  7.01e+04  1.42e-11  7.48e-09  0.00e+00  0.00e+00  8.16e-16 -1.14e+32 -5.53e+30 -1.00e+32  2.09e+05  3.04e+06  5.77e+06  0.00e+00  3.91e+06 
1.887e+15 1.918e+15  139      0        0  3.46e+09  0.00e+00  0.00e+00  2.85e+45  2.29e-16  1.17e+08  3.53e+04  7.03e+04  1.43e-11  7.37e-09  0.00e+00  0.00e+00  8.56e-16 -1.73e+32 -4.35e+30 -1.22e+32  2.09e+05  3.04e+06  5.77e+06  0.00e+00  3.91e+06 
1.949e+15 1.980e+15  140      0        0  3.34e+09  0.00e+00  0.00e+00  3.14e+45  2.17e-16  1.11e+08  3.53e+04  7.05e+04  1.42e-11  7.32e-09  0.00e+00  0.00e+00  8.94e-16 -1.61e+32 -7.96e+30 -1.12e+32  2.08e+05  3.01e+06  5.77e+06  0.00e+00  3.92e+06 
2.012e+15 2.045e+15  141      0        0  3.24e+09  0.00e+00  0.00e+00  3.45e+45  2.08e-16  1.06e+08  3.53e+04  7.07e+04  1.45e-11  7.34e-09  0.00e+00  0.00e+00  9.25e-16 -1.87e+32 -1.18e+31 -1.33e+32  2.04e+05  2.95e+06  5.77e+06  0.00e+00  3.93e+06 
2.077e+15 2.111e+15  142      0        0  3.11e+09  0.00e+00  0.00e+00  3.80e+45  2.04e-16  1.04e+08  3.52e+04  7.09e+04  1.51e-11  7.56e-09  0.00e+00  0.00e+00  8.37e-16 -2.01e+32  4.52e+30 -1.06e+32  1.96e+05  2.83e+06  5.76e+06  0.00e+00  3.94e+06 
2.145e+15 2.180e+15  143      0        0  2.97e+09  0.00e+00  0.00e+00  4.18e+45  1.98e-16  1.01e+08  3.53e+04  7.12e+04  1.54e-11  7.64e-09  0.00e+00  0.00e+00  8.63e-16 -1.92e+32  8.02e+30 -1.35e+32  1.90e+05  2.74e+06  5.76e+06  0.00e+00  3.95e+06 
2.214e+15 2.250e+15  144      0        0  2.80e+09  0.00e+00  0.00e+00  4.59e+45  1.93e-16  9.88e+07  3.53e+04  7.16e+04  1.60e-11  7.70e-09  0.00e+00  0.00e+00  8.99e-16 -2.21e+32 -2.47e+30 -1.43e+32  1.84e+05  2.66e+06  5.75e+06  0.00e+00  3.96e+06 
2.286e+15 2.323e+15  145      0        0  2.58e+09  0.00e+00  0.00e+00  5.05e+45  1.88e-16  9.62e+07  3.54e+04  7.21e+04  1.64e-11  7.74e-09  0.00e+00  0.00e+00  9.36e-16 -3.04e+32  5.89e+30 -1.71e+32  1.79e+05  2.62e+06  5.73e+06  0.00e+00  3.97e+06 
2.361e+15 2.399e+15  146      0        0  2.34e+09  0.00e+00  0.00e+00  5.56e+45  1.79e-16  9.17e+07  3.55e+04  7.26e+04  1.65e-11  7.62e-09  0.00e+00  0.00e+00  1.06e-15 -3.37e+32 -2.13e+30 -1.80e+32  1.78e+05  2.60e+06  5.71e+06  0.00e+00  3.98e+06 
2.437e+15 2.477e+15  147      0        0  2.08e+09  0.00e+00  0.00e+00  6.11e+45  1.71e-16  8.73e+07  3.56e+04  7.31e+04  1.67e-11  7.51e-09  0.00e+00  0.00e+00  1.15e-15 -2.97e+32  7.78e+29 -1.91e+32  1.76e+05  2.60e+06  5.69e+06  0.00e+00  3.98e+06 
2.516e+15 2.557e+15  148      0        0  1.84e+09  0.00e+00  0.00e+00  6.73e+45  1.60e-16  8.19e+07  3.56e+04  7.36e+04  1.65e-11  7.31e-09  0.00e+00  0.00e+00  1.24e-15 -3.31e+32  2.46e+30 -2.04e+32  1.76e+05  2.61e+06  5.66e+06  0.00e+00  3.97e+06 
2.598e+15 2.640e+15  149      0        0  1.64e+09  0.00e+00  0.00e+00  7.40e+45  1.49e-16  7.62e+07  3.58e+04  7.41e+04  1.61e-11  7.07e-09  0.00e+00  0.00e+00  1.41e-15 -3.87e+32 -7.14e+29 -2.14e+32  1.78e+05  2.65e+06  5.63e+06  0.00e+00  3.96e+06 
2.682e+15 2.726e+15  150      0        0  1.46e+09  0.00e+00  0.00e+00  8.14e+45  1.39e-16  7.09e+07  3.59e+04  7.45e+04  1.56e-11  6.85e-09  0.00e+00  0.00e+00  1.70e-15 -3.65e+32  8.78e+30 -2.41e+32  1.79e+05  2.65e+06  5.60e+06  0.00e+00  3.95e+06 
2.769e+15 2.814e+15  151      0        0  1.26e+09  0.00e+00  0.00e+00  8.96e+45  1.25e-16  6.37e+07  3.63e+04  7.50e+04  1.50e-11  6.38e-09  0.00e+00  0.00e+00  2.34e-15 -3.83e+32  3.66e+30 -2.33e+32  1.86e+05  2.79e+06  5.55e+06  0.00e+00  3.93e+06 
2.859e+15 2.906e+15  152      0        0  1.04e+09  0.00e+00  0.00e+00  9.86e+45  1.11e-16  5.68e+07  3.66e+04  7.56e+04  1.43e-11  5.87e-09  0.00e+00  0.00e+00  3.14e-15 -3.82e+32 -1.55e+31 -2.49e+32  1.93e+05  2.91e+06  5.50e+06  0.00e+00  3.91e+06 
2.952e+15 3.000e+15  153     -1        0  7.92e+08  0.00e+00  0.00e+00  0.00e+00  0.00e+00  0.00e+00  0.00e+00  0.00e+00  0.00e+00  0.00e+00  0.00e+00  0.00e+00  0.00e+00  0.00e+00  0.00e+00  0.00e+00  0.00e+00  0.00e+00  0.00e+00  0.00e+00  0.00e+00 
3.048e+15 3.063e+15  154     -1        0  7.92e+08  0.00e+00  0.00e+00  0.00e+00  0.00e+00  0.00e+00  0.00e+00  0.00e+00  0.00e+00  0.00e+00  0.00e+00  0.00e+00  0.00e+00  0.00e+00  0.00e+00  0.00e+00  0.00e+00  0.00e+00  0.00e+00  0.00e+00  0.00e+00 
