       r    i inwind      i01      i02      i03 
2.22e+13    0     -1 0.00e+00 0.00e+00 0.00e+00 
2.30e+13    1      0 8.47e-32 9.20e-11 1.00e+00 
2.37e+13    2      0 8.68e-32 8.32e-11 1.00e+00 
2.45e+13    3      0 8.89e-32 7.48e-11 1.00e+00 
2.53e+13    4      0 9.11e-32 8.25e-11 1.00e+00 
2.61e+13    5      0 9.32e-32 5.30e-11 1.00e+00 
2.69e+13    6      0 9.55e-32 7.04e-11 1.00e+00 
2.78e+13    7      0 9.78e-32 8.75e-11 1.00e+00 
2.87e+13    8      0 1.00e-31 7.08e-11 1.00e+00 
2.96e+13    9      0 1.03e-31 7.13e-11 1.00e+00 
3.06e+13   10      0 1.06e-31 7.85e-11 1.00e+00 
3.16e+13   11      0 1.09e-31 7.58e-11 1.00e+00 
3.26e+13   12      0 1.12e-31 7.91e-11 1.00e+00 
3.37e+13   13      0 1.16e-31 9.29e-11 1.00e+00 
3.48e+13   14      0 1.20e-31 8.10e-11 1.00e+00 
3.59e+13   15      0 1.24e-31 8.64e-11 1.00e+00 
3.71e+13   16      0 1.29e-31 1.02e-10 1.00e+00 
3.83e+13   17      0 1.34e-31 9.50e-11 1.00e+00 
3.95e+13   18      0 1.40e-31 9.24e-11 1.00e+00 
4.08e+13   19      0 1.47e-31 7.43e-11 1.00e+00 
4.21e+13   20      0 1.54e-31 7.92e-11 1.00e+00 
4.35e+13   21      0 1.62e-31 7.49e-11 1.00e+00 
4.49e+13   22      0 1.70e-31 9.69e-11 1.00e+00 
4.64e+13   23      0 1.79e-31 9.86e-11 1.00e+00 
4.79e+13   24      0 1.89e-31 1.01e-10 1.00e+00 
4.94e+13   25      0 1.99e-31 9.62e-11 1.00e+00 
5.10e+13   26      0 2.10e-31 1.01e-10 1.00e+00 
5.27e+13   27      0 2.21e-31 8.14e-11 1.00e+00 
5.44e+13   28      0 2.32e-31 9.88e-11 1.00e+00 
5.62e+13   29      0 2.45e-31 9.75e-11 1.00e+00 
5.80e+13   30      0 2.58e-31 9.02e-11 1.00e+00 
5.99e+13   31      0 2.71e-31 8.55e-11 1.00e+00 
6.18e+13   32      0 2.86e-31 8.17e-11 1.00e+00 
6.38e+13   33      0 3.01e-31 8.93e-11 1.00e+00 
6.59e+13   34      0 3.18e-31 1.19e-10 1.00e+00 
6.80e+13   35      0 3.35e-31 9.16e-11 1.00e+00 
7.02e+13   36      0 3.53e-31 9.57e-11 1.00e+00 
7.25e+13   37      0 3.73e-31 1.27e-10 1.00e+00 
7.49e+13   38      0 3.93e-31 1.01e-10 1.00e+00 
7.73e+13   39      0 4.14e-31 1.12e-10 1.00e+00 
7.98e+13   40      0 4.37e-31 1.15e-10 1.00e+00 
8.24e+13   41      0 4.61e-31 1.41e-10 1.00e+00 
8.51e+13   42      0 4.86e-31 1.01e-10 1.00e+00 
8.78e+13   43      0 5.12e-31 1.52e-10 1.00e+00 
9.07e+13   44      0 5.40e-31 1.08e-10 1.00e+00 
9.36e+13   45      0 5.70e-31 1.58e-10 1.00e+00 
9.67e+13   46      0 6.03e-31 1.16e-10 1.00e+00 
9.98e+13   47      0 6.36e-31 1.35e-10 1.00e+00 
1.03e+14   48      0 6.68e-31 1.42e-10 1.00e+00 
1.06e+14   49      0 7.03e-31 1.78e-10 1.00e+00 
1.10e+14   50      0 7.40e-31 1.50e-10 1.00e+00 
1.13e+14   51      0 7.80e-31 1.82e-10 1.00e+00 
1.17e+14   52      0 8.19e-31 1.64e-10 1.00e+00 
1.21e+14   53      0 8.60e-31 2.13e-10 1.00e+00 
1.25e+14   54      0 9.04e-31 2.01e-10 1.00e+00 
1.29e+14   55      0 9.51e-31 2.24e-10 1.00e+00 
1.33e+14   56      0 1.00e-30 2.40e-10 1.00e+00 
1.37e+14   57      0 1.05e-30 2.51e-10 1.00e+00 
1.42e+14   58      0 1.12e-30 2.77e-10 1.00e+00 
1.46e+14   59      0 1.18e-30 2.72e-10 1.00e+00 
1.51e+14   60      0 1.25e-30 2.91e-10 1.00e+00 
1.56e+14   61      0 1.32e-30 3.15e-10 1.00e+00 
1.61e+14   62      0 1.39e-30 3.57e-10 1.00e+00 
1.66e+14   63      0 1.46e-30 3.62e-10 1.00e+00 
1.72e+14   64      0 1.54e-30 3.79e-10 1.00e+00 
1.77e+14   65      0 1.62e-30 4.01e-10 1.00e+00 
1.83e+14   66      0 1.70e-30 4.32e-10 1.00e+00 
1.89e+14   67      0 1.79e-30 4.69e-10 1.00e+00 
1.95e+14   68      0 1.87e-30 5.11e-10 1.00e+00 
2.02e+14   69      0 1.96e-30 5.43e-10 1.00e+00 
2.08e+14   70      0 2.05e-30 5.90e-10 1.00e+00 
2.15e+14   71      0 2.15e-30 6.14e-10 1.00e+00 
2.22e+14   72      0 2.24e-30 6.66e-10 1.00e+00 
2.29e+14   73      0 2.34e-30 7.16e-10 1.00e+00 
2.37e+14   74      0 2.44e-30 7.74e-10 1.00e+00 
2.44e+14   75      0 2.54e-30 8.25e-10 1.00e+00 
2.52e+14   76      0 2.63e-30 8.76e-10 1.00e+00 
2.60e+14   77      0 2.71e-30 9.47e-10 1.00e+00 
2.69e+14   78      0 2.80e-30 1.04e-09 1.00e+00 
2.78e+14   79      0 2.87e-30 1.12e-09 1.00e+00 
2.87e+14   80      0 2.97e-30 1.21e-09 1.00e+00 
2.96e+14   81      0 3.01e-30 1.32e-09 1.00e+00 
3.05e+14   82      0 3.07e-30 1.46e-09 1.00e+00 
3.15e+14   83      0 1.11e-20 1.62e-09 1.00e+00 
3.26e+14   84      0 1.34e-20 1.80e-09 1.00e+00 
3.36e+14   85      0 1.61e-20 2.00e-09 1.00e+00 
3.47e+14   86      0 1.97e-20 2.22e-09 1.00e+00 
3.58e+14   87      0 2.46e-20 2.54e-09 1.00e+00 
3.70e+14   88      0 3.13e-20 2.92e-09 1.00e+00 
3.82e+14   89      0 3.71e-20 3.23e-09 1.00e+00 
3.94e+14   90      0 3.98e-20 3.32e-09 1.00e+00 
4.07e+14   91      0 4.16e-20 3.40e-09 1.00e+00 
4.20e+14   92      0 4.51e-20 3.64e-09 1.00e+00 
4.34e+14   93      0 5.26e-20 4.11e-09 1.00e+00 
4.48e+14   94      0 5.76e-20 4.35e-09 1.00e+00 
4.63e+14   95      0 6.25e-20 4.50e-09 1.00e+00 
4.78e+14   96      0 7.14e-20 4.83e-09 1.00e+00 
4.93e+14   97      0 1.23e-19 5.74e-09 1.00e+00 
5.09e+14   98      0 1.93e-19 7.56e-09 1.00e+00 
5.26e+14   99      0 1.71e-19 6.97e-09 1.00e+00 
5.43e+14  100      0 2.84e-19 9.37e-09 1.00e+00 
5.60e+14  101      0 3.52e-19 1.06e-08 1.00e+00 
5.79e+14  102      0 3.91e-19 1.14e-08 1.00e+00 
5.97e+14  103      0 4.65e-19 1.27e-08 1.00e+00 
6.17e+14  104      0 5.41e-19 1.39e-08 1.00e+00 
6.37e+14  105      0 5.92e-19 1.47e-08 1.00e+00 
6.58e+14  106      0 5.93e-19 1.48e-08 1.00e+00 
6.79e+14  107      0 6.15e-19 1.53e-08 1.00e+00 
7.01e+14  108      0 6.58e-19 1.61e-08 1.00e+00 
7.24e+14  109      0 6.22e-19 1.57e-08 1.00e+00 
7.47e+14  110      0 7.04e-19 1.67e-08 1.00e+00 
7.71e+14  111      0 5.56e-19 1.49e-08 1.00e+00 
7.97e+14  112      0 4.18e-19 1.29e-08 1.00e+00 
8.22e+14  113      0 4.87e-19 1.42e-08 1.00e+00 
8.49e+14  114      0 4.87e-19 1.42e-08 1.00e+00 
8.77e+14  115      0 4.87e-19 1.43e-08 1.00e+00 
9.05e+14  116      0 4.58e-19 1.39e-08 1.00e+00 
9.35e+14  117      0 4.26e-19 1.34e-08 1.00e+00 
9.65e+14  118      0 4.04e-19 1.31e-08 1.00e+00 
9.96e+14  119      0 4.01e-19 1.31e-08 1.00e+00 
1.03e+15  120      0 3.89e-19 1.29e-08 1.00e+00 
1.06e+15  121      0 3.76e-19 1.27e-08 1.00e+00 
1.10e+15  122      0 3.32e-19 1.18e-08 1.00e+00 
1.13e+15  123      0 3.64e-19 1.23e-08 1.00e+00 
1.17e+15  124      0 2.71e-19 1.04e-08 1.00e+00 
1.21e+15  125      0 3.09e-19 1.16e-08 1.00e+00 
1.25e+15  126      0 2.97e-19 1.20e-08 1.00e+00 
1.29e+15  127      0 2.75e-19 1.18e-08 1.00e+00 
1.33e+15  128      0 2.65e-19 1.18e-08 1.00e+00 
1.37e+15  129      0 2.66e-19 1.20e-08 1.00e+00 
1.42e+15  130      0 2.31e-19 1.14e-08 1.00e+00 
1.46e+15  131      0 2.00e-19 1.05e-08 1.00e+00 
1.51e+15  132      0 1.77e-19 9.93e-09 1.00e+00 
1.56e+15  133      0 1.62e-19 9.48e-09 1.00e+00 
1.61e+15  134      0 1.49e-19 9.06e-09 1.00e+00 
1.66e+15  135      0 1.32e-19 8.47e-09 1.00e+00 
1.71e+15  136      0 1.17e-19 7.95e-09 1.00e+00 
1.77e+15  137      0 1.12e-19 7.74e-09 1.00e+00 
1.83e+15  138      0 1.06e-19 7.48e-09 1.00e+00 
1.89e+15  139      0 1.04e-19 7.37e-09 1.00e+00 
1.95e+15  140      0 1.05e-19 7.32e-09 1.00e+00 
2.01e+15  141      0 1.07e-19 7.34e-09 1.00e+00 
2.08e+15  142      0 1.16e-19 7.56e-09 1.00e+00 
2.14e+15  143      0 1.21e-19 7.64e-09 1.00e+00 
2.21e+15  144      0 1.26e-19 7.70e-09 1.00e+00 
2.29e+15  145      0 1.30e-19 7.74e-09 1.00e+00 
2.36e+15  146      0 1.28e-19 7.62e-09 1.00e+00 
2.44e+15  147      0 1.27e-19 7.51e-09 1.00e+00 
2.52e+15  148      0 1.23e-19 7.31e-09 1.00e+00 
2.60e+15  149      0 1.17e-19 7.07e-09 1.00e+00 
2.68e+15  150      0 1.12e-19 6.85e-09 1.00e+00 
2.77e+15  151      0 9.98e-20 6.38e-09 1.00e+00 
2.86e+15  152      0 8.66e-20 5.87e-09 1.00e+00 
2.95e+15  153     -1 0.00e+00 0.00e+00 0.00e+00 
3.05e+15  154     -1 0.00e+00 0.00e+00 0.00e+00 
