       r    i inwind      i01      i02      i03      i04      i05      i06      i07      i08      i09 
2.22e+13    0     -1 0.00e+00 0.00e+00 0.00e+00 0.00e+00 0.00e+00 0.00e+00 0.00e+00 0.00e+00 0.00e+00 
2.30e+13    1      0 1.00e-20 1.00e-20 1.00e-20 1.00e-20 4.39e-15 5.46e-08 1.00e+00 7.44e-14 1.00e-20 
2.37e+13    2      0 1.00e-20 1.00e-20 1.00e-20 1.00e-20 5.45e-15 6.17e-08 1.00e+00 6.08e-14 1.00e-20 
2.45e+13    3      0 1.00e-20 1.00e-20 1.00e-20 1.00e-20 6.19e-15 6.61e-08 1.00e+00 4.65e-14 1.00e-20 
2.53e+13    4      0 1.00e-20 1.00e-20 1.00e-20 1.00e-20 6.90e-15 7.01e-08 1.00e+00 3.52e-14 1.00e-20 
2.61e+13    5      0 1.00e-20 1.00e-20 1.00e-20 1.00e-20 7.62e-15 7.40e-08 1.00e+00 2.72e-14 1.00e-20 
2.69e+13    6      0 1.00e-20 1.00e-20 1.00e-20 1.00e-20 8.37e-15 7.77e-08 1.00e+00 2.08e-14 1.00e-20 
2.78e+13    7      0 1.00e-20 1.00e-20 1.00e-20 1.00e-20 9.07e-15 8.11e-08 1.00e+00 1.60e-14 1.00e-20 
2.87e+13    8      0 1.00e-20 1.00e-20 1.00e-20 1.00e-20 9.82e-15 8.45e-08 1.00e+00 1.20e-14 1.00e-20 
2.96e+13    9      0 1.00e-20 1.00e-20 1.00e-20 1.00e-20 1.06e-14 8.81e-08 1.00e+00 9.02e-15 1.00e-20 
3.06e+13   10      0 1.00e-20 1.00e-20 1.00e-20 1.00e-20 1.16e-14 9.23e-08 1.00e+00 6.61e-15 1.00e-20 
3.16e+13   11      0 1.00e-20 1.00e-20 1.00e-20 1.00e-20 1.27e-14 9.68e-08 1.00e+00 4.70e-15 1.00e-20 
3.26e+13   12      0 1.00e-20 1.00e-20 1.00e-20 1.00e-20 1.41e-14 1.02e-07 1.00e+00 3.23e-15 1.00e-20 
3.37e+13   13      0 1.00e-20 1.00e-20 1.00e-20 1.00e-20 1.57e-14 1.08e-07 1.00e+00 2.17e-15 1.00e-20 
3.48e+13   14      0 1.00e-20 1.00e-20 1.00e-20 1.00e-20 1.75e-14 1.14e-07 1.00e+00 1.43e-15 1.00e-20 
3.59e+13   15      0 1.00e-20 1.00e-20 1.00e-20 1.00e-20 1.96e-14 1.22e-07 1.00e+00 8.97e-16 1.00e-20 
3.71e+13   16      0 1.00e-20 1.00e-20 1.00e-20 1.00e-20 2.22e-14 1.30e-07 1.00e+00 5.41e-16 1.00e-20 
3.83e+13   17      0 1.00e-20 1.00e-20 1.00e-20 1.00e-20 2.53e-14 1.39e-07 1.00e+00 3.21e-16 1.00e-20 
3.95e+13   18      0 1.00e-20 1.00e-20 1.00e-20 1.00e-20 2.87e-14 1.49e-07 1.00e+00 1.82e-16 1.00e-20 
4.08e+13   19      0 1.00e-20 1.00e-20 1.00e-20 1.00e-20 3.31e-14 1.60e-07 1.00e+00 9.73e-17 1.00e-20 
4.21e+13   20      0 1.00e-20 1.00e-20 1.00e-20 1.00e-20 3.86e-14 1.74e-07 1.00e+00 5.05e-17 1.00e-20 
4.35e+13   21      0 1.00e-20 1.00e-20 1.00e-20 1.00e-20 4.51e-14 1.89e-07 1.00e+00 2.53e-17 1.00e-20 
4.49e+13   22      0 1.00e-20 1.00e-20 1.00e-20 1.00e-20 5.31e-14 2.06e-07 1.00e+00 1.22e-17 1.00e-20 
4.64e+13   23      0 1.00e-20 1.00e-20 1.00e-20 1.00e-20 6.27e-14 2.25e-07 1.00e+00 5.72e-18 1.00e-20 
4.79e+13   24      0 1.00e-20 1.00e-20 1.00e-20 1.00e-20 7.42e-14 2.46e-07 1.00e+00 2.59e-18 1.00e-20 
4.94e+13   25      0 1.00e-20 1.00e-20 1.00e-20 1.00e-20 8.85e-14 2.69e-07 1.00e+00 1.14e-18 1.00e-20 
5.10e+13   26      0 1.00e-20 1.00e-20 1.00e-20 1.00e-20 1.07e-13 2.98e-07 1.00e+00 5.06e-19 1.00e-20 
5.27e+13   27      0 1.00e-20 1.00e-20 1.00e-20 1.00e-20 1.30e-13 3.30e-07 1.00e+00 2.14e-19 1.00e-20 
5.44e+13   28      0 1.00e-20 1.00e-20 1.00e-20 1.00e-20 1.58e-13 3.66e-07 1.00e+00 8.95e-20 1.00e-20 
5.62e+13   29      0 1.00e-20 1.00e-20 1.00e-20 1.00e-20 1.93e-13 4.07e-07 1.00e+00 3.62e-20 1.00e-20 
5.80e+13   30      0 1.00e-20 1.00e-20 1.00e-20 1.00e-20 2.36e-13 4.52e-07 1.00e+00 1.44e-20 1.00e-20 
5.99e+13   31      0 1.00e-20 1.00e-20 1.00e-20 1.29e-20 2.91e-13 5.07e-07 1.00e+00 1.00e-20 1.00e-20 
6.18e+13   32      0 1.00e-20 1.00e-20 1.00e-20 1.72e-20 3.63e-13 5.70e-07 1.00e+00 1.00e-20 1.00e-20 
6.38e+13   33      0 1.00e-20 1.00e-20 1.00e-20 2.30e-20 4.49e-13 6.38e-07 1.00e+00 1.00e-20 1.00e-20 
6.59e+13   34      0 1.00e-20 1.00e-20 1.00e-20 3.06e-20 5.55e-13 7.13e-07 1.00e+00 1.00e-20 1.00e-20 
6.80e+13   35      0 1.00e-20 1.00e-20 1.00e-20 4.10e-20 6.91e-13 8.00e-07 1.00e+00 1.00e-20 1.00e-20 
7.02e+13   36      0 1.00e-20 1.00e-20 1.00e-20 5.54e-20 8.66e-13 9.02e-07 1.00e+00 1.00e-20 1.00e-20 
7.25e+13   37      0 1.00e-20 1.00e-20 1.00e-20 7.46e-20 1.08e-12 1.01e-06 1.00e+00 1.00e-20 1.00e-20 
7.49e+13   38      0 1.00e-20 1.00e-20 1.00e-20 9.96e-20 1.34e-12 1.14e-06 1.00e+00 1.00e-20 1.00e-20 
7.73e+13   39      0 1.00e-20 1.00e-20 1.00e-20 1.33e-19 1.66e-12 1.27e-06 1.00e+00 1.00e-20 1.00e-20 
7.98e+13   40      0 1.00e-20 1.00e-20 1.00e-20 1.78e-19 2.06e-12 1.43e-06 1.00e+00 1.00e-20 1.00e-20 
8.24e+13   41      0 1.00e-20 1.00e-20 1.00e-20 2.39e-19 2.56e-12 1.60e-06 1.00e+00 1.00e-20 1.00e-20 
8.51e+13   42      0 1.00e-20 1.00e-20 1.00e-20 3.23e-19 3.22e-12 1.81e-06 1.00e+00 1.00e-20 1.00e-20 
8.78e+13   43      0 1.00e-20 1.00e-20 1.00e-20 4.34e-19 4.01e-12 2.03e-06 1.00e+00 1.00e-20 1.00e-20 
9.07e+13   44      0 1.00e-20 1.00e-20 1.00e-20 5.82e-19 4.99e-12 2.28e-06 1.00e+00 1.00e-20 1.00e-20 
9.36e+13   45      0 1.00e-20 1.00e-20 1.00e-20 7.71e-19 6.15e-12 2.55e-06 1.00e+00 1.00e-20 1.00e-20 
9.67e+13   46      0 1.00e-20 1.00e-20 1.00e-20 1.03e-18 7.65e-12 2.87e-06 1.00e+00 1.00e-20 1.00e-20 
9.98e+13   47      0 1.00e-20 1.00e-20 1.00e-20 1.39e-18 9.58e-12 3.25e-06 1.00e+00 1.00e-20 1.00e-20 
1.03e+14   48      0 1.00e-20 1.00e-20 1.00e-20 1.84e-18 1.18e-11 3.61e-06 1.00e+00 1.00e-20 1.00e-20 
1.06e+14   49      0 1.00e-20 1.00e-20 1.00e-20 2.46e-18 1.47e-11 4.07e-06 1.00e+00 1.00e-20 1.00e-20 
1.10e+14   50      0 1.00e-20 1.00e-20 1.00e-20 3.29e-18 1.83e-11 4.59e-06 1.00e+00 1.00e-20 1.00e-20 
1.13e+14   51      0 1.00e-20 1.00e-20 1.00e-20 4.36e-18 2.26e-11 5.13e-06 1.00e+00 1.00e-20 1.00e-20 
1.17e+14   52      0 1.00e-20 1.00e-20 1.00e-20 5.94e-18 2.85e-11 5.84e-06 1.00e+00 1.00e-20 1.00e-20 
1.21e+14   53      0 1.00e-20 1.00e-20 1.00e-20 7.80e-18 3.49e-11 6.47e-06 1.00e+00 1.00e-20 1.00e-20 
1.25e+14   54      0 1.00e-20 1.00e-20 1.00e-20 1.01e-17 4.19e-11 7.08e-06 1.00e+00 1.00e-20 1.00e-20 
1.29e+14   55      0 1.00e-20 1.00e-20 1.00e-20 1.34e-17 5.22e-11 7.98e-06 1.00e+00 1.00e-20 1.00e-20 
1.33e+14   56      0 1.00e-20 1.00e-20 1.00e-20 1.75e-17 6.33e-11 8.80e-06 1.00e+00 1.00e-20 1.00e-20 
1.37e+14   57      0 1.00e-20 1.00e-20 1.00e-20 2.23e-17 7.58e-11 9.67e-06 1.00e+00 1.00e-20 1.00e-20 
1.42e+14   58      0 1.00e-20 1.00e-20 1.00e-20 2.85e-17 9.13e-11 1.07e-05 1.00e+00 1.00e-20 1.00e-20 
1.46e+14   59      0 1.00e-20 1.00e-20 1.00e-20 3.65e-17 1.10e-10 1.18e-05 1.00e+00 1.00e-20 1.00e-20 
1.51e+14   60      0 1.00e-20 1.00e-20 1.00e-20 4.67e-17 1.33e-10 1.32e-05 1.00e+00 1.00e-20 1.00e-20 
1.56e+14   61      0 1.00e-20 1.00e-20 1.00e-20 5.85e-17 1.57e-10 1.44e-05 1.00e+00 1.00e-20 1.00e-20 
1.61e+14   62      0 1.00e-20 1.00e-20 1.00e-20 7.42e-17 1.88e-10 1.58e-05 1.00e+00 1.00e-20 1.00e-20 
1.66e+14   63      0 1.00e-20 1.00e-20 1.00e-20 9.43e-17 2.27e-10 1.76e-05 1.00e+00 1.00e-20 1.00e-20 
1.72e+14   64      0 1.00e-20 1.00e-20 1.00e-20 1.17e-16 2.67e-10 1.92e-05 1.00e+00 1.00e-20 1.00e-20 
1.77e+14   65      0 1.00e-20 1.00e-20 1.00e-20 1.48e-16 3.19e-10 2.12e-05 1.00e+00 1.00e-20 1.00e-20 
1.83e+14   66      0 1.00e-20 1.00e-20 1.00e-20 1.87e-16 3.82e-10 2.35e-05 1.00e+00 1.00e-20 1.00e-20 
1.89e+14   67      0 1.00e-20 1.00e-20 1.00e-20 2.26e-16 4.36e-10 2.50e-05 1.00e+00 1.00e-20 1.00e-20 
1.95e+14   68      0 1.00e-20 1.00e-20 1.00e-20 2.86e-16 5.24e-10 2.78e-05 1.00e+00 1.00e-20 1.00e-20 
2.02e+14   69      0 1.00e-20 1.00e-20 1.00e-20 3.53e-16 6.15e-10 3.04e-05 1.00e+00 1.00e-20 1.00e-20 
2.08e+14   70      0 1.00e-20 1.00e-20 1.00e-20 4.44e-16 7.33e-10 3.36e-05 1.00e+00 1.00e-20 1.00e-20 
2.15e+14   71      0 1.00e-20 1.00e-20 1.00e-20 5.37e-16 8.46e-10 3.64e-05 1.00e+00 1.00e-20 1.00e-20 
2.22e+14   72      0 1.00e-20 1.00e-20 1.00e-20 6.73e-16 1.01e-09 4.02e-05 1.00e+00 1.00e-20 1.00e-20 
2.29e+14   73      0 1.00e-20 1.00e-20 1.00e-20 8.27e-16 1.18e-09 4.38e-05 1.00e+00 1.00e-20 1.00e-20 
2.37e+14   74      0 1.00e-20 1.00e-20 1.00e-20 1.03e-15 1.40e-09 4.83e-05 1.00e+00 1.00e-20 1.00e-20 
2.44e+14   75      0 1.00e-20 1.00e-20 1.00e-20 1.23e-15 1.58e-09 5.15e-05 1.00e+00 1.00e-20 1.00e-20 
2.52e+14   76      0 1.00e-20 1.00e-20 1.00e-20 1.53e-15 1.87e-09 5.67e-05 1.00e+00 1.00e-20 1.00e-20 
2.60e+14   77      0 1.00e-20 1.00e-20 1.00e-20 1.83e-15 2.11e-09 5.95e-05 1.00e+00 1.00e-20 1.00e-20 
2.69e+14   78      0 1.00e-20 1.00e-20 1.00e-20 2.37e-15 2.57e-09 6.69e-05 1.00e+00 1.00e-20 1.00e-20 
2.78e+14   79      0 1.00e-20 1.00e-20 1.00e-20 2.97e-15 3.03e-09 7.30e-05 1.00e+00 1.00e-20 1.00e-20 
2.87e+14   80      0 1.00e-20 1.00e-20 1.00e-20 3.53e-15 3.39e-09 7.63e-05 1.00e+00 1.00e-20 1.00e-20 
2.96e+14   81      0 1.00e-20 1.00e-20 1.00e-20 4.61e-15 4.12e-09 8.50e-05 1.00e+00 1.00e-20 1.00e-20 
3.05e+14   82      0 1.00e-20 1.00e-20 1.00e-20 5.90e-15 4.91e-09 9.31e-05 1.00e+00 1.00e-20 1.00e-20 
3.15e+14   83      0 1.00e-20 1.00e-20 1.00e-20 7.83e-15 6.01e-09 1.04e-04 1.00e+00 1.00e-20 1.00e-20 
3.26e+14   84      0 1.00e-20 1.00e-20 1.00e-20 1.10e-14 7.77e-09 1.21e-04 1.00e+00 1.00e-20 1.00e-20 
3.36e+14   85      0 1.00e-20 1.00e-20 1.00e-20 1.48e-14 9.52e-09 1.34e-04 1.00e+00 1.00e-20 1.00e-20 
3.47e+14   86      0 1.00e-20 1.00e-20 1.00e-20 2.03e-14 1.19e-08 1.48e-04 1.00e+00 1.00e-20 1.00e-20 
3.58e+14   87      0 1.00e-20 1.00e-20 1.00e-20 2.88e-14 1.53e-08 1.71e-04 1.00e+00 1.00e-20 1.00e-20 
3.70e+14   88      0 1.00e-20 1.00e-20 1.00e-20 4.33e-14 2.08e-08 2.05e-04 1.00e+00 1.00e-20 1.00e-20 
3.82e+14   89      0 1.00e-20 1.00e-20 1.00e-20 5.39e-14 2.41e-08 2.18e-04 1.00e+00 1.00e-20 1.00e-20 
3.94e+14   90      0 1.00e-20 1.00e-20 1.00e-20 7.26e-14 3.08e-08 2.60e-04 1.00e+00 1.00e-20 1.00e-20 
4.07e+14   91      0 1.00e-20 1.00e-20 1.00e-20 8.57e-14 3.53e-08 2.80e-04 1.00e+00 1.00e-20 1.00e-20 
4.20e+14   92      0 1.00e-20 1.00e-20 1.00e-20 1.01e-13 4.09e-08 3.13e-04 1.00e+00 1.00e-20 1.00e-20 
4.34e+14   93      0 1.00e-20 1.00e-20 1.01e-20 1.20e-13 4.69e-08 3.42e-04 1.00e+00 1.00e-20 1.00e-20 
4.48e+14   94      0 1.00e-20 1.00e-20 1.26e-20 1.47e-13 5.50e-08 3.78e-04 1.00e+00 1.00e-20 1.00e-20 
4.63e+14   95      0 1.00e-20 1.00e-20 1.60e-20 1.82e-13 6.51e-08 4.19e-04 1.00e+00 1.00e-20 1.00e-20 
4.78e+14   96      0 1.00e-20 1.00e-20 2.14e-20 2.27e-13 7.51e-08 4.46e-04 1.00e+00 1.00e-20 1.00e-20 
4.93e+14   97      0 1.00e-20 1.00e-20 2.91e-20 3.02e-13 9.49e-08 5.21e-04 9.99e-01 1.00e-20 1.00e-20 
5.09e+14   98      0 1.00e-20 1.00e-20 3.71e-20 4.27e-13 1.34e-07 7.01e-04 9.99e-01 1.00e-20 1.00e-20 
5.26e+14   99      0 1.00e-20 1.00e-20 5.93e-20 5.13e-13 1.36e-07 6.31e-04 9.99e-01 1.00e-20 1.00e-20 
5.43e+14  100      0 1.00e-20 1.00e-20 4.18e-20 5.58e-13 1.73e-07 8.96e-04 9.99e-01 1.00e-20 1.00e-20 
5.60e+14  101      0 1.00e-20 1.00e-20 1.02e-19 1.62e-12 5.13e-07 2.75e-03 9.97e-01 1.00e-20 1.00e-20 
5.79e+14  102      0 1.00e-20 1.00e-20 2.19e-19 3.56e-12 1.10e-06 5.72e-03 9.94e-01 1.00e-20 1.00e-20 
5.97e+14  103      0 1.00e-20 1.00e-20 3.95e-17 6.64e-10 1.97e-04 1.00e+00 1.80e-17 1.00e-20 1.00e-20 
6.17e+14  104      0 1.00e-20 1.00e-20 4.67e-17 7.55e-10 2.10e-04 1.00e+00 7.95e-18 1.00e-20 1.00e-20 
6.37e+14  105      0 1.00e-20 1.00e-20 4.99e-17 8.04e-10 2.16e-04 1.00e+00 2.61e-18 1.00e-20 1.00e-20 
6.58e+14  106      0 1.00e-20 1.00e-20 5.16e-17 8.23e-10 2.20e-04 1.00e+00 3.40e-18 1.00e-20 1.00e-20 
6.79e+14  107      0 1.00e-20 1.00e-20 4.78e-17 7.99e-10 2.14e-04 1.00e+00 6.06e-19 1.00e-20 1.00e-20 
7.01e+14  108      0 1.00e-20 1.00e-20 4.55e-17 7.87e-10 2.09e-04 1.00e+00 6.93e-20 1.00e-20 1.00e-20 
7.24e+14  109      0 1.00e-20 1.00e-20 5.19e-17 8.49e-10 2.25e-04 1.00e+00 1.03e-18 1.00e-20 1.00e-20 
7.47e+14  110      0 1.00e-20 1.00e-20 4.13e-17 7.44e-10 1.99e-04 1.00e+00 1.00e-20 1.00e-20 1.00e-20 
7.71e+14  111      0 1.00e-20 1.00e-20 5.18e-17 8.25e-10 2.26e-04 1.00e+00 9.99e-18 1.00e-20 1.00e-20 
7.97e+14  112      0 1.00e-20 1.00e-20 4.54e-17 5.75e-10 1.52e-04 5.53e-01 4.47e-01 1.00e-20 1.00e-20 
8.22e+14  113      0 1.00e-20 1.00e-20 2.23e-13 3.56e-06 1.00e+00 3.29e-14 1.00e-20 1.00e-20 1.00e-20 
8.49e+14  114      0 1.00e-20 1.00e-20 2.17e-13 3.56e-06 1.00e+00 1.90e-14 1.00e-20 1.00e-20 1.00e-20 
8.77e+14  115      0 1.00e-20 1.00e-20 2.13e-13 3.54e-06 1.00e+00 1.35e-14 1.00e-20 1.00e-20 1.00e-20 
9.05e+14  116      0 1.00e-20 1.00e-20 1.99e-13 3.44e-06 1.00e+00 1.07e-14 1.00e-20 1.00e-20 1.00e-20 
9.35e+14  117      0 1.00e-20 1.00e-20 1.82e-13 3.32e-06 1.00e+00 8.00e-15 1.00e-20 1.00e-20 1.00e-20 
9.65e+14  118      0 1.00e-20 1.00e-20 1.74e-13 3.25e-06 1.00e+00 7.02e-15 1.00e-20 1.00e-20 1.00e-20 
9.96e+14  119      0 1.00e-20 1.00e-20 1.71e-13 3.26e-06 1.00e+00 4.20e-15 1.00e-20 1.00e-20 1.00e-20 
1.03e+15  120      0 1.00e-20 1.00e-20 1.62e-13 3.20e-06 1.00e+00 2.62e-15 1.00e-20 1.00e-20 1.00e-20 
1.06e+15  121      0 1.00e-20 1.00e-20 1.42e-13 3.04e-06 1.00e+00 6.38e-16 1.00e-20 1.00e-20 1.00e-20 
1.10e+15  122      0 1.00e-20 1.00e-20 1.25e-13 2.83e-06 1.00e+00 8.81e-16 1.00e-20 1.00e-20 1.00e-20 
1.13e+15  123      0 1.00e-20 1.00e-20 1.02e-13 2.71e-06 1.00e+00 1.36e-18 1.00e-20 1.00e-20 1.00e-20 
1.17e+15  124      0 1.00e-20 1.00e-20 9.81e-14 2.47e-06 1.00e+00 8.91e-16 1.00e-20 1.00e-20 1.00e-20 
1.21e+15  125      0 1.00e-20 1.00e-20 1.36e-13 3.35e-06 1.00e+00 2.09e-17 1.00e-20 1.00e-20 1.00e-20 
1.25e+15  126      0 1.00e-20 1.00e-20 2.24e-13 4.95e-06 1.00e+00 2.52e-16 1.00e-20 1.00e-20 1.00e-20 
1.29e+15  127      0 1.00e-20 1.00e-20 2.49e-13 5.31e-06 1.00e+00 7.44e-16 1.00e-20 1.00e-20 1.00e-20 
1.33e+15  128      0 1.00e-20 1.00e-20 2.49e-13 5.34e-06 1.00e+00 6.78e-16 1.00e-20 1.00e-20 1.00e-20 
1.37e+15  129      0 1.00e-20 1.00e-20 2.31e-13 5.27e-06 1.00e+00 1.13e-16 1.00e-20 1.00e-20 1.00e-20 
1.42e+15  130      0 1.00e-20 1.00e-20 2.15e-13 5.04e-06 1.00e+00 1.85e-16 1.00e-20 1.00e-20 1.00e-20 
1.46e+15  131      0 1.00e-20 1.00e-20 1.88e-13 4.67e-06 1.00e+00 2.49e-16 1.00e-20 1.00e-20 1.00e-20 
1.51e+15  132      0 1.00e-20 1.00e-20 1.66e-13 4.36e-06 1.00e+00 3.07e-16 1.00e-20 1.00e-20 1.00e-20 
1.56e+15  133      0 1.00e-20 1.00e-20 1.51e-13 4.12e-06 1.00e+00 3.46e-16 1.00e-20 1.00e-20 1.00e-20 
1.61e+15  134      0 1.00e-20 1.00e-20 1.37e-13 3.90e-06 1.00e+00 4.09e-16 1.00e-20 1.00e-20 1.00e-20 
1.66e+15  135      0 1.00e-20 1.00e-20 1.22e-13 3.65e-06 1.00e+00 6.06e-16 1.00e-20 1.00e-20 1.00e-20 
1.71e+15  136      0 1.00e-20 1.00e-20 1.07e-13 3.39e-06 1.00e+00 6.80e-16 1.00e-20 1.00e-20 1.00e-20 
1.77e+15  137      0 1.00e-20 1.00e-20 9.73e-14 3.23e-06 1.00e+00 5.14e-16 1.00e-20 1.00e-20 1.00e-20 
1.83e+15  138      0 1.00e-20 1.00e-20 9.23e-14 3.11e-06 1.00e+00 8.16e-16 1.00e-20 1.00e-20 1.00e-20 
1.89e+15  139      0 1.00e-20 1.00e-20 8.89e-14 3.03e-06 1.00e+00 8.56e-16 1.00e-20 1.00e-20 1.00e-20 
1.95e+15  140      0 1.00e-20 1.00e-20 8.64e-14 2.96e-06 1.00e+00 8.94e-16 1.00e-20 1.00e-20 1.00e-20 
2.01e+15  141      0 1.00e-20 1.00e-20 8.54e-14 2.92e-06 1.00e+00 9.25e-16 1.00e-20 1.00e-20 1.00e-20 
2.08e+15  142      0 1.00e-20 1.00e-20 8.81e-14 2.95e-06 1.00e+00 8.37e-16 1.00e-20 1.00e-20 1.00e-20 
2.14e+15  143      0 1.00e-20 1.00e-20 8.85e-14 2.93e-06 1.00e+00 8.63e-16 1.00e-20 1.00e-20 1.00e-20 
2.21e+15  144      0 1.00e-20 1.00e-20 8.84e-14 2.91e-06 1.00e+00 8.99e-16 1.00e-20 1.00e-20 1.00e-20 
2.29e+15  145      0 1.00e-20 1.00e-20 8.74e-14 2.88e-06 1.00e+00 9.36e-16 1.00e-20 1.00e-20 1.00e-20 
2.36e+15  146      0 1.00e-20 1.00e-20 8.26e-14 2.77e-06 1.00e+00 1.06e-15 1.00e-20 1.00e-20 1.00e-20 
2.44e+15  147      0 1.00e-20 1.00e-20 7.86e-14 2.68e-06 1.00e+00 1.15e-15 1.00e-20 1.00e-20 1.00e-20 
2.52e+15  148      0 1.00e-20 1.00e-20 7.32e-14 2.56e-06 1.00e+00 1.24e-15 1.00e-20 1.00e-20 1.00e-20 
2.60e+15  149      0 1.00e-20 1.00e-20 6.80e-14 2.44e-06 1.00e+00 1.41e-15 1.00e-20 1.00e-20 1.00e-20 
2.68e+15  150      0 1.00e-20 1.00e-20 6.39e-14 2.35e-06 1.00e+00 1.70e-15 1.00e-20 1.00e-20 1.00e-20 
2.77e+15  151      0 1.00e-20 1.00e-20 5.63e-14 2.18e-06 1.00e+00 2.34e-15 1.00e-20 1.00e-20 1.00e-20 
2.86e+15  152      0 1.00e-20 1.00e-20 4.99e-14 2.05e-06 1.00e+00 3.14e-15 1.00e-20 1.00e-20 1.00e-20 
2.95e+15  153     -1 0.00e+00 0.00e+00 0.00e+00 0.00e+00 0.00e+00 0.00e+00 0.00e+00 0.00e+00 0.00e+00 
3.05e+15  154     -1 0.00e+00 0.00e+00 0.00e+00 0.00e+00 0.00e+00 0.00e+00 0.00e+00 0.00e+00 0.00e+00 
