        r    i inwind converge       v_x       v_y       v_z       vol       rho        ne       t_e       t_r         w  ave_freq         J  J_direct   J_scatt   lum_tot  heat_tot heat_comp heat_line   heat_ff heat_phot heat_auge  cool_tot cool_comp lum_lines   cool_dr    lum_ff    lum_rr   cool_rr cool_adia heat_shoc heat_line heat_phot 
2.223e+13    0     -1        0  5.65e+09  0.00e+00  0.00e+00  0.00e+00  0.00e+00  0.00e+00  0.00e+00  0.00e+00  0.00e+00  0.00e+00  0.00e+00  0.00e+00  0.00e+00  0.00e+00  0.00e+00  0.00e+00  0.00e+00  0.00e+00  0.00e+00  0.00e+00  0.00e+00  0.00e+00  0.00e+00  0.00e+00  0.00e+00  0.00e+00  0.00e+00  0.00e+00  0.00e+00  0.00e+00  0.00e+00 
2.296e+13    1      0        0  5.48e+09  0.00e+00  0.00e+00  5.18e+39  2.83e-12  1.45e+12  2.64e+05  1.77e+05  1.22e+01  1.41e+16  2.13e+17  6.55e+16  1.48e+17  2.20e+40  2.41e+42  1.50e+42  7.73e+35  8.10e+40  4.86e+39  0.00e+00  2.41e+42  2.38e+42  7.11e+35  0.00e+00  1.32e+40  9.89e+39  8.82e+39  1.16e+38  0.00e+00  6.81e+35  4.46e+39 
2.370e+13    2      0        0  5.29e+09  0.00e+00  0.00e+00  5.70e+39  2.76e-12  1.42e+12  2.62e+05  1.74e+05  1.25e+01  1.39e+16  2.04e+17  2.19e+16  1.82e+17  2.30e+40  2.46e+42  1.52e+42  7.51e+35  8.49e+40  4.89e+39  0.00e+00  2.46e+42  2.44e+42  5.89e+35  0.00e+00  1.38e+40  1.04e+40  9.24e+39  1.07e+38  0.00e+00  6.46e+35  4.47e+39 
2.447e+13    3      0        0  5.10e+09  0.00e+00  0.00e+00  6.26e+39  2.70e-12  1.38e+12  2.60e+05  1.72e+05  1.25e+01  1.37e+16  1.97e+17  8.80e+15  1.88e+17  2.41e+40  2.52e+42  1.56e+42  8.19e+35  8.78e+40  5.25e+39  0.00e+00  2.52e+42  2.50e+42  7.26e+35  0.00e+00  1.44e+40  1.09e+40  9.69e+39  1.04e+38  0.00e+00  6.99e+35  4.82e+39 
2.527e+13    4      0        0  4.92e+09  0.00e+00  0.00e+00  6.89e+39  2.63e-12  1.35e+12  2.58e+05  1.71e+05  1.24e+01  1.36e+16  1.90e+17  3.75e+15  1.86e+17  2.52e+40  2.59e+42  1.61e+42  9.03e+35  9.08e+40  5.50e+39  0.00e+00  2.59e+42  2.57e+42  8.33e+35  0.00e+00  1.50e+40  1.14e+40  1.02e+40  1.04e+38  0.00e+00  7.69e+35  5.04e+39 
2.609e+13    5      0        0  4.74e+09  0.00e+00  0.00e+00  7.57e+39  2.57e-12  1.32e+12  2.56e+05  1.70e+05  1.23e+01  1.35e+16  1.84e+17  1.65e+15  1.82e+17  2.64e+40  2.67e+42  1.66e+42  6.00e+35  9.45e+40  5.60e+39  0.00e+00  2.67e+42  2.65e+42  8.31e+35  0.00e+00  1.57e+40  1.20e+40  1.07e+40  1.02e+38  0.00e+00  4.53e+35  5.12e+39 
2.693e+13    6      0        0  4.57e+09  0.00e+00  0.00e+00  8.33e+39  2.51e-12  1.29e+12  2.54e+05  1.68e+05  1.22e+01  1.35e+16  1.78e+17  7.41e+14  1.77e+17  2.76e+40  2.76e+42  1.71e+42  9.26e+35  9.88e+40  6.02e+39  0.00e+00  2.75e+42  2.73e+42  8.47e+35  0.00e+00  1.64e+40  1.26e+40  1.12e+40  9.82e+37  0.00e+00  7.64e+35  5.52e+39 
2.781e+13    7      0        0  4.40e+09  0.00e+00  0.00e+00  9.16e+39  2.45e-12  1.26e+12  2.52e+05  1.68e+05  1.21e+01  1.34e+16  1.72e+17  3.35e+14  1.72e+17  2.88e+40  2.84e+42  1.77e+42  1.20e+36  1.02e+41  6.39e+39  0.00e+00  2.84e+42  2.81e+42  9.29e+35  0.00e+00  1.71e+40  1.32e+40  1.17e+40  9.24e+37  0.00e+00  1.02e+36  5.86e+39 
2.871e+13    8      0        0  4.23e+09  0.00e+00  0.00e+00  1.01e+40  2.39e-12  1.23e+12  2.50e+05  1.67e+05  1.20e+01  1.33e+16  1.66e+17  1.53e+14  1.66e+17  3.01e+40  2.93e+42  1.83e+42  9.89e+35  1.06e+41  6.67e+39  0.00e+00  2.93e+42  2.90e+42  1.01e+36  0.00e+00  1.78e+40  1.38e+40  1.23e+40  8.51e+37  0.00e+00  7.91e+35  6.12e+39 
2.964e+13    9      0        0  4.06e+09  0.00e+00  0.00e+00  1.11e+40  2.33e-12  1.19e+12  2.48e+05  1.66e+05  1.18e+01  1.32e+16  1.61e+17  7.01e+13  1.61e+17  3.14e+40  3.01e+42  1.89e+42  1.32e+36  1.10e+41  7.09e+39  0.00e+00  3.01e+42  2.98e+42  1.07e+36  0.00e+00  1.85e+40  1.45e+40  1.29e+40  7.89e+37  0.00e+00  1.10e+36  6.51e+39 
3.061e+13   10      0        0  3.89e+09  0.00e+00  0.00e+00  1.22e+40  2.27e-12  1.16e+12  2.46e+05  1.65e+05  1.17e+01  1.31e+16  1.55e+17  3.20e+13  1.55e+17  3.25e+40  3.08e+42  1.93e+42  1.38e+36  1.13e+41  7.25e+39  0.00e+00  3.08e+42  3.04e+42  1.12e+36  0.00e+00  1.92e+40  1.50e+40  1.34e+40  7.73e+37  0.00e+00  1.15e+36  6.64e+39 
3.160e+13   11      0        0  3.73e+09  0.00e+00  0.00e+00  1.34e+40  2.20e-12  1.13e+12  2.44e+05  1.64e+05  1.15e+01  1.31e+16  1.49e+17  1.45e+13  1.49e+17  3.36e+40  3.13e+42  1.98e+42  1.40e+36  1.16e+41  7.48e+39  0.00e+00  3.13e+42  3.10e+42  1.16e+36  0.00e+00  1.98e+40  1.56e+40  1.39e+40  8.32e+37  0.00e+00  1.13e+36  6.85e+39 
3.262e+13   12      0        0  3.58e+09  0.00e+00  0.00e+00  1.47e+40  2.13e-12  1.09e+12  2.41e+05  1.63e+05  1.14e+01  1.30e+16  1.43e+17  6.69e+12  1.43e+17  3.47e+40  3.18e+42  2.01e+42  1.57e+36  1.18e+41  7.77e+39  0.00e+00  3.18e+42  3.14e+42  1.23e+36  0.00e+00  2.04e+40  1.62e+40  1.44e+40  8.91e+37  0.00e+00  1.28e+36  7.12e+39 
3.368e+13   13      0        0  3.45e+09  0.00e+00  0.00e+00  1.62e+40  2.07e-12  1.06e+12  2.39e+05  1.61e+05  1.12e+01  1.29e+16  1.37e+17  3.05e+12  1.37e+17  3.58e+40  3.21e+42  2.05e+42  1.59e+36  1.20e+41  8.15e+39  0.00e+00  3.21e+42  3.18e+42  1.47e+36  0.00e+00  2.09e+40  1.68e+40  1.49e+40  8.44e+37  0.00e+00  1.27e+36  7.47e+39 
3.478e+13   14      0        0  3.31e+09  0.00e+00  0.00e+00  1.78e+40  2.00e-12  1.02e+12  2.36e+05  1.60e+05  1.10e+01  1.28e+16  1.32e+17  1.49e+12  1.32e+17  3.67e+40  3.23e+42  2.07e+42  1.67e+36  1.22e+41  8.25e+39  0.00e+00  3.23e+42  3.20e+42  1.37e+36  0.00e+00  2.14e+40  1.73e+40  1.53e+40  7.59e+37  0.00e+00  1.32e+36  7.55e+39 
3.591e+13   15      0        0  3.18e+09  0.00e+00  0.00e+00  1.96e+40  1.93e-12  9.89e+11  2.33e+05  1.59e+05  1.08e+01  1.27e+16  1.25e+17  6.93e+11  1.25e+17  3.75e+40  3.24e+42  2.08e+42  1.65e+36  1.24e+41  8.62e+39  0.00e+00  3.24e+42  3.20e+42  1.54e+36  0.00e+00  2.18e+40  1.77e+40  1.57e+40  7.85e+37  0.00e+00  1.26e+36  7.90e+39 
3.707e+13   16      0        0  3.06e+09  0.00e+00  0.00e+00  2.16e+40  1.86e-12  9.52e+11  2.30e+05  1.58e+05  1.06e+01  1.26e+16  1.19e+17  2.99e+11  1.19e+17  3.80e+40  3.22e+42  2.08e+42  1.69e+36  1.24e+41  8.69e+39  0.00e+00  3.22e+42  3.18e+42  1.44e+36  0.00e+00  2.20e+40  1.81e+40  1.60e+40  8.90e+37  0.00e+00  1.26e+36  7.95e+39 
3.828e+13   17      0        0  2.95e+09  0.00e+00  0.00e+00  2.37e+40  1.78e-12  9.14e+11  2.27e+05  1.57e+05  1.04e+01  1.25e+16  1.13e+17  1.14e+11  1.13e+17  3.84e+40  3.17e+42  2.07e+42  1.61e+36  1.24e+41  8.90e+39  0.00e+00  3.18e+42  3.14e+42  1.55e+36  0.00e+00  2.22e+40  1.84e+40  1.63e+40  9.07e+37  0.00e+00  1.13e+36  8.14e+39 
3.952e+13   18      0        0  2.85e+09  0.00e+00  0.00e+00  2.61e+40  1.71e-12  8.75e+11  2.24e+05  1.55e+05  1.01e+01  1.24e+16  1.07e+17  5.04e+10  1.07e+17  3.86e+40  3.11e+42  2.04e+42  1.78e+36  1.23e+41  8.99e+39  0.00e+00  3.12e+42  3.08e+42  1.59e+36  0.00e+00  2.22e+40  1.86e+40  1.64e+40  8.69e+37  0.00e+00  1.26e+36  8.22e+39 
4.080e+13   19      0        0  2.75e+09  0.00e+00  0.00e+00  2.87e+40  1.63e-12  8.36e+11  2.20e+05  1.54e+05  9.87e+00  1.23e+16  1.00e+17  1.51e+10  1.00e+17  3.86e+40  3.04e+42  2.00e+42  1.69e+36  1.21e+41  9.05e+39  0.00e+00  3.04e+42  3.00e+42  1.47e+36  0.00e+00  2.21e+40  1.87e+40  1.65e+40  9.19e+37  0.00e+00  1.11e+36  8.27e+39 
4.213e+13   20      0        0  2.67e+09  0.00e+00  0.00e+00  3.16e+40  1.56e-12  7.98e+11  2.17e+05  1.53e+05  9.60e+00  1.22e+16  9.42e+16  1.12e+10  9.42e+16  3.85e+40  2.94e+42  1.95e+42  2.01e+36  1.19e+41  9.16e+39  0.00e+00  2.94e+42  2.91e+42  1.27e+36  0.00e+00  2.20e+40  1.88e+40  1.66e+40  1.05e+38  0.00e+00  1.37e+36  8.37e+39 
4.350e+13   21      0        0  2.60e+09  0.00e+00  0.00e+00  3.48e+40  1.49e-12  7.61e+11  2.13e+05  1.51e+05  9.33e+00  1.21e+16  8.82e+16  6.78e+09  8.82e+16  3.84e+40  2.84e+42  1.90e+42  2.08e+36  1.16e+41  9.19e+39  0.00e+00  2.84e+42  2.80e+42  1.26e+36  0.00e+00  2.18e+40  1.88e+40  1.66e+40  1.09e+38  0.00e+00  1.36e+36  8.40e+39 
4.491e+13   22      0        0  2.53e+09  0.00e+00  0.00e+00  3.83e+40  1.41e-12  7.23e+11  2.09e+05  1.50e+05  9.06e+00  1.20e+16  8.24e+16  2.37e+09  8.24e+16  3.80e+40  2.73e+42  1.84e+42  1.86e+36  1.13e+41  9.08e+39  0.00e+00  2.73e+42  2.69e+42  1.79e+36  0.00e+00  2.15e+40  1.87e+40  1.65e+40  1.03e+38  0.00e+00  1.07e+36  8.28e+39 
4.637e+13   23      0        0  2.47e+09  0.00e+00  0.00e+00  4.21e+40  1.34e-12  6.86e+11  2.06e+05  1.48e+05  8.77e+00  1.18e+16  7.67e+16  0.00e+00  7.67e+16  3.74e+40  2.61e+42  1.77e+42  2.28e+36  1.09e+41  9.24e+39  0.00e+00  2.61e+42  2.57e+42  1.86e+36  0.00e+00  2.10e+40  1.86e+40  1.64e+40  1.04e+38  0.00e+00  1.41e+36  8.44e+39 
4.787e+13   24      0        0  2.42e+09  0.00e+00  0.00e+00  4.64e+40  1.27e-12  6.50e+11  2.02e+05  1.47e+05  8.48e+00  1.17e+16  7.13e+16  0.00e+00  7.13e+16  3.68e+40  2.49e+42  1.70e+42  2.43e+36  1.05e+41  9.09e+39  0.00e+00  2.49e+42  2.45e+42  1.61e+36  0.00e+00  2.06e+40  1.84e+40  1.62e+40  1.15e+38  0.00e+00  1.47e+36  8.29e+39 
4.942e+13   25      0        0  2.37e+09  0.00e+00  0.00e+00  5.10e+40  1.20e-12  6.17e+11  1.98e+05  1.45e+05  8.20e+00  1.16e+16  6.62e+16  0.00e+00  6.62e+16  3.62e+40  2.37e+42  1.63e+42  2.67e+36  1.01e+41  9.13e+39  0.00e+00  2.37e+42  2.33e+42  1.96e+36  0.00e+00  2.02e+40  1.83e+40  1.60e+40  1.19e+38  0.00e+00  1.59e+36  8.33e+39 
5.103e+13   26      0        0  2.34e+09  0.00e+00  0.00e+00  5.62e+40  1.14e-12  5.86e+11  1.95e+05  1.44e+05  7.93e+00  1.15e+16  6.14e+16  0.00e+00  6.14e+16  3.58e+40  2.25e+42  1.57e+42  2.43e+36  9.78e+40  9.05e+39  0.00e+00  2.25e+42  2.22e+42  1.96e+36  0.00e+00  1.98e+40  1.82e+40  1.59e+40  1.13e+38  0.00e+00  1.27e+36  8.25e+39 
5.269e+13   27      0        0  2.30e+09  0.00e+00  0.00e+00  6.18e+40  1.09e-12  5.56e+11  1.91e+05  1.42e+05  7.65e+00  1.14e+16  5.68e+16  0.00e+00  5.68e+16  3.53e+40  2.14e+42  1.50e+42  2.82e+36  9.46e+40  9.07e+39  0.00e+00  2.14e+42  2.11e+42  1.96e+36  0.00e+00  1.95e+40  1.81e+40  1.58e+40  1.11e+38  0.00e+00  1.52e+36  8.27e+39 
5.440e+13   28      0        0  2.26e+09  0.00e+00  0.00e+00  6.80e+40  1.03e-12  5.28e+11  1.88e+05  1.41e+05  7.38e+00  1.13e+16  5.25e+16  0.00e+00  5.25e+16  3.49e+40  2.03e+42  1.43e+42  2.53e+36  9.16e+40  8.98e+39  0.00e+00  2.03e+42  2.00e+42  2.12e+36  0.00e+00  1.92e+40  1.80e+40  1.57e+40  1.19e+38  0.00e+00  1.05e+36  8.18e+39 
5.616e+13   29      0        0  2.24e+09  0.00e+00  0.00e+00  7.49e+40  9.80e-13  5.02e+11  1.84e+05  1.39e+05  7.11e+00  1.11e+16  4.85e+16  0.00e+00  4.85e+16  3.44e+40  1.92e+42  1.37e+42  3.26e+36  8.83e+40  8.90e+39  0.00e+00  1.92e+42  1.89e+42  2.26e+36  0.00e+00  1.88e+40  1.79e+40  1.56e+40  1.24e+38  0.00e+00  1.53e+36  8.09e+39 
5.799e+13   30      0        0  2.22e+09  0.00e+00  0.00e+00  8.24e+40  9.30e-13  4.76e+11  1.81e+05  1.38e+05  6.85e+00  1.10e+16  4.47e+16  0.00e+00  4.47e+16  3.40e+40  1.82e+42  1.30e+42  3.49e+36  8.54e+40  8.90e+39  0.00e+00  1.82e+42  1.79e+42  2.23e+36  0.00e+00  1.85e+40  1.78e+40  1.55e+40  1.21e+38  0.00e+00  1.53e+36  8.10e+39 
5.987e+13   31      0        0  2.20e+09  0.00e+00  0.00e+00  9.07e+40  8.84e-13  4.53e+11  1.77e+05  1.36e+05  6.59e+00  1.09e+16  4.12e+16  0.00e+00  4.12e+16  3.36e+40  1.72e+42  1.24e+42  3.77e+36  8.22e+40  8.96e+39  0.00e+00  1.72e+42  1.69e+42  2.00e+36  0.00e+00  1.82e+40  1.77e+40  1.54e+40  1.19e+38  0.00e+00  1.59e+36  8.15e+39 
6.181e+13   32      0        0  2.18e+09  0.00e+00  0.00e+00  9.98e+40  8.39e-13  4.30e+11  1.74e+05  1.35e+05  6.33e+00  1.08e+16  3.79e+16  0.00e+00  3.79e+16  3.31e+40  1.62e+42  1.18e+42  4.18e+36  7.88e+40  8.52e+39  0.00e+00  1.62e+42  1.59e+42  2.29e+36  0.00e+00  1.78e+40  1.76e+40  1.53e+40  1.23e+38  0.00e+00  1.64e+36  7.73e+39 
6.382e+13   33      0        0  2.16e+09  0.00e+00  0.00e+00  1.10e+41  7.96e-13  4.08e+11  1.70e+05  1.33e+05  6.07e+00  1.07e+16  3.48e+16  0.00e+00  3.48e+16  3.27e+40  1.53e+42  1.12e+42  4.63e+36  7.57e+40  8.58e+39  0.00e+00  1.53e+42  1.50e+42  2.46e+36  0.00e+00  1.75e+40  1.75e+40  1.52e+40  1.30e+38  0.00e+00  1.65e+36  7.79e+39 
6.589e+13   34      0        0  2.16e+09  0.00e+00  0.00e+00  1.21e+41  7.55e-13  3.87e+11  1.67e+05  1.32e+05  5.83e+00  1.05e+16  3.19e+16  0.00e+00  3.19e+16  3.22e+40  1.44e+42  1.06e+42  4.94e+36  7.26e+40  8.70e+39  0.00e+00  1.44e+42  1.41e+42  2.48e+36  0.00e+00  1.71e+40  1.73e+40  1.50e+40  1.30e+38  0.00e+00  1.60e+36  7.90e+39 
6.803e+13   35      0        0  2.16e+09  0.00e+00  0.00e+00  1.33e+41  7.16e-13  3.67e+11  1.64e+05  1.31e+05  5.59e+00  1.04e+16  2.93e+16  0.00e+00  2.93e+16  3.16e+40  1.35e+42  1.01e+42  5.38e+36  6.97e+40  8.59e+39  0.00e+00  1.35e+42  1.32e+42  2.72e+36  0.00e+00  1.68e+40  1.72e+40  1.49e+40  1.29e+38  0.00e+00  1.65e+36  7.79e+39 
7.024e+13   36      0        0  2.15e+09  0.00e+00  0.00e+00  1.46e+41  6.79e-13  3.48e+11  1.61e+05  1.29e+05  5.37e+00  1.03e+16  2.69e+16  0.00e+00  2.69e+16  3.11e+40  1.27e+42  9.52e+41  6.10e+36  6.64e+40  8.63e+39  0.00e+00  1.27e+42  1.24e+42  3.07e+36  0.00e+00  1.64e+40  1.70e+40  1.47e+40  1.30e+38  0.00e+00  1.76e+36  7.83e+39 
7.252e+13   37      0        0  2.15e+09  0.00e+00  0.00e+00  1.61e+41  6.44e-13  3.30e+11  1.58e+05  1.28e+05  5.15e+00  1.02e+16  2.47e+16  0.00e+00  2.47e+16  3.06e+40  1.20e+42  9.01e+41  6.84e+36  6.34e+40  8.57e+39  0.00e+00  1.20e+42  1.17e+42  3.33e+36  0.00e+00  1.61e+40  1.69e+40  1.46e+40  1.35e+38  0.00e+00  1.68e+36  7.77e+39 
7.488e+13   38      0        0  2.16e+09  0.00e+00  0.00e+00  1.77e+41  6.10e-13  3.13e+11  1.55e+05  1.26e+05  4.93e+00  1.01e+16  2.26e+16  0.00e+00  2.26e+16  3.02e+40  1.13e+42  8.53e+41  7.66e+36  6.07e+40  8.25e+39  0.00e+00  1.13e+42  1.10e+42  3.43e+36  0.00e+00  1.57e+40  1.67e+40  1.44e+40  1.36e+38  0.00e+00  1.79e+36  7.46e+39 
7.731e+13   39      0        0  2.16e+09  0.00e+00  0.00e+00  1.95e+41  5.79e-13  2.96e+11  1.52e+05  1.25e+05  4.72e+00  9.97e+15  2.07e+16  0.00e+00  2.07e+16  2.97e+40  1.06e+42  8.07e+41  8.16e+36  5.82e+40  8.24e+39  0.00e+00  1.06e+42  1.03e+42  3.76e+36  0.00e+00  1.54e+40  1.66e+40  1.43e+40  1.34e+38  0.00e+00  1.63e+36  7.44e+39 
7.982e+13   40      0        0  2.17e+09  0.00e+00  0.00e+00  2.15e+41  5.49e-13  2.81e+11  1.50e+05  1.24e+05  4.52e+00  9.87e+15  1.90e+16  0.00e+00  1.90e+16  2.93e+40  9.97e+41  7.64e+41  8.81e+36  5.55e+40  8.15e+39  0.00e+00  9.98e+41  9.68e+41  4.10e+36  0.00e+00  1.51e+40  1.64e+40  1.42e+40  1.33e+38  0.00e+00  1.71e+36  7.35e+39 
8.241e+13   41      0        0  2.17e+09  0.00e+00  0.00e+00  2.36e+41  5.21e-13  2.67e+11  1.47e+05  1.22e+05  4.33e+00  9.76e+15  1.74e+16  0.00e+00  1.74e+16  2.88e+40  9.38e+41  7.23e+41  9.41e+36  5.32e+40  8.24e+39  0.00e+00  9.39e+41  9.09e+41  4.45e+36  0.00e+00  1.48e+40  1.63e+40  1.40e+40  1.33e+38  0.00e+00  1.53e+36  7.45e+39 
8.508e+13   42      0        0  2.18e+09  0.00e+00  0.00e+00  2.60e+41  4.93e-13  2.53e+11  1.44e+05  1.21e+05  4.15e+00  9.65e+15  1.60e+16  0.00e+00  1.60e+16  2.83e+40  8.83e+41  6.83e+41  1.09e+37  5.11e+40  8.44e+39  0.00e+00  8.83e+41  8.54e+41  4.59e+36  0.00e+00  1.45e+40  1.61e+40  1.38e+40  1.36e+38  0.00e+00  1.75e+36  7.65e+39 
8.785e+13   43      0        0  2.19e+09  0.00e+00  0.00e+00  2.86e+41  4.68e-13  2.40e+11  1.42e+05  1.20e+05  3.97e+00  9.55e+15  1.46e+16  0.00e+00  1.46e+16  2.79e+40  8.32e+41  6.47e+41  1.23e+37  4.88e+40  8.31e+39  0.00e+00  8.32e+41  8.03e+41  5.06e+36  0.00e+00  1.42e+40  1.60e+40  1.37e+40  1.38e+38  0.00e+00  1.69e+36  7.53e+39 
9.070e+13   44      0        0  2.20e+09  0.00e+00  0.00e+00  3.15e+41  4.44e-13  2.27e+11  1.39e+05  1.18e+05  3.80e+00  9.44e+15  1.34e+16  0.00e+00  1.34e+16  2.75e+40  7.84e+41  6.13e+41  1.34e+37  4.69e+40  8.02e+39  0.00e+00  7.84e+41  7.56e+41  5.77e+36  0.00e+00  1.39e+40  1.59e+40  1.36e+40  1.37e+38  0.00e+00  1.63e+36  7.22e+39 
9.364e+13   45      0        0  2.21e+09  0.00e+00  0.00e+00  3.47e+41  4.21e-13  2.15e+11  1.37e+05  1.17e+05  3.63e+00  9.34e+15  1.23e+16  0.00e+00  1.23e+16  2.70e+40  7.38e+41  5.80e+41  1.39e+37  4.46e+40  8.24e+39  0.00e+00  7.38e+41  7.10e+41  6.31e+36  0.00e+00  1.36e+40  1.57e+40  1.34e+40  1.33e+38  0.00e+00  1.45e+36  7.45e+39 
9.668e+13   46      0        0  2.22e+09  0.00e+00  0.00e+00  3.82e+41  3.98e-13  2.04e+11  1.35e+05  1.16e+05  3.48e+00  9.24e+15  1.13e+16  0.00e+00  1.13e+16  2.65e+40  6.94e+41  5.48e+41  1.51e+37  4.23e+40  7.72e+39  0.00e+00  6.94e+41  6.67e+41  6.67e+36  0.00e+00  1.33e+40  1.55e+40  1.32e+40  1.33e+38  0.00e+00  1.48e+36  6.94e+39 
9.982e+13   47      0        0  2.23e+09  0.00e+00  0.00e+00  4.20e+41  3.77e-13  1.93e+11  1.32e+05  1.15e+05  3.33e+00  9.15e+15  1.04e+16  0.00e+00  1.04e+16  2.61e+40  6.55e+41  5.20e+41  1.76e+37  4.03e+40  7.97e+39  0.00e+00  6.55e+41  6.28e+41  7.81e+36  0.00e+00  1.30e+40  1.53e+40  1.31e+40  1.38e+38  0.00e+00  1.57e+36  7.20e+39 
1.031e+14   48      0        0  2.24e+09  0.00e+00  0.00e+00  4.63e+41  3.59e-13  1.84e+11  1.30e+05  1.13e+05  3.19e+00  9.05e+15  9.52e+15  0.00e+00  9.52e+15  2.59e+40  6.21e+41  4.95e+41  1.94e+37  3.85e+40  7.68e+39  0.00e+00  6.21e+41  5.95e+41  7.97e+36  0.00e+00  1.29e+40  1.53e+40  1.30e+40  1.38e+38  0.00e+00  1.87e+36  6.88e+39 
1.064e+14   49      0        0  2.26e+09  0.00e+00  0.00e+00  5.09e+41  3.41e-13  1.75e+11  1.28e+05  1.12e+05  3.06e+00  8.96e+15  8.75e+15  0.00e+00  8.75e+15  2.56e+40  5.88e+41  4.70e+41  1.98e+37  3.69e+40  8.18e+39  0.00e+00  5.88e+41  5.62e+41  9.03e+36  0.00e+00  1.27e+40  1.52e+40  1.29e+40  1.31e+38  0.00e+00  1.64e+36  7.39e+39 
1.099e+14   50      0        0  2.26e+09  0.00e+00  0.00e+00  5.60e+41  3.24e-13  1.66e+11  1.26e+05  1.11e+05  2.92e+00  8.87e+15  8.04e+15  0.00e+00  8.04e+15  2.53e+40  5.57e+41  4.47e+41  2.08e+37  3.53e+40  8.11e+39  0.00e+00  5.57e+41  5.32e+41  1.08e+37  0.00e+00  1.25e+40  1.51e+40  1.28e+40  1.30e+38  0.00e+00  1.21e+36  7.33e+39 
1.134e+14   51      0        0  2.27e+09  0.00e+00  0.00e+00  6.17e+41  3.08e-13  1.58e+11  1.24e+05  1.10e+05  2.80e+00  8.78e+15  7.39e+15  0.00e+00  7.39e+15  2.50e+40  5.28e+41  4.25e+41  2.47e+37  3.38e+40  7.99e+39  0.00e+00  5.28e+41  5.02e+41  1.18e+37  0.00e+00  1.22e+40  1.50e+40  1.27e+40  1.37e+38  0.00e+00  1.64e+36  7.22e+39 
1.171e+14   52      0        0  2.28e+09  0.00e+00  0.00e+00  6.79e+41  2.93e-13  1.50e+11  1.22e+05  1.09e+05  2.68e+00  8.69e+15  6.79e+15  0.00e+00  6.79e+15  2.49e+40  5.02e+41  4.06e+41  2.79e+37  3.25e+40  7.73e+39  0.00e+00  5.02e+41  4.76e+41  1.32e+37  0.00e+00  1.21e+40  1.50e+40  1.27e+40  1.39e+38  0.00e+00  1.88e+36  6.97e+39 
1.209e+14   53      0        0  2.29e+09  0.00e+00  0.00e+00  7.47e+41  2.79e-13  1.43e+11  1.20e+05  1.08e+05  2.57e+00  8.60e+15  6.25e+15  0.00e+00  6.25e+15  2.47e+40  4.77e+41  3.87e+41  2.80e+37  3.12e+40  7.89e+39  0.00e+00  4.78e+41  4.52e+41  1.47e+37  0.00e+00  1.20e+40  1.50e+40  1.27e+40  1.31e+38  0.00e+00  1.55e+36  7.13e+39 
1.248e+14   54      0        0  2.30e+09  0.00e+00  0.00e+00  8.22e+41  2.65e-13  1.36e+11  1.18e+05  1.07e+05  2.45e+00  8.52e+15  5.75e+15  0.00e+00  5.75e+15  2.45e+40  4.54e+41  3.70e+41  2.97e+37  2.98e+40  8.29e+39  0.00e+00  4.55e+41  4.29e+41  1.63e+37  0.00e+00  1.18e+40  1.49e+40  1.26e+40  1.27e+38  0.00e+00  1.94e+36  7.47e+39 
1.289e+14   55      0        0  2.30e+09  0.00e+00  0.00e+00  9.05e+41  2.52e-13  1.29e+11  1.17e+05  1.06e+05  2.35e+00  8.44e+15  5.29e+15  0.00e+00  5.29e+15  2.42e+40  4.32e+41  3.52e+41  3.44e+37  2.85e+40  8.22e+39  0.00e+00  4.32e+41  4.07e+41  1.85e+37  0.00e+00  1.17e+40  1.49e+40  1.25e+40  1.33e+38  0.00e+00  1.80e+36  7.41e+39 
1.331e+14   56      0        0  2.31e+09  0.00e+00  0.00e+00  9.96e+41  2.40e-13  1.23e+11  1.15e+05  1.05e+05  2.25e+00  8.36e+15  4.87e+15  0.00e+00  4.87e+15  2.40e+40  4.10e+41  3.36e+41  3.84e+37  2.73e+40  8.03e+39  0.00e+00  4.10e+41  3.86e+41  2.07e+37  0.00e+00  1.15e+40  1.48e+40  1.25e+40  1.37e+38  0.00e+00  1.74e+36  7.22e+39 
1.374e+14   57      0        0  2.32e+09  0.00e+00  0.00e+00  1.10e+42  2.27e-13  1.16e+11  1.13e+05  1.04e+05  2.15e+00  8.28e+15  4.49e+15  0.00e+00  4.49e+15  2.37e+40  3.90e+41  3.20e+41  3.91e+37  2.59e+40  8.42e+39  0.00e+00  3.90e+41  3.66e+41  2.24e+37  0.00e+00  1.13e+40  1.47e+40  1.23e+40  1.30e+38  0.00e+00  1.81e+36  7.61e+39 
1.419e+14   58      0        0  2.32e+09  0.00e+00  0.00e+00  1.21e+42  2.15e-13  1.10e+11  1.12e+05  1.03e+05  2.05e+00  8.21e+15  4.14e+15  0.00e+00  4.14e+15  2.32e+40  3.70e+41  3.05e+41  3.93e+37  2.45e+40  8.13e+39  0.00e+00  3.70e+41  3.46e+41  2.47e+37  0.00e+00  1.10e+40  1.45e+40  1.21e+40  1.25e+38  0.00e+00  1.62e+36  7.32e+39 
1.465e+14   59      0        0  2.32e+09  0.00e+00  0.00e+00  1.33e+42  2.03e-13  1.04e+11  1.10e+05  1.02e+05  1.96e+00  8.14e+15  3.82e+15  0.00e+00  3.82e+15  2.27e+40  3.51e+41  2.90e+41  4.21e+37  2.31e+40  8.28e+39  0.00e+00  3.51e+41  3.28e+41  2.74e+37  0.00e+00  1.07e+40  1.42e+40  1.19e+40  1.24e+38  0.00e+00  2.11e+36  7.51e+39 
1.512e+14   60      0        0  2.32e+09  0.00e+00  0.00e+00  1.46e+42  1.92e-13  9.82e+10  1.08e+05  1.01e+05  1.88e+00  8.06e+15  3.53e+15  0.00e+00  3.53e+15  2.22e+40  3.33e+41  2.76e+41  4.45e+37  2.19e+40  7.90e+39  0.00e+00  3.33e+41  3.10e+41  2.99e+37  0.00e+00  1.04e+40  1.40e+40  1.17e+40  1.26e+38  0.00e+00  1.63e+36  7.16e+39 
1.561e+14   61      0        0  2.32e+09  0.00e+00  0.00e+00  1.61e+42  1.82e-13  9.31e+10  1.07e+05  1.00e+05  1.80e+00  7.99e+15  3.26e+15  0.00e+00  3.26e+15  2.18e+40  3.18e+41  2.64e+41  4.57e+37  2.08e+40  8.33e+39  0.00e+00  3.18e+41  2.95e+41  3.23e+37  0.00e+00  1.02e+40  1.38e+40  1.15e+40  1.21e+38  0.00e+00  2.03e+36  7.58e+39 
1.612e+14   62      0        0  2.31e+09  0.00e+00  0.00e+00  1.77e+42  1.72e-13  8.83e+10  1.06e+05  9.93e+04  1.72e+00  7.93e+15  3.02e+15  0.00e+00  3.02e+15  2.15e+40  3.04e+41  2.53e+41  4.68e+37  1.97e+40  8.33e+39  0.00e+00  3.04e+41  2.82e+41  3.57e+37  0.00e+00  1.01e+40  1.37e+40  1.14e+40  1.15e+38  0.00e+00  1.85e+36  7.58e+39 
1.664e+14   63      0        0  2.30e+09  0.00e+00  0.00e+00  1.95e+42  1.64e-13  8.39e+10  1.04e+05  9.85e+04  1.65e+00  7.86e+15  2.80e+15  0.00e+00  2.80e+15  2.13e+40  2.91e+41  2.43e+41  4.91e+37  1.89e+40  8.26e+39  0.00e+00  2.91e+41  2.69e+41  3.96e+37  0.00e+00  9.93e+39  1.36e+40  1.13e+40  1.15e+38  0.00e+00  1.82e+36  7.54e+39 
1.718e+14   64      0        0  2.29e+09  0.00e+00  0.00e+00  2.14e+42  1.56e-13  7.97e+10  1.03e+05  9.77e+04  1.58e+00  7.80e+15  2.60e+15  0.00e+00  2.60e+15  2.11e+40  2.80e+41  2.34e+41  5.44e+37  1.81e+40  8.21e+39  0.00e+00  2.80e+41  2.58e+41  4.32e+37  0.00e+00  9.79e+39  1.35e+40  1.13e+40  1.17e+38  0.00e+00  1.52e+36  7.47e+39 
1.774e+14   65      0        0  2.29e+09  0.00e+00  0.00e+00  2.36e+42  1.48e-13  7.57e+10  1.02e+05  9.70e+04  1.51e+00  7.74e+15  2.41e+15  0.00e+00  2.41e+15  2.09e+40  2.68e+41  2.25e+41  5.59e+37  1.72e+40  8.22e+39  0.00e+00  2.69e+41  2.47e+41  4.76e+37  0.00e+00  9.65e+39  1.34e+40  1.12e+40  1.16e+38  0.00e+00  1.57e+36  7.50e+39 
1.832e+14   66      0        0  2.28e+09  0.00e+00  0.00e+00  2.60e+42  1.41e-13  7.22e+10  1.01e+05  9.62e+04  1.45e+00  7.68e+15  2.24e+15  0.00e+00  2.24e+15  2.08e+40  2.60e+41  2.18e+41  5.80e+37  1.65e+40  8.53e+39  0.00e+00  2.60e+41  2.38e+41  5.30e+37  0.00e+00  9.60e+39  1.34e+40  1.12e+40  1.11e+38  0.00e+00  2.01e+36  7.81e+39 
1.891e+14   67      0        0  2.27e+09  0.00e+00  0.00e+00  2.86e+42  1.34e-13  6.88e+10  9.94e+04  9.55e+04  1.38e+00  7.63e+15  2.08e+15  0.00e+00  2.08e+15  2.07e+40  2.51e+41  2.10e+41  5.98e+37  1.59e+40  8.53e+39  0.00e+00  2.51e+41  2.29e+41  5.68e+37  0.00e+00  9.51e+39  1.34e+40  1.12e+40  1.10e+38  0.00e+00  1.73e+36  7.80e+39 
1.953e+14   68      0        0  2.25e+09  0.00e+00  0.00e+00  3.15e+42  1.28e-13  6.57e+10  9.83e+04  9.49e+04  1.33e+00  7.57e+15  1.94e+15  0.00e+00  1.94e+15  2.07e+40  2.43e+41  2.04e+41  6.68e+37  1.54e+40  8.67e+39  0.00e+00  2.43e+41  2.22e+41  6.38e+37  0.00e+00  9.48e+39  1.35e+40  1.12e+40  1.09e+38  0.00e+00  1.60e+36  7.92e+39 
2.016e+14   69      0        0  2.24e+09  0.00e+00  0.00e+00  3.46e+42  1.22e-13  6.26e+10  9.72e+04  9.42e+04  1.27e+00  7.52e+15  1.80e+15  0.00e+00  1.80e+15  2.07e+40  2.36e+41  1.98e+41  7.24e+37  1.48e+40  8.86e+39  0.00e+00  2.36e+41  2.14e+41  6.98e+37  0.00e+00  9.43e+39  1.35e+40  1.12e+40  1.07e+38  0.00e+00  1.95e+36  8.11e+39 
2.082e+14   70      0        0  2.22e+09  0.00e+00  0.00e+00  3.81e+42  1.17e-13  5.99e+10  9.62e+04  9.36e+04  1.21e+00  7.47e+15  1.68e+15  0.00e+00  1.68e+15  2.08e+40  2.29e+41  1.93e+41  7.61e+37  1.43e+40  9.06e+39  0.00e+00  2.29e+41  2.08e+41  7.84e+37  0.00e+00  9.44e+39  1.36e+40  1.13e+40  1.01e+38  0.00e+00  1.58e+36  8.31e+39 
2.149e+14   71      0        0  2.20e+09  0.00e+00  0.00e+00  4.19e+42  1.12e-13  5.71e+10  9.51e+04  9.30e+04  1.16e+00  7.43e+15  1.57e+15  0.00e+00  1.57e+15  2.07e+40  2.22e+41  1.88e+41  7.78e+37  1.37e+40  8.93e+39  0.00e+00  2.23e+41  2.01e+41  8.52e+37  0.00e+00  9.38e+39  1.36e+40  1.13e+40  1.01e+38  0.00e+00  1.73e+36  8.18e+39 
2.219e+14   72      0        0  2.17e+09  0.00e+00  0.00e+00  4.62e+42  1.07e-13  5.48e+10  9.41e+04  9.24e+04  1.11e+00  7.38e+15  1.46e+15  0.00e+00  1.46e+15  2.09e+40  2.18e+41  1.84e+41  8.54e+37  1.32e+40  9.26e+39  0.00e+00  2.18e+41  1.96e+41  9.58e+37  0.00e+00  9.43e+39  1.38e+40  1.14e+40  1.06e+38  0.00e+00  1.66e+36  8.52e+39 
2.291e+14   73      0        0  2.16e+09  0.00e+00  0.00e+00  5.08e+42  1.02e-13  5.24e+10  9.32e+04  9.18e+04  1.06e+00  7.33e+15  1.36e+15  0.00e+00  1.36e+15  2.10e+40  2.12e+41  1.80e+41  9.13e+37  1.28e+40  9.42e+39  0.00e+00  2.13e+41  1.91e+41  1.05e+38  0.00e+00  9.45e+39  1.39e+40  1.15e+40  1.06e+38  0.00e+00  1.99e+36  8.67e+39 
2.365e+14   74      0        0  2.14e+09  0.00e+00  0.00e+00  5.59e+42  9.84e-14  5.04e+10  9.23e+04  9.13e+04  1.02e+00  7.29e+15  1.27e+15  0.00e+00  1.27e+15  2.13e+40  2.09e+41  1.77e+41  8.93e+37  1.25e+40  9.71e+39  0.00e+00  2.09e+41  1.87e+41  1.18e+38  0.00e+00  9.56e+39  1.41e+40  1.17e+40  9.38e+37  0.00e+00  2.12e+36  9.00e+39 
2.442e+14   75      0        0  2.11e+09  0.00e+00  0.00e+00  6.15e+42  9.44e-14  4.83e+10  9.15e+04  9.08e+04  9.70e-01  7.25e+15  1.19e+15  0.00e+00  1.19e+15  2.16e+40  2.04e+41  1.73e+41  9.25e+37  1.22e+40  9.99e+39  0.00e+00  2.05e+41  1.82e+41  1.28e+38  0.00e+00  9.62e+39  1.43e+40  1.18e+40  8.80e+37  0.00e+00  2.08e+36  9.24e+39 
2.521e+14   76      0        0  2.07e+09  0.00e+00  0.00e+00  6.77e+42  9.11e-14  4.66e+10  9.05e+04  9.03e+04  9.26e-01  7.21e+15  1.11e+15  0.00e+00  1.11e+15  2.20e+40  2.02e+41  1.71e+41  1.02e+38  1.20e+40  1.02e+40  0.00e+00  2.02e+41  1.79e+41  1.44e+38  0.00e+00  9.80e+39  1.47e+40  1.21e+40  9.76e+37  0.00e+00  2.07e+36  9.48e+39 
2.603e+14   77      0        0  2.04e+09  0.00e+00  0.00e+00  7.45e+42  8.85e-14  4.53e+10  8.97e+04  8.98e+04  8.84e-01  7.17e+15  1.04e+15  0.00e+00  1.04e+15  2.28e+40  2.01e+41  1.70e+41  1.15e+38  1.19e+40  1.09e+40  0.00e+00  2.01e+41  1.77e+41  1.58e+38  0.00e+00  1.01e+40  1.53e+40  1.25e+40  1.04e+38  0.00e+00  2.26e+36  1.00e+40 
2.688e+14   78      0        0  2.02e+09  0.00e+00  0.00e+00  8.20e+42  8.58e-14  4.39e+10  8.89e+04  8.94e+04  8.43e-01  7.13e+15  9.70e+14  0.00e+00  9.70e+14  2.36e+40  1.99e+41  1.68e+41  1.21e+38  1.18e+40  1.14e+40  0.00e+00  2.00e+41  1.75e+41  1.84e+38  0.00e+00  1.04e+40  1.58e+40  1.30e+40  9.68e+37  0.00e+00  2.31e+36  1.05e+40 
2.775e+14   79      0        0  1.99e+09  0.00e+00  0.00e+00  9.03e+42  8.35e-14  4.27e+10  8.81e+04  8.89e+04  8.04e-01  7.10e+15  9.06e+14  0.00e+00  9.06e+14  2.45e+40  1.99e+41  1.67e+41  1.31e+38  1.18e+40  1.19e+40  0.00e+00  1.99e+41  1.74e+41  2.09e+38  0.00e+00  1.08e+40  1.65e+40  1.35e+40  8.87e+37  0.00e+00  2.48e+36  1.10e+40 
2.865e+14   80      0        0  1.96e+09  0.00e+00  0.00e+00  9.93e+42  8.09e-14  4.14e+10  8.73e+04  8.85e+04  7.65e-01  7.06e+15  8.45e+14  0.00e+00  8.45e+14  2.53e+40  1.97e+41  1.66e+41  1.44e+38  1.16e+40  1.24e+40  0.00e+00  1.97e+41  1.71e+41  2.26e+38  0.00e+00  1.11e+40  1.70e+40  1.39e+40  9.74e+37  0.00e+00  2.73e+36  1.14e+40 
2.958e+14   81      0        0  1.93e+09  0.00e+00  0.00e+00  1.09e+43  7.97e-14  4.08e+10  8.65e+04  8.81e+04  7.26e-01  7.03e+15  7.87e+14  0.00e+00  7.87e+14  2.69e+40  1.99e+41  1.67e+41  1.63e+38  1.18e+40  1.34e+40  0.00e+00  1.99e+41  1.71e+41  2.69e+38  0.00e+00  1.18e+40  1.82e+40  1.49e+40  1.04e+38  0.00e+00  2.62e+36  1.24e+40 
3.054e+14   82      0        0  1.90e+09  0.00e+00  0.00e+00  1.20e+43  7.82e-14  4.01e+10  8.57e+04  8.76e+04  6.88e-01  7.00e+15  7.33e+14  0.00e+00  7.33e+14  2.85e+40  2.00e+41  1.67e+41  1.94e+38  1.19e+40  1.46e+40  0.00e+00  2.00e+41  1.71e+41  3.12e+38  0.00e+00  1.24e+40  1.93e+40  1.58e+40  1.02e+38  0.00e+00  3.08e+36  1.34e+40 
3.153e+14   83      0        0  1.88e+09  0.00e+00  0.00e+00  1.32e+43  7.73e-14  3.96e+10  8.48e+04  8.72e+04  6.51e-01  6.96e+15  6.80e+14  0.00e+00  6.80e+14  3.06e+40  2.02e+41  1.68e+41  2.22e+38  1.22e+40  1.59e+40  0.00e+00  2.02e+41  1.71e+41  3.73e+38  0.00e+00  1.33e+40  2.08e+40  1.70e+40  9.03e+37  0.00e+00  2.99e+36  1.46e+40 
3.256e+14   84      0        0  1.84e+09  0.00e+00  0.00e+00  1.46e+43  7.63e-14  3.91e+10  8.40e+04  8.68e+04  6.14e-01  6.93e+15  6.29e+14  0.00e+00  6.29e+14  3.28e+40  2.03e+41  1.68e+41  2.53e+38  1.24e+40  1.73e+40  0.00e+00  2.03e+41  1.70e+41  4.67e+38  0.00e+00  1.42e+40  2.23e+40  1.82e+40  9.92e+37  0.00e+00  4.67e+36  1.60e+40 
3.362e+14   85      0        0  1.80e+09  0.00e+00  0.00e+00  1.60e+43  7.56e-14  3.87e+10  8.30e+04  8.64e+04  5.77e-01  6.90e+15  5.79e+14  0.00e+00  5.79e+14  3.54e+40  2.05e+41  1.68e+41  2.99e+38  1.26e+40  1.88e+40  0.00e+00  2.05e+41  1.68e+41  5.55e+38  0.00e+00  1.52e+40  2.41e+40  1.96e+40  1.17e+38  0.00e+00  4.47e+36  1.74e+40 
3.471e+14   86      0        0  1.78e+09  0.00e+00  0.00e+00  1.76e+43  7.49e-14  3.84e+10  8.20e+04  8.59e+04  5.40e-01  6.86e+15  5.31e+14  0.00e+00  5.31e+14  3.81e+40  2.06e+41  1.67e+41  4.12e+38  1.29e+40  2.06e+40  0.00e+00  2.06e+41  1.66e+41  6.61e+38  0.00e+00  1.63e+40  2.60e+40  2.12e+40  1.38e+38  0.00e+00  5.72e+36  1.90e+40 
3.583e+14   87      0        0  1.77e+09  0.00e+00  0.00e+00  1.94e+43  7.40e-14  3.79e+10  8.10e+04  8.55e+04  5.03e-01  6.83e+15  4.85e+14  0.00e+00  4.85e+14  4.09e+40  2.05e+41  1.65e+41  4.58e+38  1.29e+40  2.27e+40  0.00e+00  2.05e+41  1.63e+41  8.14e+38  0.00e+00  1.74e+40  2.80e+40  2.27e+40  1.37e+38  0.00e+00  6.59e+36  2.10e+40 
3.700e+14   88      0        0  1.76e+09  0.00e+00  0.00e+00  2.14e+43  7.30e-14  3.74e+10  7.99e+04  8.50e+04  4.66e-01  6.79e+15  4.40e+14  0.00e+00  4.40e+14  4.37e+40  2.03e+41  1.61e+41  4.66e+38  1.29e+40  2.46e+40  0.00e+00  2.03e+41  1.58e+41  1.04e+39  0.00e+00  1.84e+40  2.99e+40  2.43e+40  1.36e+38  0.00e+00  7.44e+36  2.30e+40 
3.820e+14   89      0        0  1.75e+09  0.00e+00  0.00e+00  2.35e+43  6.92e-14  3.55e+10  7.89e+04  8.45e+04  4.30e-01  6.75e+15  3.96e+14  0.00e+00  3.96e+14  4.32e+40  1.92e+41  1.51e+41  4.91e+38  1.19e+40  2.48e+40  0.00e+00  1.92e+41  1.47e+41  1.08e+39  0.00e+00  1.81e+40  2.97e+40  2.40e+40  1.37e+38  0.00e+00  7.33e+36  2.32e+40 
3.944e+14   90      0        0  1.73e+09  0.00e+00  0.00e+00  2.59e+43  6.45e-14  3.30e+10  7.75e+04  8.41e+04  3.95e-01  6.71e+15  3.56e+14  0.00e+00  3.56e+14  4.12e+40  1.76e+41  1.38e+41  5.94e+38  1.05e+40  2.33e+40  0.00e+00  1.76e+41  1.33e+41  1.22e+39  0.00e+00  1.71e+40  2.83e+40  2.29e+40  1.62e+38  0.00e+00  8.46e+36  2.17e+40 
4.072e+14   91      0        0  1.74e+09  0.00e+00  0.00e+00  2.85e+43  5.83e-14  2.99e+10  7.64e+04  8.36e+04  3.63e-01  6.67e+15  3.19e+14  0.00e+00  3.19e+14  3.70e+40  1.55e+41  1.22e+41  5.63e+38  8.76e+39  2.09e+40  0.00e+00  1.55e+41  1.17e+41  1.17e+39  0.00e+00  1.53e+40  2.55e+40  2.06e+40  1.70e+38  0.00e+00  7.47e+36  1.94e+40 
4.204e+14   92      0        0  1.76e+09  0.00e+00  0.00e+00  3.14e+43  5.24e-14  2.68e+10  7.57e+04  8.31e+04  3.34e-01  6.63e+15  2.87e+14  0.00e+00  2.87e+14  3.29e+40  1.37e+41  1.08e+41  4.71e+38  7.18e+39  1.91e+40  0.00e+00  1.37e+41  1.03e+41  1.15e+39  0.00e+00  1.35e+40  2.27e+40  1.83e+40  1.55e+38  0.00e+00  6.04e+36  1.80e+40 
4.341e+14   93      0        0  1.77e+09  0.00e+00  0.00e+00  3.45e+43  4.76e-14  2.44e+10  7.53e+04  8.26e+04  3.07e-01  6.60e+15  2.58e+14  0.00e+00  2.58e+14  3.00e+40  1.23e+41  9.69e+40  3.48e+38  5.97e+39  1.83e+40  0.00e+00  1.23e+41  9.23e+40  1.15e+39  0.00e+00  1.22e+40  2.06e+40  1.66e+40  1.28e+38  0.00e+00  4.84e+36  1.73e+40 
4.482e+14   94      0        0  1.77e+09  0.00e+00  0.00e+00  3.80e+43  4.38e-14  2.24e+10  7.44e+04  8.22e+04  2.82e-01  6.56e+15  2.32e+14  0.00e+00  2.32e+14  2.79e+40  1.12e+41  8.78e+40  3.32e+38  5.15e+39  1.71e+40  0.00e+00  1.12e+41  8.31e+40  1.17e+39  0.00e+00  1.13e+40  1.92e+40  1.54e+40  1.31e+38  0.00e+00  4.18e+36  1.62e+40 
4.627e+14   95      0        0  1.77e+09  0.00e+00  0.00e+00  4.18e+43  4.09e-14  2.10e+10  7.21e+04  8.17e+04  2.60e-01  6.53e+15  2.09e+14  0.00e+00  2.09e+14  2.67e+40  1.04e+41  8.09e+40  4.17e+38  4.81e+39  1.66e+40  0.00e+00  1.02e+41  7.46e+40  1.19e+39  0.00e+00  1.07e+40  1.85e+40  1.48e+40  1.61e+38  0.00e+00  4.86e+36  1.57e+40 
4.777e+14   96      0        0  1.80e+09  0.00e+00  0.00e+00  4.60e+43  3.88e-14  1.99e+10  7.21e+04  8.13e+04  2.39e-01  6.49e+15  1.88e+14  0.00e+00  1.88e+14  2.65e+40  9.74e+40  7.55e+40  4.41e+38  4.26e+39  1.62e+40  0.00e+00  9.74e+40  7.00e+40  1.27e+39  0.00e+00  1.06e+40  1.83e+40  1.47e+40  1.78e+38  0.00e+00  5.33e+36  1.53e+40 
4.932e+14   97      0        1  1.84e+09  0.00e+00  0.00e+00  5.07e+43  3.70e-14  1.90e+10  6.82e+04  8.09e+04  2.19e-01  6.46e+15  1.69e+14  0.00e+00  1.69e+14  2.62e+40  9.57e+40  7.07e+40  5.17e+38  4.64e+39  1.89e+40  0.00e+00  8.95e+40  6.24e+40  1.37e+39  0.00e+00  1.02e+40  1.83e+40  1.46e+40  1.47e+38  0.00e+00  5.53e+36  1.80e+40 
5.093e+14   98      0        2  1.86e+09  0.00e+00  0.00e+00  5.58e+43  3.59e-14  1.84e+10  5.77e+04  8.05e+04  1.99e-01  6.43e+15  1.51e+14  0.00e+00  1.51e+14  2.57e+40  9.72e+40  6.70e+40  6.22e+38  5.35e+39  2.35e+40  0.00e+00  7.68e+40  5.02e+40  1.42e+39  0.00e+00  9.50e+39  1.90e+40  1.48e+40  1.13e+38  0.00e+00  7.13e+36  2.25e+40 
5.258e+14   99      0        0  1.86e+09  0.00e+00  0.00e+00  6.14e+43  3.33e-14  1.71e+10  6.97e+04  8.01e+04  1.80e-01  6.39e+15  1.34e+14  0.00e+00  1.34e+14  2.62e+40  8.32e+40  6.06e+40  4.72e+38  3.43e+39  1.81e+40  0.00e+00  8.23e+40  5.51e+40  1.70e+39  0.00e+00  1.02e+40  1.80e+40  1.44e+40  1.63e+38  0.00e+00  5.01e+36  1.73e+40 
5.429e+14  100      0        1  1.88e+09  0.00e+00  0.00e+00  6.76e+43  3.02e-14  1.55e+10  4.82e+04  7.96e+04  1.63e-01  6.36e+15  1.18e+14  0.00e+00  1.18e+14  2.07e+40  8.36e+40  5.31e+40  2.23e+39  4.22e+39  2.36e+40  0.00e+00  5.53e+40  3.36e+40  1.07e+39  0.00e+00  7.28e+39  1.64e+40  1.24e+40  1.38e+38  0.00e+00  7.71e+36  2.09e+40 
5.605e+14  101      0        0  1.94e+09  0.00e+00  0.00e+00  7.44e+43  2.68e-14  1.37e+10  4.22e+04  7.92e+04  1.47e-01  6.32e+15  1.05e+14  0.00e+00  1.05e+14  1.84e+40  7.17e+41  4.56e+40  6.08e+41  3.46e+39  5.98e+40  0.00e+00  4.46e+40  2.54e+40  2.01e+39  0.00e+00  5.79e+39  1.43e+40  1.06e+40  1.25e+38  0.00e+00  7.21e+36  1.89e+40 
5.787e+14  102      0        0  2.01e+09  0.00e+00  0.00e+00  8.19e+43  2.39e-14  1.23e+10  4.05e+04  7.88e+04  1.33e-01  6.29e+15  9.24e+13  0.00e+00  9.24e+13  1.74e+40  5.38e+41  3.93e+40  4.73e+41  2.77e+39  2.18e+40  0.00e+00  3.93e+40  2.12e+40  3.28e+39  0.00e+00  4.94e+39  1.25e+40  9.19e+39  1.06e+38  0.00e+00  6.04e+36  1.70e+40 
5.975e+14  103      0        0  2.07e+09  0.00e+00  0.00e+00  9.01e+43  2.17e-14  1.11e+10  3.83e+04  7.84e+04  1.20e-01  6.26e+15  8.18e+13  0.00e+00  8.18e+13  4.15e+41  4.33e+41  3.45e+40  3.76e+41  2.40e+39  1.97e+40  0.00e+00  4.33e+41  1.76e+40  4.02e+41  0.00e+00  4.25e+39  1.08e+40  8.22e+39  8.61e+37  0.00e+00  4.97e+36  1.64e+40 
6.169e+14  104      0        0  2.10e+09  0.00e+00  0.00e+00  9.92e+43  2.00e-14  1.03e+10  3.75e+04  7.80e+04  1.08e-01  6.23e+15  7.24e+13  0.00e+00  7.24e+13  3.74e+41  3.90e+41  3.09e+40  3.38e+41  2.07e+39  1.87e+40  0.00e+00  3.90e+41  1.56e+40  3.62e+41  0.00e+00  3.96e+39  1.02e+40  7.74e+39  8.85e+37  0.00e+00  4.88e+36  1.59e+40 
6.369e+14  105      0        0  2.14e+09  0.00e+00  0.00e+00  1.09e+44  1.80e-14  9.19e+09  3.66e+04  7.76e+04  9.76e-02  6.20e+15  6.38e+13  0.00e+00  6.38e+13  3.10e+41  3.19e+41  2.68e+40  2.74e+41  1.64e+39  1.64e+40  0.00e+00  3.24e+41  1.32e+40  3.00e+41  0.00e+00  3.44e+39  9.00e+39  6.80e+39  9.45e+37  0.00e+00  4.27e+36  1.42e+40 
6.576e+14  106      0        1  2.20e+09  0.00e+00  0.00e+00  1.20e+44  1.56e-14  8.00e+09  3.68e+04  7.72e+04  8.78e-02  6.16e+15  5.62e+13  0.00e+00  5.62e+13  2.67e+41  2.44e+41  2.25e+40  2.06e+41  1.20e+39  1.37e+40  0.00e+00  2.79e+41  1.12e+40  2.59e+41  0.00e+00  2.88e+39  7.51e+39  5.68e+39  9.38e+37  0.00e+00  3.23e+36  1.18e+40 
6.789e+14  107      0        1  2.27e+09  0.00e+00  0.00e+00  1.32e+44  1.35e-14  6.89e+09  3.55e+04  7.68e+04  7.91e-02  6.13e+15  4.96e+13  0.00e+00  4.96e+13  1.95e+41  1.81e+41  1.87e+40  1.50e+41  8.88e+38  1.12e+40  0.00e+00  2.05e+41  9.05e+39  1.88e+41  0.00e+00  2.30e+39  6.13e+39  4.61e+39  8.46e+37  0.00e+00  2.20e+36  9.78e+39 
7.010e+14  108      0        0  2.34e+09  0.00e+00  0.00e+00  1.46e+44  1.18e-14  6.04e+09  3.39e+04  7.64e+04  7.14e-02  6.10e+15  4.39e+13  0.00e+00  4.39e+13  1.42e+41  1.46e+41  1.59e+40  1.20e+41  7.26e+38  9.78e+39  0.00e+00  1.50e+41  7.38e+39  1.36e+41  0.00e+00  1.88e+39  5.17e+39  3.87e+39  7.59e+37  0.00e+00  1.96e+36  8.78e+39 
7.237e+14  109      0        2  2.41e+09  0.00e+00  0.00e+00  1.60e+44  1.04e-14  5.32e+09  3.59e+04  7.61e+04  6.45e-02  6.07e+15  3.90e+13  0.00e+00  3.90e+13  1.48e+41  1.05e+41  1.36e+40  8.34e+40  4.74e+38  7.64e+39  0.00e+00  1.55e+41  6.72e+39  1.43e+41  0.00e+00  1.67e+39  4.43e+39  3.34e+39  7.57e+37  0.00e+00  1.21e+36  6.77e+39 
7.472e+14  110      0        0  2.47e+09  0.00e+00  0.00e+00  1.76e+44  9.05e-15  4.63e+09  3.24e+04  7.58e+04  5.82e-02  6.05e+15  3.46e+13  0.00e+00  3.46e+13  8.68e+40  8.94e+40  1.15e+40  7.03e+40  4.27e+38  7.07e+39  0.00e+00  9.22e+40  5.16e+39  8.28e+40  0.00e+00  1.30e+39  3.67e+39  2.73e+39  6.57e+37  0.00e+00  1.13e+36  6.48e+39 
7.715e+14  111      0        2  2.54e+09  0.00e+00  0.00e+00  1.94e+44  7.83e-15  4.01e+09  3.77e+04  7.55e+04  5.26e-02  6.03e+15  3.08e+13  0.00e+00  3.08e+13  1.21e+41  3.67e+40  9.73e+39  2.23e+40  2.19e+38  4.42e+39  0.00e+00  1.27e+41  5.10e+39  1.18e+41  0.00e+00  1.19e+39  3.05e+39  2.31e+39  7.94e+37  0.00e+00  5.20e+35  4.09e+39 
7.965e+14  112      0        2  2.63e+09  0.00e+00  0.00e+00  2.14e+44  6.73e-15  3.45e+09  4.55e+04  7.52e+04  4.76e-02  6.00e+15  2.74e+13  0.00e+00  2.74e+13  9.48e+40  1.17e+41  8.16e+39  1.68e+40  1.94e+38  9.21e+40  0.00e+00  1.00e+41  5.19e+39  9.18e+40  0.00e+00  1.10e+39  2.54e+39  1.94e+39  9.63e+37  0.00e+00  4.11e+35  3.84e+39 
8.224e+14  113      0        0  2.74e+09  0.00e+00  0.00e+00  2.35e+44  5.83e-15  2.98e+09  3.91e+04  7.48e+04  4.34e-02  5.97e+15  2.45e+13  0.00e+00  2.45e+13  1.98e+40  2.33e+40  6.91e+39  1.23e+40  1.46e+38  3.93e+39  0.00e+00  2.38e+40  3.79e+39  1.74e+40  0.00e+00  8.15e+38  3.07e+39  1.63e+39  7.53e+37  0.00e+00  3.29e+35  3.19e+39 
8.491e+14  114      0        0  2.84e+09  0.00e+00  0.00e+00  2.59e+44  5.13e-15  2.62e+09  3.85e+04  7.45e+04  3.96e-02  5.95e+15  2.20e+13  0.00e+00  2.20e+13  1.56e+40  1.87e+40  5.97e+39  9.27e+39  1.15e+38  3.34e+39  0.00e+00  1.90e+40  3.24e+39  1.35e+40  0.00e+00  6.86e+38  2.61e+39  1.38e+39  6.77e+37  0.00e+00  2.46e+35  2.73e+39 
8.767e+14  115      0        0  2.92e+09  0.00e+00  0.00e+00  2.85e+44  4.53e-15  2.32e+09  3.81e+04  7.41e+04  3.61e-02  5.92e+15  1.97e+13  0.00e+00  1.97e+13  1.28e+40  1.55e+40  5.19e+39  7.32e+39  9.02e+37  2.87e+39  0.00e+00  1.57e+40  2.80e+39  1.10e+40  0.00e+00  5.85e+38  2.24e+39  1.19e+39  6.43e+37  0.00e+00  1.94e+35  2.36e+39 
9.051e+14  116      0        0  3.01e+09  0.00e+00  0.00e+00  3.14e+44  3.91e-15  2.00e+09  3.79e+04  7.38e+04  3.31e-02  5.89e+15  1.77e+13  0.00e+00  1.77e+13  1.01e+40  1.24e+40  4.42e+39  5.59e+39  6.79e+37  2.34e+39  0.00e+00  1.26e+40  2.38e+39  8.66e+39  0.00e+00  4.77e+38  1.84e+39  9.70e+38  6.11e+37  0.00e+00  1.37e+35  1.94e+39 
9.345e+14  117      0        0  3.10e+09  0.00e+00  0.00e+00  3.46e+44  3.36e-15  1.72e+09  3.75e+04  7.35e+04  3.03e-02  5.87e+15  1.60e+13  0.00e+00  1.60e+13  7.88e+39  9.81e+39  3.75e+39  4.11e+39  5.02e+37  1.89e+39  0.00e+00  1.00e+40  2.01e+39  6.71e+39  0.00e+00  3.85e+38  1.49e+39  7.87e+38  5.75e+37  0.00e+00  9.41e+34  1.57e+39 
9.649e+14  118      0        0  3.19e+09  0.00e+00  0.00e+00  3.81e+44  2.93e-15  1.50e+09  3.74e+04  7.32e+04  2.79e-02  5.85e+15  1.45e+13  0.00e+00  1.45e+13  6.48e+39  8.18e+39  3.24e+39  3.34e+39  3.84e+37  1.55e+39  0.00e+00  8.32e+39  1.74e+39  5.50e+39  0.00e+00  3.22e+38  1.25e+39  6.58e+38  6.01e+37  0.00e+00  7.17e+34  1.30e+39 
9.962e+14  119      0        0  3.31e+09  0.00e+00  0.00e+00  4.19e+44  2.60e-15  1.33e+09  3.69e+04  7.29e+04  2.57e-02  5.82e+15  1.31e+13  0.00e+00  1.31e+13  5.26e+39  6.92e+39  2.86e+39  2.69e+39  3.14e+37  1.33e+39  0.00e+00  6.87e+39  1.52e+39  4.41e+39  0.00e+00  2.78e+38  1.09e+39  5.72e+38  5.79e+37  0.00e+00  6.32e+34  1.13e+39 
1.029e+15  120      0        0  3.44e+09  0.00e+00  0.00e+00  4.62e+44  2.30e-15  1.17e+09  3.64e+04  7.26e+04  2.37e-02  5.80e+15  1.19e+13  0.00e+00  1.19e+13  4.22e+39  5.51e+39  2.51e+39  1.86e+39  2.43e+37  1.11e+39  0.00e+00  5.62e+39  1.32e+39  3.49e+39  0.00e+00  2.36e+38  9.35e+38  4.88e+38  4.65e+37  0.00e+00  4.51e+34  9.52e+38 
1.062e+15  121      0        0  3.52e+09  0.00e+00  0.00e+00  5.08e+44  2.00e-15  1.02e+09  3.50e+04  7.25e+04  2.17e-02  5.79e+15  1.08e+13  0.00e+00  1.08e+13  2.92e+39  4.51e+39  2.19e+39  1.34e+39  2.03e+37  9.54e+38  0.00e+00  4.10e+39  1.11e+39  2.32e+39  0.00e+00  1.92e+38  7.84e+38  4.06e+38  3.93e+37  0.00e+00  3.17e+34  8.34e+38 
1.096e+15  122      0        0  3.57e+09  0.00e+00  0.00e+00  5.60e+44  1.73e-15  8.86e+08  3.53e+04  7.24e+04  2.00e-02  5.78e+15  9.90e+12  0.00e+00  9.90e+12  2.51e+39  3.90e+39  1.90e+39  1.23e+39  1.52e+37  7.51e+38  0.00e+00  3.55e+39  9.77e+38  2.01e+39  0.00e+00  1.59e+38  6.45e+38  3.35e+38  4.44e+37  0.00e+00  2.35e+34  6.66e+38 
1.132e+15  123      0        2  3.68e+09  0.00e+00  0.00e+00  6.16e+44  1.51e-15  7.72e+08  3.00e+04  7.23e+04  1.83e-02  5.77e+15  9.04e+12  0.00e+00  9.04e+12  9.75e+38  4.28e+39  1.67e+39  2.09e+39  1.03e+37  5.19e+38  0.00e+00  1.76e+39  7.28e+38  5.85e+38  0.00e+00  1.19e+38  5.43e+38  2.70e+38  4.02e+37  0.00e+00  1.90e+34  5.19e+38 
1.169e+15  124      0        1  3.83e+09  0.00e+00  0.00e+00  6.78e+44  1.33e-15  6.79e+08  3.53e+04  7.25e+04  1.66e-02  5.79e+15  8.27e+12  0.00e+00  8.27e+12  1.79e+39  2.86e+39  1.48e+39  7.12e+38  9.96e+36  6.60e+38  0.00e+00  2.60e+39  7.59e+38  1.44e+39  0.00e+00  1.14e+38  4.60e+38  2.39e+38  3.71e+37  0.00e+00  1.71e+34  5.60e+38 
1.207e+15  125      0        1  3.90e+09  0.00e+00  0.00e+00  7.47e+44  1.16e-15  5.94e+08  3.21e+04  7.13e+04  1.60e-02  5.69e+15  7.47e+12  0.00e+00  7.47e+12  9.43e+38  2.26e+42  1.26e+39  8.66e+38  8.11e+36  2.26e+42  0.00e+00  1.58e+39  5.99e+38  6.57e+38  0.00e+00  8.94e+37  3.88e+38  1.97e+38  2.48e+37  0.00e+00  9.96e+33  4.78e+38 
1.246e+15  126      0        0  3.91e+09  0.00e+00  0.00e+00  8.22e+44  1.02e-15  5.22e+08  3.41e+04  7.03e+04  1.53e-02  5.61e+15  6.75e+12  0.00e+00  6.75e+12  1.09e+39  1.77e+39  1.09e+39  3.20e+38  5.69e+36  3.52e+38  0.00e+00  1.68e+39  5.58e+38  8.38e+38  0.00e+00  7.94e+37  3.30e+38  1.70e+38  2.66e+37  0.00e+00  6.69e+33  3.51e+38 
1.286e+15  127      0        0  3.93e+09  0.00e+00  0.00e+00  9.05e+44  8.93e-16  4.56e+08  3.51e+04  6.98e+04  1.44e-02  5.57e+15  6.15e+12  0.00e+00  6.15e+12  1.05e+39  1.57e+39  9.50e+38  3.28e+38  4.20e+36  2.89e+38  0.00e+00  1.60e+39  5.03e+38  8.40e+38  0.00e+00  6.82e+37  2.77e+38  1.44e+38  3.09e+37  0.00e+00  5.74e+33  2.89e+38 
1.328e+15  128      0        0  4.01e+09  0.00e+00  0.00e+00  9.96e+44  7.91e-16  4.05e+08  3.50e+04  6.96e+04  1.33e-02  5.55e+15  5.62e+12  0.00e+00  5.62e+12  8.99e+38  1.36e+39  8.44e+38  2.52e+38  3.42e+36  2.59e+38  0.00e+00  1.38e+39  4.48e+38  7.16e+38  0.00e+00  5.89e+37  2.40e+38  1.24e+38  2.88e+37  0.00e+00  4.86e+33  2.59e+38 
1.371e+15  129      0        0  4.09e+09  0.00e+00  0.00e+00  1.10e+45  6.97e-16  3.56e+08  3.34e+04  6.95e+04  1.23e-02  5.55e+15  5.15e+12  0.00e+00  5.15e+12  6.10e+38  1.08e+39  7.48e+38  8.87e+37  2.86e+36  2.37e+38  0.00e+00  1.02e+39  3.80e+38  4.56e+38  0.00e+00  4.87e+37  2.05e+38  1.05e+38  1.85e+37  0.00e+00  2.41e+33  2.36e+38 
1.416e+15  130      0        0  4.06e+09  0.00e+00  0.00e+00  1.21e+45  6.17e-16  3.15e+08  3.39e+04  6.95e+04  1.13e-02  5.55e+15  4.76e+12  0.00e+00  4.76e+12  5.59e+38  9.28e+38  6.74e+38  4.98e+37  2.23e+36  2.02e+38  0.00e+00  9.24e+38  3.46e+38  4.26e+38  0.00e+00  4.23e+37  1.77e+38  9.07e+37  1.28e+37  0.00e+00  2.07e+33  2.01e+38 
1.462e+15  131      0        0  3.97e+09  0.00e+00  0.00e+00  1.33e+45  5.35e-16  2.73e+08  3.41e+04  6.96e+04  1.04e-02  5.55e+15  4.41e+12  0.00e+00  4.41e+12  4.80e+38  8.01e+38  5.96e+38  3.80e+37  1.68e+36  1.65e+38  0.00e+00  8.05e+38  3.08e+38  3.70e+38  0.00e+00  3.52e+37  1.46e+38  7.51e+37  1.14e+37  0.00e+00  1.66e+33  1.65e+38 
1.509e+15  132      0        0  3.88e+09  0.00e+00  0.00e+00  1.46e+45  4.68e-16  2.39e+08  3.43e+04  6.96e+04  9.65e-03  5.56e+15  4.09e+12  0.00e+00  4.09e+12  4.15e+38  7.11e+38  5.33e+38  3.66e+37  1.31e+36  1.40e+38  0.00e+00  7.10e+38  2.77e+38  3.22e+38  0.00e+00  2.98e+37  1.23e+38  6.34e+37  1.40e+37  0.00e+00  9.89e+32  1.39e+38 
1.558e+15  133      0        0  3.85e+09  0.00e+00  0.00e+00  1.61e+45  4.16e-16  2.13e+08  3.44e+04  6.96e+04  8.95e-03  5.56e+15  3.80e+12  0.00e+00  3.80e+12  3.67e+38  6.38e+38  4.85e+38  2.94e+37  1.05e+36  1.22e+38  0.00e+00  6.36e+38  2.52e+38  2.86e+38  0.00e+00  2.60e+37  1.07e+38  5.52e+37  1.28e+37  0.00e+00  7.69e+32  1.22e+38 
1.609e+15  134      0        0  3.81e+09  0.00e+00  0.00e+00  1.77e+45  3.72e-16  1.90e+08  3.46e+04  6.97e+04  8.31e-03  5.56e+15  3.54e+12  0.00e+00  3.54e+12  3.29e+38  5.75e+38  4.44e+38  2.31e+37  8.50e+35  1.07e+38  0.00e+00  5.76e+38  2.32e+38  2.58e+38  0.00e+00  2.29e+37  9.41e+37  4.85e+37  1.14e+37  0.00e+00  5.73e+32  1.07e+38 
1.661e+15  135      0        0  3.76e+09  0.00e+00  0.00e+00  1.95e+45  3.30e-16  1.69e+08  3.49e+04  6.98e+04  7.71e-03  5.57e+15  3.30e+12  0.00e+00  3.30e+12  3.00e+38  5.17e+38  4.05e+38  1.92e+37  6.74e+35  9.19e+37  0.00e+00  5.24e+38  2.13e+38  2.38e+38  0.00e+00  2.00e+37  8.15e+37  4.21e+37  7.42e+36  0.00e+00  5.72e+32  9.16e+37 
1.715e+15  136      0        0  3.65e+09  0.00e+00  0.00e+00  2.14e+45  2.91e-16  1.49e+08  3.51e+04  6.99e+04  7.15e-03  5.58e+15  3.08e+12  0.00e+00  3.08e+12  2.62e+38  4.64e+38  3.68e+38  1.58e+37  5.36e+35  7.92e+37  0.00e+00  4.68e+38  1.94e+38  2.08e+38  0.00e+00  1.71e+37  6.99e+37  3.62e+37  9.37e+36  0.00e+00  3.57e+32  7.89e+37 
1.771e+15  137      0        0  3.60e+09  0.00e+00  0.00e+00  2.36e+45  2.65e-16  1.36e+08  3.48e+04  7.00e+04  6.64e-03  5.59e+15  2.88e+12  0.00e+00  2.88e+12  2.30e+38  4.34e+38  3.45e+38  1.46e+37  4.63e+35  7.34e+37  0.00e+00  4.21e+38  1.80e+38  1.81e+38  0.00e+00  1.55e+37  6.37e+37  3.29e+37  8.44e+36  0.00e+00  3.05e+32  7.31e+37 
1.828e+15  138      0        0  3.53e+09  0.00e+00  0.00e+00  2.59e+45  2.44e-16  1.25e+08  3.52e+04  7.01e+04  6.18e-03  5.60e+15  2.70e+12  0.00e+00  2.70e+12  2.27e+38  4.10e+38  3.28e+38  1.39e+37  3.94e+35  6.78e+37  0.00e+00  4.10e+38  1.73e+38  1.82e+38  0.00e+00  1.46e+37  5.93e+37  3.07e+37  7.58e+36  0.00e+00  2.52e+32  6.75e+37 
1.887e+15  139      0        0  3.46e+09  0.00e+00  0.00e+00  2.85e+45  2.29e-16  1.17e+08  3.53e+04  7.03e+04  5.75e-03  5.61e+15  2.53e+12  0.00e+00  2.53e+12  2.21e+38  3.98e+38  3.18e+38  1.38e+37  3.54e+35  6.57e+37  0.00e+00  3.96e+38  1.68e+38  1.77e+38  0.00e+00  1.41e+37  5.73e+37  2.97e+37  5.36e+36  0.00e+00  2.62e+32  6.54e+37 
1.949e+15  140      0        0  3.34e+09  0.00e+00  0.00e+00  3.14e+45  2.17e-16  1.11e+08  3.53e+04  7.05e+04  5.34e-03  5.63e+15  2.38e+12  0.00e+00  2.38e+12  2.20e+38  3.92e+38  3.13e+38  1.41e+37  3.25e+35  6.52e+37  0.00e+00  3.92e+38  1.64e+38  1.77e+38  0.00e+00  1.40e+37  5.67e+37  2.94e+37  5.39e+36  0.00e+00  2.35e+32  6.49e+37 
2.012e+15  141      0        0  3.24e+09  0.00e+00  0.00e+00  3.45e+45  2.08e-16  1.06e+08  3.53e+04  7.07e+04  4.96e-03  5.64e+15  2.23e+12  0.00e+00  2.23e+12  2.23e+38  3.92e+38  3.11e+38  1.51e+37  3.05e+35  6.60e+37  0.00e+00  3.92e+38  1.63e+38  1.79e+38  0.00e+00  1.41e+37  5.72e+37  2.97e+37  3.83e+36  0.00e+00  2.36e+32  6.56e+37 
2.077e+15  142      0        0  3.11e+09  0.00e+00  0.00e+00  3.80e+45  2.04e-16  1.04e+08  3.52e+04  7.09e+04  4.60e-03  5.66e+15  2.10e+12  0.00e+00  2.10e+12  2.34e+38  4.06e+38  3.18e+38  1.69e+37  3.02e+35  7.08e+37  0.00e+00  4.05e+38  1.66e+38  1.87e+38  0.00e+00  1.50e+37  6.08e+37  3.15e+37  2.98e+36  0.00e+00  2.46e+32  7.03e+37 
2.145e+15  143      0        0  2.97e+09  0.00e+00  0.00e+00  4.18e+45  1.98e-16  1.01e+08  3.53e+04  7.12e+04  4.26e-03  5.69e+15  1.98e+12  0.00e+00  1.98e+12  2.44e+38  4.15e+38  3.21e+38  1.91e+37  2.93e+35  7.40e+37  0.00e+00  4.14e+38  1.67e+38  1.95e+38  0.00e+00  1.56e+37  6.31e+37  3.27e+37  9.78e+35  0.00e+00  2.43e+32  7.33e+37 
2.214e+15  144      0        0  2.80e+09  0.00e+00  0.00e+00  4.59e+45  1.93e-16  9.88e+07  3.53e+04  7.16e+04  3.94e-03  5.72e+15  1.87e+12  0.00e+00  1.87e+12  2.56e+38  4.26e+38  3.27e+38  2.10e+37  2.85e+35  7.77e+37  0.00e+00  4.25e+38  1.69e+38  2.06e+38  0.00e+00  1.63e+37  6.60e+37  3.42e+37 -2.95e+36  0.00e+00  2.59e+32  7.69e+37 
2.286e+15  145      0        0  2.58e+09  0.00e+00  0.00e+00  5.05e+45  1.88e-16  9.62e+07  3.54e+04  7.21e+04  3.63e-03  5.75e+15  1.77e+12  0.00e+00  1.77e+12  2.69e+38  4.39e+38  3.34e+38  2.35e+37  2.77e+35  8.18e+37  0.00e+00  4.38e+38  1.71e+38  2.16e+38  0.00e+00  1.70e+37  6.88e+37  3.57e+37 -4.90e+36  0.00e+00  2.63e+32  8.06e+37 
2.361e+15  146      0        0  2.34e+09  0.00e+00  0.00e+00  5.56e+45  1.79e-16  9.17e+07  3.55e+04  7.26e+04  3.34e-03  5.80e+15  1.67e+12  0.00e+00  1.67e+12  2.72e+38  4.40e+38  3.33e+38  2.45e+37  2.55e+35  8.29e+37  0.00e+00  4.38e+38  1.70e+38  2.20e+38  0.00e+00  1.70e+37  6.86e+37  3.56e+37 -7.29e+36  0.00e+00  2.60e+32  8.13e+37 
2.437e+15  147      0        0  2.08e+09  0.00e+00  0.00e+00  6.11e+45  1.71e-16  8.73e+07  3.56e+04  7.31e+04  3.05e-03  5.84e+15  1.57e+12  0.00e+00  1.57e+12  2.75e+38  4.41e+38  3.31e+38  2.58e+37  2.36e+35  8.38e+37  0.00e+00  4.38e+38  1.68e+38  2.22e+38  0.00e+00  1.70e+37  6.85e+37  3.56e+37 -7.41e+36  0.00e+00  2.54e+32  8.17e+37 
2.516e+15  148      0        0  1.84e+09  0.00e+00  0.00e+00  6.73e+45  1.60e-16  8.19e+07  3.56e+04  7.36e+04  2.79e-03  5.88e+15  1.48e+12  0.00e+00  1.48e+12  2.68e+38  4.32e+38  3.23e+38  2.68e+37  2.12e+35  8.16e+37  0.00e+00  4.29e+38  1.64e+38  2.18e+38  0.00e+00  1.65e+37  6.62e+37  3.44e+37 -5.37e+36  0.00e+00  2.23e+32  7.92e+37 
2.598e+15  149      0        0  1.64e+09  0.00e+00  0.00e+00  7.40e+45  1.49e-16  7.62e+07  3.58e+04  7.41e+04  2.56e-03  5.91e+15  1.39e+12  0.00e+00  1.39e+12  2.60e+38  4.18e+38  3.13e+38  2.70e+37  1.86e+35  7.83e+37  0.00e+00  4.15e+38  1.58e+38  2.12e+38  0.00e+00  1.57e+37  6.31e+37  3.28e+37 -5.00e+36  0.00e+00  1.42e+32  7.57e+37 
2.682e+15  150      0        0  1.46e+09  0.00e+00  0.00e+00  8.14e+45  1.39e-16  7.09e+07  3.59e+04  7.45e+04  2.34e-03  5.95e+15  1.30e+12  0.00e+00  1.30e+12  2.54e+38  4.04e+38  3.02e+38  2.73e+37  1.64e+35  7.47e+37  0.00e+00  4.02e+38  1.52e+38  2.08e+38  0.00e+00  1.50e+37  6.01e+37  3.13e+37 -6.98e+36  0.00e+00  9.58e+31  7.18e+37 
2.769e+15  151      0        0  1.26e+09  0.00e+00  0.00e+00  8.96e+45  1.25e-16  6.37e+07  3.63e+04  7.50e+04  2.13e-03  5.99e+15  1.22e+12  0.00e+00  1.22e+12  2.36e+38  3.73e+38  2.82e+38  2.51e+37  1.34e+35  6.62e+37  0.00e+00  3.71e+38  1.42e+38  1.95e+38  0.00e+00  1.34e+37  5.34e+37  2.79e+37 -8.99e+36  0.00e+00  7.56e+31  6.34e+37 
2.859e+15  152      0        0  1.04e+09  0.00e+00  0.00e+00  9.86e+45  1.11e-16  5.68e+07  3.66e+04  7.56e+04  1.93e-03  6.04e+15  1.14e+12  0.00e+00  1.14e+12  2.15e+38  3.39e+38  2.60e+38  2.15e+37  1.07e+35  5.74e+37  0.00e+00  3.36e+38  1.31e+38  1.79e+38  0.00e+00  1.18e+37  4.67e+37  2.44e+37 -1.12e+37  0.00e+00  7.41e+31  5.45e+37 
2.952e+15  153     -1        0  7.92e+08  0.00e+00  0.00e+00  0.00e+00  0.00e+00  0.00e+00  0.00e+00  0.00e+00  0.00e+00  0.00e+00  0.00e+00  0.00e+00  0.00e+00  0.00e+00  0.00e+00  0.00e+00  0.00e+00  0.00e+00  0.00e+00  0.00e+00  0.00e+00  0.00e+00  0.00e+00  0.00e+00  0.00e+00  0.00e+00  0.00e+00  0.00e+00  0.00e+00  0.00e+00  0.00e+00 
3.048e+15  154     -1        0  7.92e+08  0.00e+00  0.00e+00  0.00e+00  0.00e+00  0.00e+00  0.00e+00  0.00e+00  0.00e+00  0.00e+00  0.00e+00  0.00e+00  0.00e+00  0.00e+00  0.00e+00  0.00e+00  0.00e+00  0.00e+00  0.00e+00  0.00e+00  0.00e+00  0.00e+00  0.00e+00  0.00e+00  0.00e+00  0.00e+00  0.00e+00  0.00e+00  0.00e+00  0.00e+00  0.00e+00 
