        r    i inwind converge       v_x       v_y       v_z   dv_x_dx   dv_y_dx   dv_z_dx   dv_x_dy   dv_y_dy   dv_z_dy   dv_x_dz   dv_y_dz   dv_z_dz     div_v  dvds_max     gamma    dfudge 
2.223e+13    0     -1        0  5.65e+09  0.00e+00  0.00e+00  0.00e+00  0.00e+00  0.00e+00  0.00e+00  0.00e+00  0.00e+00  0.00e+00  0.00e+00  0.00e+00  0.00e+00  0.00e+00  0.00e+00  0.00e+00 
2.296e+13    1      0        0  5.48e+09  0.00e+00  0.00e+00 -7.21e-07 -2.94e-11 -2.43e-04  0.00e+00  2.43e-04  0.00e+00 -2.43e-04 -2.94e-11 -7.21e-07  2.22e-04  2.56e-04  1.02e+00  2.95e+05 
2.370e+13    2      0        0  5.29e+09  0.00e+00  0.00e+00 -1.02e-05 -2.56e-11 -2.37e-04  0.00e+00  2.27e-04  0.00e+00 -2.37e-04 -2.56e-11 -1.02e-05  1.91e-04  2.56e-04  1.02e+00  2.95e+05 
2.447e+13    3      0        0  5.10e+09  0.00e+00  0.00e+00 -1.45e-05 -2.22e-11 -2.26e-04  0.00e+00  2.12e-04  0.00e+00 -2.26e-04 -2.22e-11 -1.45e-05  1.75e-04  2.45e-04  1.01e+00  2.95e+05 
2.527e+13    4      0        0  4.92e+09  0.00e+00  0.00e+00 -1.40e-05 -1.92e-11 -2.11e-04  0.00e+00  1.97e-04  0.00e+00 -2.11e-04 -1.92e-11 -1.40e-05  1.64e-04  2.28e-04  1.01e+00  2.95e+05 
2.609e+13    5      0        0  4.74e+09  0.00e+00  0.00e+00 -1.33e-05 -1.66e-11 -1.97e-04  0.00e+00  1.84e-04  0.00e+00 -1.97e-04 -1.66e-11 -1.33e-05  1.51e-04  2.13e-04  1.01e+00  2.95e+05 
2.693e+13    6      0        0  4.57e+09  0.00e+00  0.00e+00 -1.39e-05 -1.43e-11 -1.86e-04  0.00e+00  1.72e-04  0.00e+00 -1.86e-04 -1.43e-11 -1.39e-05  1.36e-04  2.02e-04  1.01e+00  2.95e+05 
2.781e+13    7      0        0  4.40e+09  0.00e+00  0.00e+00 -1.58e-05 -1.24e-11 -1.76e-04  0.00e+00  1.60e-04  0.00e+00 -1.76e-04 -1.24e-11 -1.58e-05  1.21e-04  1.94e-04  1.01e+00  2.95e+05 
2.871e+13    8      0        0  4.23e+09  0.00e+00  0.00e+00 -1.82e-05 -1.06e-11 -1.67e-04  0.00e+00  1.49e-04  0.00e+00 -1.67e-04 -1.06e-11 -1.82e-05  1.04e-04  1.88e-04  1.01e+00  2.95e+05 
2.964e+13    9      0        0  4.06e+09  0.00e+00  0.00e+00 -2.03e-05 -9.07e-12 -1.58e-04  0.00e+00  1.38e-04  0.00e+00 -1.58e-04 -9.07e-12 -2.03e-05  9.10e-05  1.81e-04  1.01e+00  2.95e+05 
3.061e+13   10      0        0  3.89e+09  0.00e+00  0.00e+00 -2.04e-05 -7.72e-12 -1.49e-04  0.00e+00  1.28e-04  0.00e+00 -1.49e-04 -7.72e-12 -2.04e-05  8.40e-05  1.69e-04  1.01e+00  2.95e+05 
3.160e+13   11      0        0  3.73e+09  0.00e+00  0.00e+00 -1.72e-05 -6.57e-12 -1.36e-04  0.00e+00  1.19e-04  0.00e+00 -1.36e-04 -6.57e-12 -1.72e-05  8.55e-05  1.51e-04  1.01e+00  2.95e+05 
3.262e+13   12      0        0  3.58e+09  0.00e+00  0.00e+00 -1.23e-05 -5.63e-12 -1.23e-04  0.00e+00  1.11e-04  0.00e+00 -1.23e-04 -5.63e-12 -1.23e-05  8.67e-05  1.33e-04  1.01e+00  2.95e+05 
3.368e+13   13      0        0  3.45e+09  0.00e+00  0.00e+00 -1.04e-05 -4.86e-12 -1.13e-04  0.00e+00  1.03e-04  0.00e+00 -1.13e-04 -4.86e-12 -1.04e-05  7.79e-05  1.24e-04  1.01e+00  2.95e+05 
3.478e+13   14      0        0  3.31e+09  0.00e+00  0.00e+00 -1.18e-05 -4.18e-12 -1.08e-04  0.00e+00  9.59e-05  0.00e+00 -1.08e-04 -4.18e-12 -1.18e-05  6.66e-05  1.20e-04  1.01e+00  2.95e+05 
3.591e+13   15      0        0  3.18e+09  0.00e+00  0.00e+00 -1.16e-05 -3.57e-12 -1.01e-04  0.00e+00  8.91e-05  0.00e+00 -1.01e-04 -3.57e-12 -1.16e-05  6.56e-05  1.11e-04  1.01e+00  2.95e+05 
3.707e+13   16      0        0  3.06e+09  0.00e+00  0.00e+00 -7.35e-06 -3.07e-12 -9.02e-05  0.00e+00  8.29e-05  0.00e+00 -9.02e-05 -3.07e-12 -7.35e-06  7.13e-05  9.48e-05  1.01e+00  2.95e+05 
3.828e+13   17      0        0  2.95e+09  0.00e+00  0.00e+00 -3.54e-06 -2.67e-12 -8.10e-05  0.00e+00  7.74e-05  0.00e+00 -8.10e-05 -2.67e-12 -3.54e-06  6.97e-05  8.34e-05  1.00e+00  2.95e+05 
3.952e+13   18      0        0  2.85e+09  0.00e+00  0.00e+00 -2.76e-06 -2.33e-12 -7.52e-05  0.00e+00  7.24e-05  0.00e+00 -7.52e-05 -2.33e-12 -2.76e-06  6.43e-05  7.77e-05  1.00e+00  2.95e+05 
4.080e+13   19      0        0  2.75e+09  0.00e+00  0.00e+00 -1.45e-06 -2.03e-12 -6.92e-05  0.00e+00  6.77e-05  0.00e+00 -6.92e-05 -2.03e-12 -1.45e-06  6.57e-05  6.90e-05  1.00e+00  2.95e+05 
4.213e+13   20      0        0  2.67e+09  0.00e+00  0.00e+00  2.74e-06 -1.79e-12 -6.08e-05  0.00e+00  6.35e-05  0.00e+00 -6.08e-05 -1.79e-12  2.74e-06  7.28e-05  6.35e-05  1.00e+00  2.95e+05 
4.350e+13   21      0        0  2.60e+09  0.00e+00  0.00e+00  6.42e-06 -1.60e-12 -5.35e-05  0.00e+00  5.99e-05  0.00e+00 -5.35e-05 -1.60e-12  6.42e-06  7.30e-05  5.99e-05  1.00e+00  2.95e+05 
4.491e+13   22      0        0  2.53e+09  0.00e+00  0.00e+00  6.76e-06 -1.44e-12 -4.99e-05  0.00e+00  5.66e-05  0.00e+00 -4.99e-05 -1.44e-12  6.76e-06  6.74e-05  5.66e-05  1.00e+00  2.95e+05 
4.637e+13   23      0        0  2.47e+09  0.00e+00  0.00e+00  6.67e-06 -1.29e-12 -4.68e-05  0.00e+00  5.35e-05  0.00e+00 -4.68e-05 -1.29e-12  6.67e-06  6.65e-05  5.35e-05  1.00e+00  2.95e+05 
4.787e+13   24      0        0  2.42e+09  0.00e+00  0.00e+00  9.09e-06 -1.17e-12 -4.15e-05  0.00e+00  5.06e-05  0.00e+00 -4.15e-05 -1.17e-12  9.09e-06  7.15e-05  5.06e-05  1.00e+00  2.95e+05 
4.942e+13   25      0        0  2.37e+09  0.00e+00  0.00e+00  1.18e-05 -1.07e-12 -3.63e-05  0.00e+00  4.82e-05  0.00e+00 -3.63e-05 -1.07e-12  1.18e-05  7.24e-05  4.82e-05  1.00e+00  2.95e+05 
5.103e+13   26      0        0  2.34e+09  0.00e+00  0.00e+00  1.18e-05 -9.94e-13 -3.42e-05  0.00e+00  4.60e-05  0.00e+00 -3.42e-05 -9.94e-13  1.18e-05  6.66e-05  4.60e-05  1.00e+00  2.95e+05 
5.269e+13   27      0        0  2.30e+09  0.00e+00  0.00e+00  1.07e-05 -9.15e-13 -3.31e-05  0.00e+00  4.38e-05  0.00e+00 -3.31e-05 -9.15e-13  1.07e-05  6.39e-05  4.38e-05  1.00e+00  2.95e+05 
5.440e+13   28      0        0  2.26e+09  0.00e+00  0.00e+00  1.17e-05 -8.44e-13 -3.00e-05  0.00e+00  4.17e-05  0.00e+00 -3.00e-05 -8.44e-13  1.17e-05  6.65e-05  4.17e-05  1.00e+00  2.95e+05 
5.616e+13   29      0        0  2.24e+09  0.00e+00  0.00e+00  1.36e-05 -7.89e-13 -2.63e-05  0.00e+00  3.99e-05  0.00e+00 -2.63e-05 -7.89e-13  1.36e-05  6.80e-05  3.99e-05  1.00e+00  2.95e+05 
5.799e+13   30      0        0  2.22e+09  0.00e+00  0.00e+00  1.40e-05 -7.45e-13 -2.44e-05  0.00e+00  3.84e-05  0.00e+00 -2.44e-05 -7.45e-13  1.40e-05  6.46e-05  3.84e-05  1.00e+00  2.95e+05 
5.987e+13   31      0        0  2.20e+09  0.00e+00  0.00e+00  1.32e-05 -7.02e-13 -2.36e-05  0.00e+00  3.68e-05  0.00e+00 -2.36e-05 -7.02e-13  1.32e-05  6.18e-05  3.68e-05  1.00e+00  2.95e+05 
6.181e+13   32      0        0  2.18e+09  0.00e+00  0.00e+00  1.34e-05 -6.62e-13 -2.19e-05  0.00e+00  3.53e-05  0.00e+00 -2.19e-05 -6.62e-13  1.34e-05  6.27e-05  3.53e-05  1.00e+00  2.95e+05 
6.382e+13   33      0        0  2.16e+09  0.00e+00  0.00e+00  1.47e-05 -6.29e-13 -1.93e-05  0.00e+00  3.40e-05  0.00e+00 -1.93e-05 -6.29e-13  1.47e-05  6.44e-05  3.40e-05  1.00e+00  2.95e+05 
6.589e+13   34      0        0  2.16e+09  0.00e+00  0.00e+00  1.54e-05 -6.05e-13 -1.75e-05  0.00e+00  3.29e-05  0.00e+00 -1.75e-05 -6.05e-13  1.54e-05  6.28e-05  3.29e-05  1.00e+00  2.95e+05 
6.803e+13   35      0        0  2.16e+09  0.00e+00  0.00e+00  1.50e-05 -5.83e-13 -1.67e-05  0.00e+00  3.18e-05  0.00e+00 -1.67e-05 -5.83e-13  1.50e-05  6.09e-05  3.18e-05  1.00e+00  2.95e+05 
7.024e+13   36      0        0  2.15e+09  0.00e+00  0.00e+00  1.49e-05 -5.62e-13 -1.58e-05  0.00e+00  3.07e-05  0.00e+00 -1.58e-05 -5.62e-13  1.49e-05  6.02e-05  3.07e-05  1.00e+00  2.95e+05 
7.252e+13   37      0        0  2.15e+09  0.00e+00  0.00e+00  1.54e-05 -5.44e-13 -1.44e-05  0.00e+00  2.97e-05  0.00e+00 -1.44e-05 -5.44e-13  1.54e-05  6.08e-05  2.97e-05  1.00e+00  2.95e+05 
7.488e+13   38      0        0  2.16e+09  0.00e+00  0.00e+00  1.57e-05 -5.31e-13 -1.32e-05  0.00e+00  2.89e-05  0.00e+00 -1.32e-05 -5.31e-13  1.57e-05  5.97e-05  2.89e-05  1.00e+00  2.95e+05 
7.731e+13   39      0        0  2.16e+09  0.00e+00  0.00e+00  1.53e-05 -5.19e-13 -1.28e-05  0.00e+00  2.81e-05  0.00e+00 -1.28e-05 -5.19e-13  1.53e-05  5.76e-05  2.81e-05  1.00e+00  2.95e+05 
7.982e+13   40      0        0  2.17e+09  0.00e+00  0.00e+00  1.47e-05 -5.06e-13 -1.26e-05  0.00e+00  2.73e-05  0.00e+00 -1.26e-05 -5.06e-13  1.47e-05  5.56e-05  2.73e-05  1.00e+00  2.95e+05 
8.241e+13   41      0        0  2.17e+09  0.00e+00  0.00e+00  1.43e-05 -4.94e-13 -1.22e-05  0.00e+00  2.65e-05  0.00e+00 -1.22e-05 -4.94e-13  1.43e-05  5.45e-05  2.65e-05  1.00e+00  2.95e+05 
8.508e+13   42      0        0  2.18e+09  0.00e+00  0.00e+00  1.43e-05 -4.82e-13 -1.14e-05  0.00e+00  2.57e-05  0.00e+00 -1.14e-05 -4.82e-13  1.43e-05  5.41e-05  2.57e-05  1.00e+00  2.95e+05 
8.785e+13   43      0        0  2.19e+09  0.00e+00  0.00e+00  1.45e-05 -4.73e-13 -1.05e-05  0.00e+00  2.50e-05  0.00e+00 -1.05e-05 -4.73e-13  1.45e-05  5.37e-05  2.50e-05  1.00e+00  2.95e+05 
9.070e+13   44      0        0  2.20e+09  0.00e+00  0.00e+00  1.42e-05 -4.66e-13 -1.01e-05  0.00e+00  2.44e-05  0.00e+00 -1.01e-05 -4.66e-13  1.42e-05  5.18e-05  2.44e-05  1.00e+00  2.95e+05 
9.364e+13   45      0        0  2.21e+09  0.00e+00  0.00e+00  1.34e-05 -4.59e-13 -1.03e-05  0.00e+00  2.37e-05  0.00e+00 -1.03e-05 -4.59e-13  1.34e-05  4.92e-05  2.37e-05  1.00e+00  2.95e+05 
9.668e+13   46      0        0  2.22e+09  0.00e+00  0.00e+00  1.28e-05 -4.49e-13 -1.02e-05  0.00e+00  2.30e-05  0.00e+00 -1.02e-05 -4.49e-13  1.28e-05  4.81e-05  2.30e-05  1.00e+00  2.95e+05 
9.982e+13   47      0        0  2.23e+09  0.00e+00  0.00e+00  1.30e-05 -4.40e-13 -9.41e-06  0.00e+00  2.24e-05  0.00e+00 -9.41e-06 -4.40e-13  1.30e-05  4.87e-05  2.24e-05  1.00e+00  2.95e+05 
1.031e+14   48      0        0  2.24e+09  0.00e+00  0.00e+00  1.30e-05 -4.34e-13 -8.79e-06  0.00e+00  2.18e-05  0.00e+00 -8.79e-06 -4.34e-13  1.30e-05  4.71e-05  2.18e-05  1.00e+00  2.95e+05 
1.064e+14   49      0        0  2.26e+09  0.00e+00  0.00e+00  1.21e-05 -4.28e-13 -9.22e-06  0.00e+00  2.13e-05  0.00e+00 -9.22e-06 -4.28e-13  1.21e-05  4.36e-05  2.13e-05  1.00e+00  2.95e+05 
1.099e+14   50      0        0  2.26e+09  0.00e+00  0.00e+00  1.10e-05 -4.18e-13 -9.63e-06  0.00e+00  2.07e-05  0.00e+00 -9.63e-06 -4.18e-13  1.10e-05  4.18e-05  2.07e-05  1.00e+00  2.95e+05 
1.134e+14   51      0        0  2.27e+09  0.00e+00  0.00e+00  1.12e-05 -4.07e-13 -8.87e-06  0.00e+00  2.00e-05  0.00e+00 -8.87e-06 -4.07e-13  1.12e-05  4.30e-05  2.00e-05  1.00e+00  2.95e+05 
1.171e+14   52      0        0  2.28e+09  0.00e+00  0.00e+00  1.16e-05 -4.01e-13 -7.93e-06  0.00e+00  1.95e-05  0.00e+00 -7.93e-06 -4.01e-13  1.16e-05  4.24e-05  1.95e-05  1.00e+00  2.95e+05 
1.209e+14   53      0        0  2.29e+09  0.00e+00  0.00e+00  1.08e-05 -3.96e-13 -8.27e-06  0.00e+00  1.90e-05  0.00e+00 -8.27e-06 -3.96e-13  1.08e-05  3.86e-05  1.90e-05  1.00e+00  2.95e+05 
1.248e+14   54      0        0  2.30e+09  0.00e+00  0.00e+00  9.53e-06 -3.86e-13 -8.94e-06  0.00e+00  1.85e-05  0.00e+00 -8.94e-06 -3.86e-13  9.53e-06  3.64e-05  1.85e-05  1.00e+00  2.95e+05 
1.289e+14   55      0        0  2.30e+09  0.00e+00  0.00e+00  9.33e-06 -3.74e-13 -8.56e-06  0.00e+00  1.79e-05  0.00e+00 -8.56e-06 -3.74e-13  9.33e-06  3.68e-05  1.79e-05  1.00e+00  2.95e+05 
1.331e+14   56      0        0  2.31e+09  0.00e+00  0.00e+00  9.73e-06 -3.65e-13 -7.65e-06  0.00e+00  1.74e-05  0.00e+00 -7.65e-06 -3.65e-13  9.73e-06  3.69e-05  1.74e-05  1.00e+00  2.95e+05 
1.374e+14   57      0        0  2.32e+09  0.00e+00  0.00e+00  9.30e-06 -3.59e-13 -7.61e-06  0.00e+00  1.69e-05  0.00e+00 -7.61e-06 -3.59e-13  9.30e-06  3.40e-05  1.69e-05  1.00e+00  2.95e+05 
1.419e+14   58      0        0  2.32e+09  0.00e+00  0.00e+00  8.25e-06 -3.49e-13 -8.15e-06  0.00e+00  1.64e-05  0.00e+00 -8.15e-06 -3.49e-13  8.25e-06  3.17e-05  1.64e-05  1.00e+00  2.95e+05 
1.465e+14   59      0        0  2.32e+09  0.00e+00  0.00e+00  7.72e-06 -3.37e-13 -8.15e-06  0.00e+00  1.59e-05  0.00e+00 -8.15e-06 -3.37e-13  7.72e-06  3.09e-05  1.59e-05  1.00e+00  2.95e+05 
1.512e+14   60      0        0  2.32e+09  0.00e+00  0.00e+00  7.69e-06 -3.26e-13 -7.67e-06  0.00e+00  1.54e-05  0.00e+00 -7.67e-06 -3.26e-13  7.69e-06  3.06e-05  1.54e-05  1.00e+00  2.95e+05 
1.561e+14   61      0        0  2.32e+09  0.00e+00  0.00e+00  7.34e-06 -3.16e-13 -7.55e-06  0.00e+00  1.49e-05  0.00e+00 -7.55e-06 -3.16e-13  7.34e-06  2.85e-05  1.49e-05  1.00e+00  2.95e+05 
1.612e+14   62      0        0  2.31e+09  0.00e+00  0.00e+00  6.53e-06 -3.05e-13 -7.87e-06  0.00e+00  1.44e-05  0.00e+00 -7.87e-06 -3.05e-13  6.53e-06  2.64e-05  1.44e-05  1.00e+00  2.95e+05 
1.664e+14   63      0        0  2.30e+09  0.00e+00  0.00e+00  6.03e-06 -2.91e-13 -7.86e-06  0.00e+00  1.39e-05  0.00e+00 -7.86e-06 -2.91e-13  6.03e-06  2.55e-05  1.39e-05  1.00e+00  2.95e+05 
1.718e+14   64      0        0  2.29e+09  0.00e+00  0.00e+00  5.95e-06 -2.79e-13 -7.44e-06  0.00e+00  1.34e-05  0.00e+00 -7.44e-06 -2.79e-13  5.95e-06  2.51e-05  1.34e-05  1.00e+00  2.95e+05 
1.774e+14   65      0        0  2.29e+09  0.00e+00  0.00e+00  5.83e-06 -2.67e-13 -7.10e-06  0.00e+00  1.29e-05  0.00e+00 -7.10e-06 -2.67e-13  5.83e-06  2.41e-05  1.29e-05  1.00e+00  2.95e+05 
1.832e+14   66      0        0  2.28e+09  0.00e+00  0.00e+00  5.35e-06 -2.57e-13 -7.14e-06  0.00e+00  1.25e-05  0.00e+00 -7.14e-06 -2.57e-13  5.35e-06  2.22e-05  1.25e-05  1.00e+00  2.95e+05 
1.891e+14   67      0        0  2.27e+09  0.00e+00  0.00e+00  4.86e-06 -2.44e-13 -7.16e-06  0.00e+00  1.20e-05  0.00e+00 -7.16e-06 -2.44e-13  4.86e-06  2.12e-05  1.20e-05  1.00e+00  2.95e+05 
1.953e+14   68      0        0  2.25e+09  0.00e+00  0.00e+00  4.61e-06 -2.32e-13 -6.95e-06  0.00e+00  1.16e-05  0.00e+00 -6.95e-06 -2.32e-13  4.61e-06  2.04e-05  1.16e-05  1.00e+00  2.95e+05 
2.016e+14   69      0        0  2.24e+09  0.00e+00  0.00e+00  4.33e-06 -2.20e-13 -6.80e-06  0.00e+00  1.11e-05  0.00e+00 -6.80e-06 -2.20e-13  4.33e-06  1.92e-05  1.11e-05  1.00e+00  2.95e+05 
2.082e+14   70      0        0  2.22e+09  0.00e+00  0.00e+00  3.82e-06 -2.08e-13 -6.88e-06  0.00e+00  1.07e-05  0.00e+00 -6.88e-06 -2.08e-13  3.82e-06  1.74e-05  1.07e-05  1.00e+00  2.95e+05 
2.149e+14   71      0        0  2.20e+09  0.00e+00  0.00e+00  3.40e-06 -1.95e-13 -6.85e-06  0.00e+00  1.02e-05  0.00e+00 -6.85e-06 -1.95e-13  3.40e-06  1.67e-05  1.02e-05  1.00e+00  2.95e+05 
2.219e+14   72      0        0  2.17e+09  0.00e+00  0.00e+00  3.48e-06 -1.83e-13 -6.34e-06  0.00e+00  9.82e-06  0.00e+00 -6.34e-06 -1.83e-13  3.48e-06  1.69e-05  9.82e-06  1.00e+00  2.95e+05 
2.291e+14   73      0        0  2.16e+09  0.00e+00  0.00e+00  3.54e-06 -1.73e-13 -5.89e-06  0.00e+00  9.44e-06  0.00e+00 -5.89e-06 -1.73e-13  3.54e-06  1.61e-05  9.44e-06  1.00e+00  2.95e+05 
2.365e+14   74      0        0  2.14e+09  0.00e+00  0.00e+00  2.92e-06 -1.64e-13 -6.14e-06  0.00e+00  9.07e-06  0.00e+00 -6.14e-06 -1.64e-13  2.92e-06  1.36e-05  9.07e-06  1.00e+00  2.95e+05 
2.442e+14   75      0        0  2.11e+09  0.00e+00  0.00e+00  2.15e-06 -1.52e-13 -6.51e-06  0.00e+00  8.65e-06  0.00e+00 -6.51e-06 -1.52e-13  2.15e-06  1.22e-05  8.65e-06  1.00e+00  2.95e+05 
2.521e+14   76      0        0  2.07e+09  0.00e+00  0.00e+00  2.16e-06 -1.39e-13 -6.07e-06  0.00e+00  8.23e-06  0.00e+00 -6.07e-06 -1.39e-13  2.16e-06  1.29e-05  8.23e-06  1.00e+00  2.95e+05 
2.603e+14   77      0        0  2.04e+09  0.00e+00  0.00e+00  2.52e-06 -1.30e-13 -5.35e-06  0.00e+00  7.87e-06  0.00e+00 -5.35e-06 -1.30e-13  2.52e-06  1.29e-05  7.87e-06  1.00e+00  2.95e+05 
2.688e+14   78      0        0  2.02e+09  0.00e+00  0.00e+00  2.33e-06 -1.22e-13 -5.22e-06  0.00e+00  7.55e-06  0.00e+00 -5.22e-06 -1.22e-13  2.33e-06  1.14e-05  7.55e-06  1.00e+00  2.95e+05 
2.775e+14   79      0        0  1.99e+09  0.00e+00  0.00e+00  1.73e-06 -1.13e-13 -5.48e-06  0.00e+00  7.20e-06  0.00e+00 -5.48e-06 -1.13e-13  1.73e-06  9.86e-06  7.20e-06  1.00e+00  2.95e+05 
2.865e+14   80      0        0  1.96e+09  0.00e+00  0.00e+00  1.60e-06 -1.03e-13 -5.24e-06  0.00e+00  6.85e-06  0.00e+00 -5.24e-06 -1.03e-13  1.60e-06  1.03e-05  6.85e-06  1.00e+00  2.95e+05 
2.958e+14   81      0        0  1.93e+09  0.00e+00  0.00e+00  1.85e-06 -9.58e-14 -4.68e-06  0.00e+00  6.53e-06  0.00e+00 -4.68e-06 -9.58e-14  1.85e-06  1.02e-05  6.53e-06  1.00e+00  2.95e+05 
3.054e+14   82      0        0  1.90e+09  0.00e+00  0.00e+00  1.77e-06 -8.93e-14 -4.47e-06  0.00e+00  6.25e-06  0.00e+00 -4.47e-06 -8.93e-14  1.77e-06  9.34e-06  6.25e-06  1.00e+00  2.95e+05 
3.153e+14   83      0        0  1.88e+09  0.00e+00  0.00e+00  1.28e-06 -8.27e-14 -4.68e-06  0.00e+00  5.96e-06  0.00e+00 -4.68e-06 -8.27e-14  1.28e-06  7.68e-06  5.96e-06  1.00e+00  2.95e+05 
3.256e+14   84      0        0  1.84e+09  0.00e+00  0.00e+00  1.05e-06 -7.50e-14 -4.60e-06  0.00e+00  5.65e-06  0.00e+00 -4.60e-06 -7.50e-14  1.05e-06  7.84e-06  5.65e-06  1.00e+00  2.95e+05 
3.362e+14   85      0        0  1.80e+09  0.00e+00  0.00e+00  1.41e-06 -6.88e-14 -3.96e-06  0.00e+00  5.37e-06  0.00e+00 -3.96e-06 -6.88e-14  1.41e-06  8.58e-06  5.37e-06  1.00e+00  2.95e+05 
3.471e+14   86      0        0  1.78e+09  0.00e+00  0.00e+00  1.92e-06 -6.43e-14 -3.22e-06  0.00e+00  5.14e-06  0.00e+00 -3.22e-06 -6.43e-14  1.92e-06  9.42e-06  5.14e-06  1.00e+00  2.95e+05 
3.583e+14   87      0        0  1.77e+09  0.00e+00  0.00e+00  2.04e-06 -6.15e-14 -2.91e-06  0.00e+00  4.96e-06  0.00e+00 -2.91e-06 -6.15e-14  2.04e-06  8.66e-06  4.96e-06  1.00e+00  2.95e+05 
3.700e+14   88      0        0  1.76e+09  0.00e+00  0.00e+00  1.80e-06 -5.83e-14 -2.96e-06  0.00e+00  4.77e-06  0.00e+00 -2.96e-06 -5.83e-14  1.80e-06  8.09e-06  4.77e-06  1.00e+00  2.95e+05 
3.820e+14   89      0        0  1.75e+09  0.00e+00  0.00e+00  1.71e-06 -5.50e-14 -2.87e-06  0.00e+00  4.58e-06  0.00e+00 -2.87e-06 -5.50e-14  1.71e-06  7.90e-06  4.58e-06  1.00e+00  2.95e+05 
3.944e+14   90      0        0  1.73e+09  0.00e+00  0.00e+00  2.07e-06 -5.20e-14 -2.33e-06  0.00e+00  4.40e-06  0.00e+00 -2.33e-06 -5.20e-14  2.07e-06  9.23e-06  4.40e-06  1.00e+00  2.95e+05 
4.072e+14   91      0        0  1.74e+09  0.00e+00  0.00e+00  2.63e-06 -5.10e-14 -1.65e-06  0.00e+00  4.28e-06  0.00e+00 -1.65e-06 -5.10e-14  2.63e-06  9.87e-06  4.28e-06  1.00e+00  2.95e+05 
4.204e+14   92      0        0  1.76e+09  0.00e+00  0.00e+00  2.67e-06 -5.11e-14 -1.52e-06  0.00e+00  4.19e-06  0.00e+00 -1.52e-06 -5.11e-14  2.67e-06  9.18e-06  4.19e-06  1.00e+00  2.95e+05 
4.341e+14   93      0        0  1.77e+09  0.00e+00  0.00e+00  2.17e-06 -5.05e-14 -1.91e-06  0.00e+00  4.09e-06  0.00e+00 -1.91e-06 -5.05e-14  2.17e-06  7.65e-06  4.09e-06  1.00e+00  2.95e+05 
4.482e+14   94      0        0  1.77e+09  0.00e+00  0.00e+00  1.90e-06 -4.84e-14 -2.05e-06  0.00e+00  3.95e-06  0.00e+00 -2.05e-06 -4.84e-14  1.90e-06  7.84e-06  3.95e-06  1.00e+00  2.95e+05 
4.627e+14   95      0        0  1.77e+09  0.00e+00  0.00e+00  2.44e-06 -4.70e-14 -1.38e-06  0.00e+00  3.82e-06  0.00e+00 -1.38e-06 -4.70e-14  2.44e-06  9.64e-06  3.82e-06  1.00e+00  2.95e+05 
4.777e+14   96      0        0  1.80e+09  0.00e+00  0.00e+00  3.07e-06 -4.80e-14 -6.99e-07  0.00e+00  3.77e-06  0.00e+00 -6.99e-07 -4.80e-14  3.07e-06  1.02e-05  3.77e-06  1.00e+00  2.95e+05 
4.932e+14   97      0        1  1.84e+09  0.00e+00  0.00e+00  2.81e-06 -4.98e-14 -9.21e-07  0.00e+00  3.73e-06  0.00e+00 -9.21e-07 -4.98e-14  2.81e-06  8.48e-06  3.73e-06  1.00e+00  2.95e+05 
5.093e+14   98      0        2  1.86e+09  0.00e+00  0.00e+00  2.11e-06 -4.96e-14 -1.54e-06  0.00e+00  3.65e-06  0.00e+00 -1.54e-06 -4.96e-14  2.11e-06  7.24e-06  3.65e-06  1.00e+00  2.95e+05 
5.258e+14   99      0        0  1.86e+09  0.00e+00  0.00e+00  2.14e-06 -4.81e-14 -1.40e-06  0.00e+00  3.54e-06  0.00e+00 -1.40e-06 -4.81e-14  2.14e-06  8.43e-06  3.54e-06  1.00e+00  2.95e+05 
5.429e+14  100      0        1  1.88e+09  0.00e+00  0.00e+00  2.95e-06 -4.85e-14 -5.26e-07  0.00e+00  3.47e-06  0.00e+00 -5.26e-07 -4.85e-14  2.95e-06  1.04e-05  3.47e-06  1.00e+00  2.95e+05 
5.605e+14  101      0        0  1.94e+09  0.00e+00  0.00e+00  3.60e-06 -5.17e-14  1.29e-07  0.00e+00  3.47e-06  0.00e+00  1.29e-07 -5.17e-14  3.60e-06  1.10e-05  4.05e-06  1.00e+00  2.95e+05 
5.787e+14  102      0        0  2.01e+09  0.00e+00  0.00e+00  3.49e-06 -5.59e-14 -4.49e-09  0.00e+00  3.49e-06  0.00e+00 -4.49e-09 -5.59e-14  3.49e-06  9.89e-06  3.49e-06  1.00e+00  2.95e+05 
5.975e+14  103      0        0  2.07e+09  0.00e+00  0.00e+00  2.88e-06 -5.88e-14 -5.95e-07  0.00e+00  3.47e-06  0.00e+00 -5.95e-07 -5.88e-14  2.88e-06  8.53e-06  3.47e-06  1.00e+00  2.95e+05 
6.169e+14  104      0        0  2.10e+09  0.00e+00  0.00e+00  2.61e-06 -5.96e-14 -8.05e-07  0.00e+00  3.42e-06  0.00e+00 -8.05e-07 -5.96e-14  2.61e-06  8.76e-06  3.42e-06  1.00e+00  2.95e+05 
6.369e+14  105      0        0  2.14e+09  0.00e+00  0.00e+00  2.93e-06 -6.10e-14 -4.43e-07  0.00e+00  3.37e-06  0.00e+00 -4.43e-07 -6.10e-14  2.93e-06  9.73e-06  3.37e-06  1.00e+00  2.95e+05 
6.576e+14  106      0        1  2.20e+09  0.00e+00  0.00e+00  3.26e-06 -6.44e-14 -1.04e-07  0.00e+00  3.36e-06  0.00e+00 -1.04e-07 -6.44e-14  3.26e-06  1.00e-05  3.36e-06  1.00e+00  2.95e+05 
6.789e+14  107      0        1  2.27e+09  0.00e+00  0.00e+00  3.30e-06 -6.86e-14 -5.82e-08  0.00e+00  3.36e-06  0.00e+00 -5.82e-08 -6.86e-14  3.30e-06  9.89e-06  3.36e-06  1.00e+00  2.95e+05 
7.010e+14  108      0        0  2.34e+09  0.00e+00  0.00e+00  3.20e-06 -7.28e-14 -1.51e-07  0.00e+00  3.35e-06  0.00e+00 -1.51e-07 -7.28e-14  3.20e-06  9.62e-06  3.35e-06  1.00e+00  2.95e+05 
7.237e+14  109      0        2  2.41e+09  0.00e+00  0.00e+00  3.07e-06 -7.68e-14 -2.67e-07  0.00e+00  3.34e-06  0.00e+00 -2.67e-07 -7.68e-14  3.07e-06  9.35e-06  3.34e-06  1.00e+00  2.95e+05 
7.472e+14  110      0        0  2.47e+09  0.00e+00  0.00e+00  3.02e-06 -8.04e-14 -2.98e-07  0.00e+00  3.32e-06  0.00e+00 -2.98e-07 -8.04e-14  3.02e-06  9.39e-06  3.32e-06  1.00e+00  2.95e+05 
7.715e+14  111      0        2  2.54e+09  0.00e+00  0.00e+00  3.24e-06 -8.44e-14 -6.25e-08  0.00e+00  3.31e-06  0.00e+00 -6.25e-08 -8.44e-14  3.24e-06  1.02e-05  3.62e-06  1.00e+00  2.95e+05 
7.965e+14  112      0        2  2.63e+09  0.00e+00  0.00e+00  3.60e-06 -9.08e-14  2.89e-07  0.00e+00  3.32e-06  0.00e+00  2.89e-07 -9.08e-14  3.60e-06  1.09e-05  4.22e-06  1.00e+00  2.95e+05 
8.224e+14  113      0        0  2.74e+09  0.00e+00  0.00e+00  3.63e-06 -9.93e-14  2.89e-07  0.00e+00  3.34e-06  0.00e+00  2.89e-07 -9.93e-14  3.63e-06  1.04e-05  3.84e-06  1.00e+00  2.95e+05 
8.491e+14  114      0        0  2.84e+09  0.00e+00  0.00e+00  3.36e-06 -1.07e-13  2.69e-09  0.00e+00  3.36e-06  0.00e+00  2.69e-09 -1.07e-13  3.36e-06  9.77e-06  3.36e-06  1.00e+00  2.95e+05 
8.767e+14  115      0        0  2.92e+09  0.00e+00  0.00e+00  3.18e-06 -1.13e-13 -1.65e-07  0.00e+00  3.35e-06  0.00e+00 -1.65e-07 -1.13e-13  3.18e-06  9.66e-06  3.35e-06  1.00e+00  2.95e+05 
9.051e+14  116      0        0  3.01e+09  0.00e+00  0.00e+00  3.17e-06 -1.20e-13 -1.65e-07  0.00e+00  3.34e-06  0.00e+00 -1.65e-07 -1.20e-13  3.17e-06  9.71e-06  3.34e-06  1.01e+00  2.95e+05 
9.345e+14  117      0        0  3.10e+09  0.00e+00  0.00e+00  3.20e-06 -1.27e-13 -1.28e-07  0.00e+00  3.33e-06  0.00e+00 -1.28e-07 -1.27e-13  3.20e-06  9.76e-06  3.33e-06  1.01e+00  2.95e+05 
9.649e+14  118      0        0  3.19e+09  0.00e+00  0.00e+00  3.43e-06 -1.34e-13  1.09e-07  0.00e+00  3.32e-06  0.00e+00  1.09e-07 -1.34e-13  3.43e-06  1.07e-05  4.03e-06  1.01e+00  2.95e+05 
9.962e+14  119      0        0  3.31e+09  0.00e+00  0.00e+00  3.65e-06 -1.46e-13  3.03e-07  0.00e+00  3.35e-06  0.00e+00  3.03e-07 -1.46e-13  3.65e-06  1.06e-05  3.99e-06  1.01e+00  2.95e+05 
1.029e+15  120      0        0  3.44e+09  0.00e+00  0.00e+00  3.22e-06 -1.58e-13 -1.48e-07  0.00e+00  3.37e-06  0.00e+00 -1.48e-07 -1.58e-13  3.22e-06  8.92e-06  3.37e-06  1.01e+00  2.95e+05 
1.062e+15  121      0        0  3.52e+09  0.00e+00  0.00e+00  2.61e-06 -1.64e-13 -7.27e-07  0.00e+00  3.33e-06  0.00e+00 -7.27e-07 -1.64e-13  2.61e-06  8.15e-06  3.33e-06  1.01e+00  2.95e+05 
1.096e+15  122      0        0  3.57e+09  0.00e+00  0.00e+00  2.79e-06 -1.66e-13 -4.92e-07  0.00e+00  3.28e-06  0.00e+00 -4.92e-07 -1.66e-13  2.79e-06  9.60e-06  3.28e-06  1.01e+00  2.95e+05 
1.132e+15  123      0        2  3.68e+09  0.00e+00  0.00e+00  3.41e-06 -1.76e-13  1.39e-07  0.00e+00  3.27e-06  0.00e+00  1.39e-07 -1.76e-13  3.41e-06  1.06e-05  4.11e-06  1.01e+00  2.95e+05 
1.169e+15  124      0        1  3.83e+09  0.00e+00  0.00e+00  3.18e-06 -1.92e-13 -1.25e-07  0.00e+00  3.30e-06  0.00e+00 -1.25e-07 -1.92e-13  3.18e-06  8.62e-06  3.30e-06  1.01e+00  2.95e+05 
1.207e+15  125      0        1  3.90e+09  0.00e+00  0.00e+00  2.19e-06 -1.98e-13 -1.07e-06  0.00e+00  3.26e-06  0.00e+00 -1.07e-06 -1.98e-13  2.19e-06  6.60e-06  3.26e-06  1.01e+00  2.95e+05 
1.246e+15  126      0        0  3.91e+09  0.00e+00  0.00e+00  1.78e-06 -1.93e-13 -1.39e-06  0.00e+00  3.17e-06  0.00e+00 -1.39e-06 -1.93e-13  1.78e-06  6.85e-06  3.17e-06  1.01e+00  2.95e+05 
1.286e+15  127      0        0  3.93e+09  0.00e+00  0.00e+00  2.17e-06 -1.90e-13 -9.16e-07  0.00e+00  3.09e-06  0.00e+00 -9.16e-07 -1.90e-13  2.17e-06  8.04e-06  3.09e-06  1.01e+00  2.95e+05 
1.328e+15  128      0        0  4.01e+09  0.00e+00  0.00e+00  2.41e-06 -1.96e-13 -6.37e-07  0.00e+00  3.05e-06  0.00e+00 -6.37e-07 -1.96e-13  2.41e-06  7.70e-06  3.05e-06  1.01e+00  2.95e+05 
1.371e+15  129      0        0  4.09e+09  0.00e+00  0.00e+00  1.78e-06 -2.00e-13 -1.23e-06  0.00e+00  3.01e-06  0.00e+00 -1.23e-06 -2.00e-13  1.78e-06  5.34e-06  3.01e-06  1.01e+00  2.95e+05 
1.416e+15  130      0        0  4.06e+09  0.00e+00  0.00e+00  8.34e-07 -1.90e-13 -2.06e-06  0.00e+00  2.89e-06  0.00e+00 -2.06e-06 -1.90e-13  8.34e-07  3.74e-06  2.89e-06  1.01e+00  2.95e+05 
1.462e+15  131      0        0  3.97e+09  0.00e+00  0.00e+00  4.30e-07 -1.73e-13 -2.31e-06  0.00e+00  2.74e-06  0.00e+00 -2.31e-06 -1.73e-13  4.30e-07  3.46e-06  2.74e-06  1.01e+00  2.95e+05 
1.509e+15  132      0        0  3.88e+09  0.00e+00  0.00e+00  6.58e-07 -1.56e-13 -1.94e-06  0.00e+00  2.60e-06  0.00e+00 -1.94e-06 -1.56e-13  6.58e-07  4.40e-06  2.60e-06  1.01e+00  2.95e+05 
1.558e+15  133      0        0  3.85e+09  0.00e+00  0.00e+00  8.80e-07 -1.47e-13 -1.61e-06  0.00e+00  2.49e-06  0.00e+00 -1.61e-06 -1.47e-13  8.80e-07  4.10e-06  2.49e-06  1.01e+00  2.95e+05 
1.609e+15  134      0        0  3.81e+09  0.00e+00  0.00e+00  7.60e-07 -1.38e-13 -1.63e-06  0.00e+00  2.39e-06  0.00e+00 -1.63e-06 -1.38e-13  7.60e-07  3.71e-06  2.39e-06  1.01e+00  2.95e+05 
1.661e+15  135      0        0  3.76e+09  0.00e+00  0.00e+00  4.05e-07 -1.29e-13 -1.88e-06  0.00e+00  2.28e-06  0.00e+00 -1.88e-06 -1.29e-13  4.05e-07  2.45e-06  2.28e-06  1.01e+00  2.95e+05 
1.715e+15  136      0        0  3.65e+09  0.00e+00  0.00e+00  3.23e-07 -1.14e-13 -1.82e-06  0.00e+00  2.15e-06  0.00e+00 -1.82e-06 -1.14e-13  3.23e-07  3.17e-06  2.15e-06  1.01e+00  2.95e+05 
1.771e+15  137      0        0  3.60e+09  0.00e+00  0.00e+00  4.88e-07 -1.05e-13 -1.56e-06  0.00e+00  2.05e-06  0.00e+00 -1.56e-06 -1.05e-13  4.88e-07  2.87e-06  2.05e-06  1.01e+00  2.95e+05 
1.828e+15  138      0        0  3.53e+09  0.00e+00  0.00e+00  3.74e-07 -9.66e-14 -1.57e-06  0.00e+00  1.95e-06  0.00e+00 -1.57e-06 -9.66e-14  3.74e-07  2.51e-06  1.95e-06  1.01e+00  2.95e+05 
1.887e+15  139      0        0  3.46e+09  0.00e+00  0.00e+00  1.41e-07 -8.76e-14 -1.70e-06  0.00e+00  1.84e-06  0.00e+00 -1.70e-06 -8.76e-14  1.41e-07  1.72e-06  1.87e-06  1.01e+00  2.95e+05 
1.949e+15  140      0        0  3.34e+09  0.00e+00  0.00e+00 -1.96e-08 -7.67e-14 -1.75e-06  0.00e+00  1.73e-06  0.00e+00 -1.75e-06 -7.67e-14 -1.96e-08  1.66e-06  1.75e-06  1.01e+00  2.95e+05 
2.012e+15  141      0        0  3.24e+09  0.00e+00  0.00e+00 -1.13e-07 -6.73e-14 -1.73e-06  0.00e+00  1.62e-06  0.00e+00 -1.73e-06 -6.73e-14 -1.13e-07  1.12e-06  2.03e-06  1.01e+00  2.95e+05 
2.077e+15  142      0        0  3.11e+09  0.00e+00  0.00e+00 -2.70e-07 -5.76e-14 -1.77e-06  0.00e+00  1.50e-06  0.00e+00 -1.77e-06 -5.76e-14 -2.70e-07  8.06e-07  2.11e-06  1.01e+00  2.95e+05 
2.145e+15  143      0        0  2.97e+09  0.00e+00  0.00e+00 -4.29e-07 -4.85e-14 -1.82e-06  0.00e+00  1.39e-06  0.00e+00 -1.82e-06 -4.85e-14 -4.29e-07  2.47e-07  2.43e-06  1.00e+00  2.95e+05 
2.214e+15  144      0        0  2.80e+09  0.00e+00  0.00e+00 -7.42e-07 -3.94e-14 -2.01e-06  0.00e+00  1.27e-06  0.00e+00 -2.01e-06 -3.94e-14 -7.42e-07 -6.96e-07  3.12e-06  1.00e+00  2.95e+05 
2.286e+15  145      0        0  2.58e+09  0.00e+00  0.00e+00 -1.01e-06 -2.97e-14 -2.14e-06  0.00e+00  1.13e-06  0.00e+00 -2.14e-06 -2.97e-14 -1.01e-06 -1.08e-06  3.23e-06  1.00e+00  2.95e+05 
2.361e+15  146      0        0  2.34e+09  0.00e+00  0.00e+00 -1.15e-06 -2.15e-14 -2.14e-06  0.00e+00  9.94e-07  0.00e+00 -2.14e-06 -2.15e-14 -1.15e-06 -1.53e-06  3.39e-06  1.00e+00  2.95e+05 
2.437e+15  147      0        0  2.08e+09  0.00e+00  0.00e+00 -1.18e-06 -1.46e-14 -2.04e-06  0.00e+00  8.55e-07  0.00e+00 -2.04e-06 -1.46e-14 -1.18e-06 -1.48e-06  3.17e-06  1.00e+00  2.95e+05 
2.516e+15  148      0        0  1.84e+09  0.00e+00  0.00e+00 -1.00e-06 -9.74e-15 -1.73e-06  0.00e+00  7.32e-07  0.00e+00 -1.73e-06 -9.74e-15 -1.00e-06 -1.04e-06  2.60e-06  1.00e+00  2.95e+05 
2.598e+15  149      0        0  1.64e+09  0.00e+00  0.00e+00 -8.12e-07 -6.72e-15 -1.45e-06  0.00e+00  6.33e-07  0.00e+00 -1.45e-06 -6.72e-15 -8.12e-07 -9.40e-07  2.20e-06  1.00e+00  2.95e+05 
2.682e+15  150      0        0  1.46e+09  0.00e+00  0.00e+00 -8.25e-07 -4.60e-15 -1.37e-06  0.00e+00  5.46e-07  0.00e+00 -1.37e-06 -4.60e-15 -8.25e-07 -1.27e-06  2.28e-06  1.00e+00  2.95e+05 
2.769e+15  151      0        0  1.26e+09  0.00e+00  0.00e+00 -9.57e-07 -2.88e-15 -1.41e-06  0.00e+00  4.57e-07  0.00e+00 -1.41e-06 -2.88e-15 -9.57e-07 -1.65e-06  2.47e-06  1.00e+00  2.95e+05 
2.859e+15  152      0        0  1.04e+09  0.00e+00  0.00e+00 -1.11e-06 -1.56e-15 -1.48e-06  0.00e+00  3.65e-07  0.00e+00 -1.48e-06 -1.56e-15 -1.11e-06 -2.07e-06  2.71e-06  1.00e+00  2.95e+05 
2.952e+15  153     -1        0  7.92e+08  0.00e+00  0.00e+00  0.00e+00  0.00e+00  0.00e+00  0.00e+00  0.00e+00  0.00e+00  0.00e+00  0.00e+00  0.00e+00  0.00e+00  0.00e+00  0.00e+00  0.00e+00 
3.048e+15  154     -1        0  7.92e+08  0.00e+00  0.00e+00  0.00e+00  0.00e+00  0.00e+00  0.00e+00  0.00e+00  0.00e+00  0.00e+00  0.00e+00  0.00e+00  0.00e+00  0.00e+00  0.00e+00  0.00e+00 
