       r    i inwind      i01      i02 
2.22e+13    0     -1 0.00e+00 0.00e+00 
2.30e+13    1      0 5.36e+01 1.21e+12 
2.37e+13    2      0 3.97e+01 1.18e+12 
2.45e+13    3      0 4.83e+01 1.15e+12 
2.53e+13    4      0 5.11e+01 1.12e+12 
2.61e+13    5      0 4.99e+01 1.10e+12 
2.69e+13    6      0 4.52e+01 1.07e+12 
2.78e+13    7      0 4.42e+01 1.05e+12 
2.87e+13    8      0 4.65e+01 1.02e+12 
2.96e+13    9      0 4.61e+01 9.94e+11 
3.06e+13   10      0 4.40e+01 9.67e+11 
3.16e+13   11      0 4.24e+01 9.38e+11 
3.26e+13   12      0 4.17e+01 9.10e+11 
3.37e+13   13      0 4.60e+01 8.82e+11 
3.48e+13   14      0 4.01e+01 8.53e+11 
3.59e+13   15      0 4.22e+01 8.24e+11 
3.71e+13   16      0 3.49e+01 7.93e+11 
3.83e+13   17      0 3.59e+01 7.61e+11 
3.95e+13   18      0 3.48e+01 7.29e+11 
4.08e+13   19      0 3.09e+01 6.96e+11 
4.21e+13   20      0 2.34e+01 6.65e+11 
4.35e+13   21      0 2.18e+01 6.34e+11 
4.49e+13   22      0 3.03e+01 6.02e+11 
4.64e+13   23      0 2.98e+01 5.71e+11 
4.79e+13   24      0 2.27e+01 5.42e+11 
4.94e+13   25      0 2.78e+01 5.14e+11 
5.10e+13   26      0 2.55e+01 4.88e+11 
5.27e+13   27      0 2.44e+01 4.63e+11 
5.44e+13   28      0 2.41e+01 4.40e+11 
5.62e+13   29      0 2.41e+01 4.18e+11 
5.80e+13   30      0 2.19e+01 3.97e+11 
5.99e+13   31      0 1.67e+01 3.77e+11 
6.18e+13   32      0 1.85e+01 3.58e+11 
6.38e+13   33      0 1.81e+01 3.40e+11 
6.59e+13   34      0 1.49e+01 3.22e+11 
6.80e+13   35      0 1.62e+01 3.05e+11 
7.02e+13   36      0 1.71e+01 2.90e+11 
7.25e+13   37      0 1.60e+01 2.74e+11 
7.49e+13   38      0 1.48e+01 2.60e+11 
7.73e+13   39      0 1.45e+01 2.47e+11 
7.98e+13   40      0 1.43e+01 2.34e+11 
8.24e+13   41      0 1.32e+01 2.22e+11 
8.51e+13   42      0 1.15e+01 2.10e+11 
8.78e+13   43      0 1.02e+01 2.00e+11 
9.07e+13   44      0 1.20e+01 1.89e+11 
9.36e+13   45      0 1.06e+01 1.79e+11 
9.67e+13   46      0 9.21e+00 1.70e+11 
9.98e+13   47      0 1.07e+01 1.61e+11 
1.03e+14   48      0 6.56e+00 1.53e+11 
1.06e+14   49      0 6.14e+00 1.45e+11 
1.10e+14   50      0 9.59e+00 1.38e+11 
1.13e+14   51      0 7.47e+00 1.31e+11 
1.17e+14   52      0 6.65e+00 1.25e+11 
1.21e+14   53      0 5.93e+00 1.19e+11 
1.25e+14   54      0 6.44e+00 1.13e+11 
1.29e+14   55      0 6.34e+00 1.08e+11 
1.33e+14   56      0 6.63e+00 1.02e+11 
1.37e+14   57      0 5.42e+00 9.70e+10 
1.42e+14   58      0 5.48e+00 9.18e+10 
1.46e+14   59      0 6.30e+00 8.67e+10 
1.51e+14   60      0 5.23e+00 8.18e+10 
1.56e+14   61      0 4.59e+00 7.75e+10 
1.61e+14   62      0 4.56e+00 7.36e+10 
1.66e+14   63      0 4.03e+00 6.99e+10 
1.72e+14   64      0 4.10e+00 6.64e+10 
1.77e+14   65      0 3.72e+00 6.31e+10 
1.83e+14   66      0 3.39e+00 6.01e+10 
1.89e+14   67      0 3.72e+00 5.73e+10 
1.95e+14   68      0 3.57e+00 5.47e+10 
2.02e+14   69      0 2.87e+00 5.22e+10 
2.08e+14   70      0 3.28e+00 4.99e+10 
2.15e+14   71      0 3.32e+00 4.76e+10 
2.22e+14   72      0 3.44e+00 4.56e+10 
2.29e+14   73      0 3.23e+00 4.37e+10 
2.37e+14   74      0 2.94e+00 4.20e+10 
2.44e+14   75      0 2.73e+00 4.03e+10 
2.52e+14   76      0 2.59e+00 3.88e+10 
2.60e+14   77      0 2.92e+00 3.77e+10 
2.69e+14   78      0 2.79e+00 3.66e+10 
2.78e+14   79      0 2.39e+00 3.56e+10 
2.87e+14   80      0 2.39e+00 3.45e+10 
2.96e+14   81      0 2.58e+00 3.40e+10 
3.05e+14   82      0 2.75e+00 3.34e+10 
3.15e+14   83      0 2.67e+00 3.30e+10 
3.26e+14   84      0 2.66e+00 3.26e+10 
3.36e+14   85      0 3.00e+00 3.23e+10 
3.47e+14   86      0 3.27e+00 3.20e+10 
3.58e+14   87      0 3.22e+00 3.16e+10 
3.70e+14   88      0 3.45e+00 3.11e+10 
3.82e+14   89      0 3.41e+00 2.95e+10 
3.94e+14   90      0 3.34e+00 2.75e+10 
4.07e+14   91      0 3.35e+00 2.49e+10 
4.20e+14   92      0 2.73e+00 2.23e+10 
4.34e+14   93      0 2.10e+00 2.03e+10 
4.48e+14   94      0 2.00e+00 1.87e+10 
4.63e+14   95      0 1.91e+00 1.75e+10 
4.78e+14   96      0 1.99e+00 1.66e+10 
4.93e+14   97      0 2.04e+00 1.58e+10 
5.09e+14   98      0 2.06e+00 1.53e+10 
5.26e+14   99      0 1.66e+00 1.42e+10 
5.43e+14  100      0 2.13e+00 1.29e+10 
5.60e+14  101      0 2.07e+00 1.14e+10 
5.79e+14  102      0 1.82e+00 1.02e+10 
5.97e+14  103      0 1.56e+00 9.24e+09 
6.17e+14  104      0 1.42e+00 8.55e+09 
6.37e+14  105      0 1.26e+00 7.66e+09 
6.58e+14  106      0 9.94e-01 6.67e+09 
6.79e+14  107      0 8.17e-01 5.75e+09 
7.01e+14  108      0 6.89e-01 5.04e+09 
7.24e+14  109      0 5.31e-01 4.44e+09 
7.47e+14  110      0 4.56e-01 3.86e+09 
7.71e+14  111      0 3.12e-01 3.34e+09 
7.97e+14  112      0 2.13e-01 2.87e+09 
8.22e+14  113      0 1.92e-01 2.49e+09 
8.49e+14  114      0 1.57e-01 2.19e+09 
8.77e+14  115      0 1.29e-01 1.93e+09 
9.05e+14  116      0 1.02e-01 1.67e+09 
9.35e+14  117      0 7.85e-02 1.43e+09 
9.65e+14  118      0 6.46e-02 1.25e+09 
9.96e+14  119      0 5.74e-02 1.11e+09 
1.03e+15  120      0 4.65e-02 9.79e+08 
1.06e+15  121      0 3.64e-02 8.54e+08 
1.10e+15  122      0 2.92e-02 7.39e+08 
1.13e+15  123      0 2.84e-02 6.44e+08 
1.17e+15  124      0 2.03e-02 5.67e+08 
1.21e+15  125      0 1.60e-02 4.96e+08 
1.25e+15  126      0 1.28e-02 4.36e+08 
1.29e+15  127      0 1.08e-02 3.81e+08 
1.33e+15  128      0 9.29e-03 3.37e+08 
1.37e+15  129      0 7.09e-03 2.97e+08 
1.42e+15  130      0 6.05e-03 2.63e+08 
1.46e+15  131      0 4.93e-03 2.28e+08 
1.51e+15  132      0 3.84e-03 2.00e+08 
1.56e+15  133      0 3.23e-03 1.78e+08 
1.61e+15  134      0 2.72e-03 1.59e+08 
1.66e+15  135      0 2.35e-03 1.41e+08 
1.71e+15  136      0 1.88e-03 1.24e+08 
1.77e+15  137      0 1.67e-03 1.13e+08 
1.83e+15  138      0 1.48e-03 1.04e+08 
1.89e+15  139      0 1.40e-03 9.75e+07 
1.95e+15  140      0 1.32e-03 9.25e+07 
2.01e+15  141      0 1.28e-03 8.85e+07 
2.08e+15  142      0 1.31e-03 8.71e+07 
2.14e+15  143      0 1.30e-03 8.46e+07 
2.21e+15  144      0 1.32e-03 8.24e+07 
2.29e+15  145      0 1.31e-03 8.03e+07 
2.36e+15  146      0 1.26e-03 7.64e+07 
2.44e+15  147      0 1.21e-03 7.28e+07 
2.52e+15  148      0 1.13e-03 6.83e+07 
2.60e+15  149      0 1.02e-03 6.35e+07 
2.68e+15  150      0 9.23e-04 5.91e+07 
2.77e+15  151      0 7.96e-04 5.32e+07 
2.86e+15  152      0 6.78e-04 4.74e+07 
2.95e+15  153     -1 0.00e+00 0.00e+00 
3.05e+15  154     -1 0.00e+00 0.00e+00 
