       r    i inwind      i01      i02      i03 
2.22e+13    0     -1 0.00e+00 0.00e+00 0.00e+00 
2.30e+13    1      0 1.00e-20 1.09e+01 1.18e+11 
2.37e+13    2      0 1.00e-20 9.58e+00 1.15e+11 
2.45e+13    3      0 1.00e-20 8.41e+00 1.12e+11 
2.53e+13    4      0 1.00e-20 9.06e+00 1.10e+11 
2.61e+13    5      0 1.00e-20 5.69e+00 1.07e+11 
2.69e+13    6      0 1.00e-20 7.37e+00 1.05e+11 
2.78e+13    7      0 1.00e-20 8.95e+00 1.02e+11 
2.87e+13    8      0 1.00e-20 7.06e+00 9.97e+10 
2.96e+13    9      0 1.00e-20 6.93e+00 9.72e+10 
3.06e+13   10      0 1.00e-20 7.41e+00 9.45e+10 
3.16e+13   11      0 1.00e-20 6.95e+00 9.17e+10 
3.26e+13   12      0 1.00e-20 7.03e+00 8.90e+10 
3.37e+13   13      0 1.00e-20 8.02e+00 8.62e+10 
3.48e+13   14      0 1.00e-20 6.75e+00 8.34e+10 
3.59e+13   15      0 1.00e-20 6.95e+00 8.05e+10 
3.71e+13   16      0 1.00e-20 7.91e+00 7.75e+10 
3.83e+13   17      0 1.00e-20 7.07e+00 7.44e+10 
3.95e+13   18      0 1.00e-20 6.58e+00 7.12e+10 
4.08e+13   19      0 1.00e-20 5.06e+00 6.80e+10 
4.21e+13   20      0 1.00e-20 5.15e+00 6.49e+10 
4.35e+13   21      0 1.00e-20 4.64e+00 6.19e+10 
4.49e+13   22      0 1.00e-20 5.70e+00 5.89e+10 
4.64e+13   23      0 1.00e-20 5.51e+00 5.58e+10 
4.79e+13   24      0 1.00e-20 5.33e+00 5.29e+10 
4.94e+13   25      0 1.00e-20 4.83e+00 5.02e+10 
5.10e+13   26      0 1.00e-20 4.82e+00 4.77e+10 
5.27e+13   27      0 1.00e-20 3.69e+00 4.53e+10 
5.44e+13   28      0 1.00e-20 4.25e+00 4.30e+10 
5.62e+13   29      0 1.00e-20 3.98e+00 4.08e+10 
5.80e+13   30      0 1.00e-20 3.50e+00 3.88e+10 
5.99e+13   31      0 1.00e-20 3.15e+00 3.68e+10 
6.18e+13   32      0 1.00e-20 2.86e+00 3.50e+10 
6.38e+13   33      0 1.00e-20 2.96e+00 3.32e+10 
6.59e+13   34      0 1.00e-20 3.74e+00 3.15e+10 
6.80e+13   35      0 1.00e-20 2.73e+00 2.98e+10 
7.02e+13   36      0 1.00e-20 2.71e+00 2.83e+10 
7.25e+13   37      0 1.00e-20 3.42e+00 2.68e+10 
7.49e+13   38      0 1.00e-20 2.57e+00 2.54e+10 
7.73e+13   39      0 1.00e-20 2.71e+00 2.41e+10 
7.98e+13   40      0 1.00e-20 2.62e+00 2.29e+10 
8.24e+13   41      0 1.00e-20 3.05e+00 2.17e+10 
8.51e+13   42      0 1.00e-20 2.08e+00 2.06e+10 
8.78e+13   43      0 1.00e-20 2.97e+00 1.95e+10 
9.07e+13   44      0 1.00e-20 2.01e+00 1.85e+10 
9.36e+13   45      0 1.00e-20 2.76e+00 1.75e+10 
9.67e+13   46      0 1.00e-20 1.93e+00 1.66e+10 
9.98e+13   47      0 1.00e-20 2.12e+00 1.57e+10 
1.03e+14   48      0 1.00e-20 2.13e+00 1.50e+10 
1.06e+14   49      0 1.00e-20 2.53e+00 1.42e+10 
1.10e+14   50      0 1.00e-20 2.03e+00 1.35e+10 
1.13e+14   51      0 1.00e-20 2.33e+00 1.28e+10 
1.17e+14   52      0 1.00e-20 2.00e+00 1.22e+10 
1.21e+14   53      0 1.00e-20 2.48e+00 1.16e+10 
1.25e+14   54      0 1.00e-20 2.23e+00 1.11e+10 
1.29e+14   55      0 1.00e-20 2.36e+00 1.05e+10 
1.33e+14   56      0 1.00e-20 2.40e+00 9.99e+09 
1.37e+14   57      0 1.00e-20 2.38e+00 9.48e+09 
1.42e+14   58      0 1.00e-20 2.48e+00 8.97e+09 
1.46e+14   59      0 1.00e-20 2.30e+00 8.47e+09 
1.51e+14   60      0 1.00e-20 2.33e+00 8.00e+09 
1.56e+14   61      0 1.00e-20 2.38e+00 7.58e+09 
1.61e+14   62      0 1.00e-20 2.57e+00 7.19e+09 
1.66e+14   63      0 1.00e-20 2.47e+00 6.83e+09 
1.72e+14   64      0 1.00e-20 2.46e+00 6.49e+09 
1.77e+14   65      0 1.00e-20 2.47e+00 6.16e+09 
1.83e+14   66      0 1.00e-20 2.54e+00 5.88e+09 
1.89e+14   67      0 1.00e-20 2.62e+00 5.60e+09 
1.95e+14   68      0 1.00e-20 2.73e+00 5.35e+09 
2.02e+14   69      0 1.00e-20 2.77e+00 5.10e+09 
2.08e+14   70      0 1.00e-20 2.88e+00 4.88e+09 
2.15e+14   71      0 1.00e-20 2.85e+00 4.65e+09 
2.22e+14   72      0 1.00e-20 2.97e+00 4.46e+09 
2.29e+14   73      0 1.00e-20 3.06e+00 4.27e+09 
2.37e+14   74      0 1.00e-20 3.17e+00 4.10e+09 
2.44e+14   75      0 1.00e-20 3.24e+00 3.93e+09 
2.52e+14   76      0 1.00e-20 3.33e+00 3.80e+09 
2.60e+14   77      0 1.00e-20 3.49e+00 3.69e+09 
2.69e+14   78      0 1.00e-20 3.70e+00 3.58e+09 
2.78e+14   79      0 1.00e-20 3.88e+00 3.48e+09 
2.87e+14   80      0 1.00e-20 4.08e+00 3.37e+09 
2.96e+14   81      0 1.00e-20 4.38e+00 3.32e+09 
3.05e+14   82      0 1.00e-20 4.76e+00 3.26e+09 
3.15e+14   83      0 3.59e-11 5.24e+00 3.22e+09 
3.26e+14   84      0 4.25e-11 5.73e+00 3.18e+09 
3.36e+14   85      0 5.09e-11 6.31e+00 3.15e+09 
3.47e+14   86      0 6.14e-11 6.94e+00 3.12e+09 
3.58e+14   87      0 7.60e-11 7.84e+00 3.09e+09 
3.70e+14   88      0 9.53e-11 8.87e+00 3.04e+09 
3.82e+14   89      0 1.07e-10 9.32e+00 2.89e+09 
3.94e+14   90      0 1.07e-10 8.93e+00 2.69e+09 
4.07e+14   91      0 1.01e-10 8.25e+00 2.43e+09 
4.20e+14   92      0 9.84e-11 7.95e+00 2.18e+09 
4.34e+14   93      0 1.04e-10 8.15e+00 1.99e+09 
4.48e+14   94      0 1.05e-10 7.94e+00 1.83e+09 
4.63e+14   95      0 1.07e-10 7.67e+00 1.71e+09 
4.78e+14   96      0 1.15e-10 7.81e+00 1.62e+09 
4.93e+14   97      0 1.90e-10 8.85e+00 1.54e+09 
5.09e+14   98      0 2.89e-10 1.13e+01 1.49e+09 
5.26e+14   99      0 2.38e-10 9.68e+00 1.39e+09 
5.43e+14  100      0 3.58e-10 1.18e+01 1.26e+09 
5.60e+14  101      0 3.94e-10 1.19e+01 1.12e+09 
5.79e+14  102      0 3.90e-10 1.14e+01 9.97e+08 
5.97e+14  103      0 4.19e-10 1.15e+01 9.03e+08 
6.17e+14  104      0 4.52e-10 1.16e+01 8.36e+08 
6.37e+14  105      0 4.43e-10 1.10e+01 7.48e+08 
6.58e+14  106      0 3.87e-10 9.67e+00 6.51e+08 
6.79e+14  107      0 3.45e-10 8.60e+00 5.62e+08 
7.01e+14  108      0 3.24e-10 7.90e+00 4.92e+08 
7.24e+14  109      0 2.70e-10 6.80e+00 4.34e+08 
7.47e+14  110      0 2.65e-10 6.31e+00 3.77e+08 
7.71e+14  111      0 1.81e-10 4.88e+00 3.26e+08 
7.97e+14  112      0 1.17e-10 3.62e+00 2.81e+08 
8.22e+14  113      0 1.18e-10 3.44e+00 2.43e+08 
8.49e+14  114      0 1.04e-10 3.03e+00 2.14e+08 
8.77e+14  115      0 9.19e-11 2.69e+00 1.89e+08 
9.05e+14  116      0 7.45e-11 2.26e+00 1.63e+08 
9.35e+14  117      0 5.96e-11 1.88e+00 1.40e+08 
9.65e+14  118      0 4.93e-11 1.60e+00 1.22e+08 
9.96e+14  119      0 4.36e-11 1.42e+00 1.09e+08 
1.03e+15  120      0 3.72e-11 1.23e+00 9.57e+07 
1.06e+15  121      0 3.14e-11 1.06e+00 8.35e+07 
1.10e+15  122      0 2.40e-11 8.51e-01 7.22e+07 
1.13e+15  123      0 2.29e-11 7.73e-01 6.29e+07 
1.17e+15  124      0 1.50e-11 5.73e-01 5.54e+07 
1.21e+15  125      0 1.50e-11 5.64e-01 4.84e+07 
1.25e+15  126      0 1.26e-11 5.12e-01 4.26e+07 
1.29e+15  127      0 1.02e-11 4.41e-01 3.72e+07 
1.33e+15  128      0 8.74e-12 3.88e-01 3.30e+07 
1.37e+15  129      0 7.72e-12 3.48e-01 2.91e+07 
1.42e+15  130      0 5.93e-12 2.92e-01 2.57e+07 
1.46e+15  131      0 4.45e-12 2.35e-01 2.23e+07 
1.51e+15  132      0 3.46e-12 1.94e-01 1.95e+07 
1.56e+15  133      0 2.81e-12 1.64e-01 1.74e+07 
1.61e+15  134      0 2.31e-12 1.40e-01 1.55e+07 
1.66e+15  135      0 1.81e-12 1.16e-01 1.38e+07 
1.71e+15  136      0 1.42e-12 9.66e-02 1.21e+07 
1.77e+15  137      0 1.24e-12 8.55e-02 1.10e+07 
1.83e+15  138      0 1.08e-12 7.61e-02 1.02e+07 
1.89e+15  139      0 9.94e-13 7.02e-02 9.53e+06 
1.95e+15  140      0 9.48e-13 6.62e-02 9.03e+06 
2.01e+15  141      0 9.28e-13 6.35e-02 8.65e+06 
2.08e+15  142      0 9.85e-13 6.43e-02 8.51e+06 
2.14e+15  143      0 9.98e-13 6.32e-02 8.26e+06 
2.21e+15  144      0 1.01e-12 6.20e-02 8.06e+06 
2.29e+15  145      0 1.02e-12 6.07e-02 7.84e+06 
2.36e+15  146      0 9.59e-13 5.69e-02 7.47e+06 
2.44e+15  147      0 9.05e-13 5.35e-02 7.12e+06 
2.52e+15  148      0 8.20e-13 4.88e-02 6.67e+06 
2.60e+15  149      0 7.28e-13 4.39e-02 6.21e+06 
2.68e+15  150      0 6.49e-13 3.96e-02 5.78e+06 
2.77e+15  151      0 5.18e-13 3.31e-02 5.19e+06 
2.86e+15  152      0 4.01e-13 2.72e-02 4.63e+06 
2.95e+15  153     -1 0.00e+00 0.00e+00 0.00e+00 
3.05e+15  154     -1 0.00e+00 0.00e+00 0.00e+00 
