        r    i inwind converge       v_x       v_y       v_z       vol       rho        ne       t_e   t_e_old      dt_e  dt_e_old       t_r   t_r_old         w  heat_tot heat_tot_  cool_tot      ntot        ip    nioniz      gain macro_bf_ macro_bf_ 
2.223e+13    0     -1        0  5.65e+09  0.00e+00  0.00e+00  0.00e+00  0.00e+00  0.00e+00  0.00e+00  0.00e+00  0.00e+00  0.00e+00  0.00e+00  0.00e+00  0.00e+00  0.00e+00  0.00e+00  0.00e+00  0.00e+00  0.00e+00  0.00e+00  0.00e+00  0.00e+00  0.00e+00 
2.296e+13    1      0        0  5.48e+09  0.00e+00  0.00e+00  5.18e+39  2.83e-12  1.45e+12  2.64e+05  2.64e+05  6.07e+01 -1.12e+02  1.77e+05  1.77e+05  1.22e+01  2.41e+42  2.41e+42  2.41e+42  1.48e+07  9.88e+05  1.44e+07  3.32e-01  0.00e+00  0.00e+00 
2.370e+13    2      0        0  5.29e+09  0.00e+00  0.00e+00  5.70e+39  2.76e-12  1.42e+12  2.62e+05  2.62e+05  1.06e+02 -1.15e+02  1.74e+05  1.74e+05  1.25e+01  2.46e+42  2.46e+42  2.46e+42  1.53e+07  9.83e+05  1.49e+07  3.32e-01  0.00e+00  0.00e+00 
2.447e+13    3      0        0  5.10e+09  0.00e+00  0.00e+00  6.26e+39  2.70e-12  1.38e+12  2.60e+05  2.60e+05 -4.70e+00 -1.64e+02  1.72e+05  1.72e+05  1.25e+01  2.52e+42  2.52e+42  2.52e+42  1.58e+07  9.78e+05  1.53e+07  8.00e-01  0.00e+00  0.00e+00 
2.527e+13    4      0        0  4.92e+09  0.00e+00  0.00e+00  6.89e+39  2.63e-12  1.35e+12  2.58e+05  2.58e+05 -1.41e+02 -2.67e+02  1.71e+05  1.71e+05  1.24e+01  2.59e+42  2.59e+42  2.59e+42  1.63e+07  9.71e+05  1.58e+07  6.16e-01  0.00e+00  0.00e+00 
2.609e+13    5      0        0  4.74e+09  0.00e+00  0.00e+00  7.57e+39  2.57e-12  1.32e+12  2.56e+05  2.56e+05  5.94e+00 -1.76e+02  1.70e+05  1.70e+05  1.23e+01  2.67e+42  2.67e+42  2.67e+42  1.69e+07  9.66e+05  1.64e+07  3.32e-01  0.00e+00  0.00e+00 
2.693e+13    6      0        0  4.57e+09  0.00e+00  0.00e+00  8.33e+39  2.51e-12  1.29e+12  2.54e+05  2.54e+05 -2.73e+01 -1.86e+02  1.68e+05  1.69e+05  1.22e+01  2.76e+42  2.76e+42  2.75e+42  1.74e+07  9.62e+05  1.69e+07  4.31e-01  0.00e+00  0.00e+00 
2.781e+13    7      0        0  4.40e+09  0.00e+00  0.00e+00  9.16e+39  2.45e-12  1.26e+12  2.52e+05  2.52e+05 -4.89e+01 -8.25e+01  1.68e+05  1.68e+05  1.21e+01  2.84e+42  2.84e+42  2.84e+42  1.80e+07  9.57e+05  1.75e+07  3.65e-01  0.00e+00  0.00e+00 
2.871e+13    8      0        0  4.23e+09  0.00e+00  0.00e+00  1.01e+40  2.39e-12  1.23e+12  2.50e+05  2.50e+05  2.25e+01 -1.59e+02  1.67e+05  1.67e+05  1.20e+01  2.93e+42  2.93e+42  2.93e+42  1.87e+07  9.54e+05  1.81e+07  3.65e-01  0.00e+00  0.00e+00 
2.964e+13    9      0        0  4.06e+09  0.00e+00  0.00e+00  1.11e+40  2.33e-12  1.19e+12  2.48e+05  2.48e+05 -1.69e+01 -1.26e+02  1.66e+05  1.66e+05  1.18e+01  3.01e+42  3.01e+42  3.01e+42  1.93e+07  9.50e+05  1.87e+07  2.32e-01  0.00e+00  0.00e+00 
3.061e+13   10      0        0  3.89e+09  0.00e+00  0.00e+00  1.22e+40  2.27e-12  1.16e+12  2.46e+05  2.46e+05  4.71e+00 -3.78e+01  1.65e+05  1.65e+05  1.17e+01  3.08e+42  3.08e+42  3.08e+42  1.99e+07  9.47e+05  1.93e+07  1.00e-01  0.00e+00  0.00e+00 
3.160e+13   11      0        0  3.73e+09  0.00e+00  0.00e+00  1.34e+40  2.20e-12  1.13e+12  2.44e+05  2.44e+05  8.03e+01 -6.14e+01  1.64e+05  1.64e+05  1.15e+01  3.13e+42  3.13e+42  3.13e+42  2.06e+07  9.44e+05  1.99e+07  8.00e-01  0.00e+00  0.00e+00 
3.262e+13   12      0        0  3.58e+09  0.00e+00  0.00e+00  1.47e+40  2.13e-12  1.09e+12  2.41e+05  2.41e+05 -3.20e+01 -2.42e+01  1.63e+05  1.63e+05  1.14e+01  3.18e+42  3.18e+42  3.18e+42  2.12e+07  9.39e+05  2.05e+07  3.02e-01  0.00e+00  0.00e+00 
3.368e+13   13      0        0  3.45e+09  0.00e+00  0.00e+00  1.62e+40  2.07e-12  1.06e+12  2.39e+05  2.39e+05 -6.00e+01  1.07e+02  1.61e+05  1.62e+05  1.12e+01  3.21e+42  3.21e+42  3.21e+42  2.18e+07  9.33e+05  2.10e+07  5.60e-01  0.00e+00  0.00e+00 
3.478e+13   14      0        0  3.31e+09  0.00e+00  0.00e+00  1.78e+40  2.00e-12  1.02e+12  2.36e+05  2.36e+05  8.13e+00  4.89e+01  1.60e+05  1.60e+05  1.10e+01  3.23e+42  3.23e+42  3.23e+42  2.23e+07  9.28e+05  2.15e+07  8.00e-01  0.00e+00  0.00e+00 
3.591e+13   15      0        0  3.18e+09  0.00e+00  0.00e+00  1.96e+40  1.93e-12  9.89e+11  2.33e+05  2.33e+05  4.09e+01  8.71e+01  1.59e+05  1.59e+05  1.08e+01  3.24e+42  3.24e+42  3.24e+42  2.28e+07  9.22e+05  2.20e+07  8.00e-01  0.00e+00  0.00e+00 
3.707e+13   16      0        0  3.06e+09  0.00e+00  0.00e+00  2.16e+40  1.86e-12  9.52e+11  2.30e+05  2.30e+05  3.35e+01  9.64e+01  1.58e+05  1.58e+05  1.06e+01  3.22e+42  3.22e+42  3.22e+42  2.33e+07  9.16e+05  2.24e+07  8.00e-01  0.00e+00  0.00e+00 
3.828e+13   17      0        0  2.95e+09  0.00e+00  0.00e+00  2.37e+40  1.78e-12  9.14e+11  2.27e+05  2.27e+05  1.48e+02  1.47e+01  1.57e+05  1.57e+05  1.04e+01  3.17e+42  3.17e+42  3.18e+42  2.37e+07  9.09e+05  2.28e+07  5.74e-01  0.00e+00  0.00e+00 
3.952e+13   18      0        0  2.85e+09  0.00e+00  0.00e+00  2.61e+40  1.71e-12  8.75e+11  2.24e+05  2.24e+05  2.01e+02 -4.01e+01  1.55e+05  1.56e+05  1.01e+01  3.11e+42  3.11e+42  3.12e+42  2.41e+07  9.02e+05  2.31e+07  4.74e-01  0.00e+00  0.00e+00 
4.080e+13   19      0        0  2.75e+09  0.00e+00  0.00e+00  2.87e+40  1.63e-12  8.36e+11  2.20e+05  2.20e+05  1.38e+02 -7.10e+01  1.54e+05  1.54e+05  9.87e+00  3.04e+42  3.04e+42  3.04e+42  2.44e+07  8.94e+05  2.34e+07  4.74e-01  0.00e+00  0.00e+00 
4.213e+13   20      0        0  2.67e+09  0.00e+00  0.00e+00  3.16e+40  1.56e-12  7.98e+11  2.17e+05  2.17e+05  1.01e+02 -1.74e+01  1.53e+05  1.53e+05  9.60e+00  2.94e+42  2.94e+42  2.94e+42  2.46e+07  8.84e+05  2.36e+07  3.65e-01  0.00e+00  0.00e+00 
4.350e+13   21      0        0  2.60e+09  0.00e+00  0.00e+00  3.48e+40  1.49e-12  7.61e+11  2.13e+05  2.13e+05  9.35e+01 -8.41e+01  1.51e+05  1.51e+05  9.33e+00  2.84e+42  2.84e+42  2.84e+42  2.48e+07  8.74e+05  2.37e+07  3.51e-01  0.00e+00  0.00e+00 
4.491e+13   22      0        0  2.53e+09  0.00e+00  0.00e+00  3.83e+40  1.41e-12  7.23e+11  2.09e+05  2.09e+05  7.40e+01 -7.06e+01  1.50e+05  1.50e+05  9.06e+00  2.73e+42  2.73e+42  2.73e+42  2.50e+07  8.64e+05  2.38e+07  4.74e-01  0.00e+00  0.00e+00 
4.637e+13   23      0        0  2.47e+09  0.00e+00  0.00e+00  4.21e+40  1.34e-12  6.86e+11  2.06e+05  2.06e+05  1.00e+02 -7.82e+01  1.48e+05  1.48e+05  8.77e+00  2.61e+42  2.61e+42  2.61e+42  2.51e+07  8.55e+05  2.39e+07  4.74e-01  0.00e+00  0.00e+00 
4.787e+13   24      0        0  2.42e+09  0.00e+00  0.00e+00  4.64e+40  1.27e-12  6.50e+11  2.02e+05  2.02e+05  2.51e+01 -5.80e+01  1.47e+05  1.47e+05  8.48e+00  2.49e+42  2.49e+42  2.49e+42  2.51e+07  8.43e+05  2.39e+07  2.11e-01  0.00e+00  0.00e+00 
4.942e+13   25      0        0  2.37e+09  0.00e+00  0.00e+00  5.10e+40  1.20e-12  6.17e+11  1.98e+05  1.98e+05 -9.74e+00 -5.43e+01  1.45e+05  1.45e+05  8.20e+00  2.37e+42  2.37e+42  2.37e+42  2.51e+07  8.31e+05  2.38e+07  8.00e-01  0.00e+00  0.00e+00 
5.103e+13   26      0        0  2.34e+09  0.00e+00  0.00e+00  5.62e+40  1.14e-12  5.86e+11  1.95e+05  1.95e+05 -2.08e+01 -3.82e+01  1.44e+05  1.44e+05  7.93e+00  2.25e+42  2.25e+42  2.25e+42  2.51e+07  8.17e+05  2.38e+07  3.51e-01  0.00e+00  0.00e+00 
5.269e+13   27      0        0  2.30e+09  0.00e+00  0.00e+00  6.18e+40  1.09e-12  5.56e+11  1.91e+05  1.91e+05  3.09e+01 -4.14e+01  1.42e+05  1.42e+05  7.65e+00  2.14e+42  2.14e+42  2.14e+42  2.51e+07  8.02e+05  2.37e+07  5.52e-01  0.00e+00  0.00e+00 
5.440e+13   28      0        0  2.26e+09  0.00e+00  0.00e+00  6.80e+40  1.03e-12  5.28e+11  1.88e+05  1.88e+05 -1.22e+01 -2.53e+01  1.41e+05  1.41e+05  7.38e+00  2.03e+42  2.03e+42  2.03e+42  2.50e+07  7.85e+05  2.36e+07  3.51e-01  0.00e+00  0.00e+00 
5.616e+13   29      0        0  2.24e+09  0.00e+00  0.00e+00  7.49e+40  9.80e-13  5.02e+11  1.84e+05  1.84e+05 -3.48e+00 -5.40e+01  1.39e+05  1.39e+05  7.11e+00  1.92e+42  1.92e+42  1.92e+42  2.49e+07  7.68e+05  2.34e+07  3.51e-01  0.00e+00  0.00e+00 
5.799e+13   30      0        0  2.22e+09  0.00e+00  0.00e+00  8.24e+40  9.30e-13  4.76e+11  1.81e+05  1.81e+05  3.00e+01 -1.42e+02  1.38e+05  1.38e+05  6.85e+00  1.82e+42  1.82e+42  1.82e+42  2.48e+07  7.51e+05  2.32e+07  5.52e-01  0.00e+00  0.00e+00 
5.987e+13   31      0        0  2.20e+09  0.00e+00  0.00e+00  9.07e+40  8.84e-13  4.53e+11  1.77e+05  1.77e+05  5.09e+01 -6.92e+01  1.36e+05  1.36e+05  6.59e+00  1.72e+42  1.72e+42  1.72e+42  2.46e+07  7.33e+05  2.30e+07  3.51e-01  0.00e+00  0.00e+00 
6.181e+13   32      0        0  2.18e+09  0.00e+00  0.00e+00  9.98e+40  8.39e-13  4.30e+11  1.74e+05  1.74e+05  2.82e+01 -3.90e+01  1.35e+05  1.35e+05  6.33e+00  1.62e+42  1.62e+42  1.62e+42  2.45e+07  7.15e+05  2.28e+07  3.51e-01  0.00e+00  0.00e+00 
6.382e+13   33      0        0  2.16e+09  0.00e+00  0.00e+00  1.10e+41  7.96e-13  4.08e+11  1.70e+05  1.70e+05  7.77e+01 -2.63e+01  1.33e+05  1.34e+05  6.07e+00  1.53e+42  1.53e+42  1.53e+42  2.43e+07  6.96e+05  2.26e+07  7.88e-01  0.00e+00  0.00e+00 
6.589e+13   34      0        0  2.16e+09  0.00e+00  0.00e+00  1.21e+41  7.55e-13  3.87e+11  1.67e+05  1.67e+05  1.56e+01 -8.47e+01  1.32e+05  1.32e+05  5.83e+00  1.44e+42  1.44e+42  1.44e+42  2.40e+07  6.78e+05  2.23e+07  5.22e-01  0.00e+00  0.00e+00 
6.803e+13   35      0        0  2.16e+09  0.00e+00  0.00e+00  1.33e+41  7.16e-13  3.67e+11  1.64e+05  1.64e+05 -5.73e+00 -5.42e+01  1.31e+05  1.31e+05  5.59e+00  1.35e+42  1.35e+42  1.35e+42  2.38e+07  6.61e+05  2.20e+07  3.51e-01  0.00e+00  0.00e+00 
7.024e+13   36      0        0  2.15e+09  0.00e+00  0.00e+00  1.46e+41  6.79e-13  3.48e+11  1.61e+05  1.61e+05 -8.83e+00 -6.72e+01  1.29e+05  1.29e+05  5.37e+00  1.27e+42  1.27e+42  1.27e+42  2.36e+07  6.43e+05  2.18e+07  5.52e-01  0.00e+00  0.00e+00 
7.252e+13   37      0        0  2.15e+09  0.00e+00  0.00e+00  1.61e+41  6.44e-13  3.30e+11  1.58e+05  1.58e+05 -2.65e+01 -8.21e+01  1.28e+05  1.28e+05  5.15e+00  1.20e+42  1.20e+42  1.20e+42  2.34e+07  6.26e+05  2.15e+07  5.52e-01  0.00e+00  0.00e+00 
7.488e+13   38      0        0  2.16e+09  0.00e+00  0.00e+00  1.77e+41  6.10e-13  3.13e+11  1.55e+05  1.55e+05  3.46e+00 -6.91e+01  1.26e+05  1.26e+05  4.93e+00  1.13e+42  1.13e+42  1.13e+42  2.31e+07  6.08e+05  2.12e+07  3.32e-01  0.00e+00  0.00e+00 
7.731e+13   39      0        0  2.16e+09  0.00e+00  0.00e+00  1.95e+41  5.79e-13  2.96e+11  1.52e+05  1.52e+05 -3.41e+01 -5.67e+01  1.25e+05  1.25e+05  4.72e+00  1.06e+42  1.06e+42  1.06e+42  2.29e+07  5.91e+05  2.09e+07  5.74e-01  0.00e+00  0.00e+00 
7.982e+13   40      0        0  2.17e+09  0.00e+00  0.00e+00  2.15e+41  5.49e-13  2.81e+11  1.50e+05  1.50e+05 -1.42e+01 -9.40e+00  1.24e+05  1.24e+05  4.52e+00  9.97e+41  9.97e+41  9.98e+41  2.27e+07  5.75e+05  2.06e+07  2.23e-01  0.00e+00  0.00e+00 
8.241e+13   41      0        0  2.17e+09  0.00e+00  0.00e+00  2.36e+41  5.21e-13  2.67e+11  1.47e+05  1.47e+05 -4.44e+01  3.81e+01  1.22e+05  1.22e+05  4.33e+00  9.38e+41  9.38e+41  9.39e+41  2.24e+07  5.58e+05  2.04e+07  5.02e-01  0.00e+00  0.00e+00 
8.508e+13   42      0        0  2.18e+09  0.00e+00  0.00e+00  2.60e+41  4.93e-13  2.53e+11  1.44e+05  1.44e+05 -6.08e+01  7.52e+00  1.21e+05  1.21e+05  4.15e+00  8.83e+41  8.83e+41  8.83e+41  2.22e+07  5.43e+05  2.01e+07  5.22e-01  0.00e+00  0.00e+00 
8.785e+13   43      0        0  2.19e+09  0.00e+00  0.00e+00  2.86e+41  4.68e-13  2.40e+11  1.42e+05  1.42e+05 -3.60e+01  4.24e+01  1.20e+05  1.20e+05  3.97e+00  8.32e+41  8.32e+41  8.32e+41  2.20e+07  5.27e+05  1.98e+07  3.19e-01  0.00e+00  0.00e+00 
9.070e+13   44      0        0  2.20e+09  0.00e+00  0.00e+00  3.15e+41  4.44e-13  2.27e+11  1.39e+05  1.39e+05  1.10e+01 -2.26e+01  1.18e+05  1.18e+05  3.80e+00  7.84e+41  7.84e+41  7.84e+41  2.18e+07  5.12e+05  1.95e+07  3.19e-01  0.00e+00  0.00e+00 
9.364e+13   45      0        0  2.21e+09  0.00e+00  0.00e+00  3.47e+41  4.21e-13  2.15e+11  1.37e+05  1.37e+05 -2.77e+01 -8.15e+00  1.17e+05  1.17e+05  3.63e+00  7.38e+41  7.38e+41  7.38e+41  2.16e+07  4.99e+05  1.93e+07  4.31e-01  0.00e+00  0.00e+00 
9.668e+13   46      0        0  2.22e+09  0.00e+00  0.00e+00  3.82e+41  3.98e-13  2.04e+11  1.35e+05  1.35e+05  2.25e+01 -1.04e+02  1.16e+05  1.16e+05  3.48e+00  6.94e+41  6.94e+41  6.94e+41  2.14e+07  4.86e+05  1.90e+07  2.74e-01  0.00e+00  0.00e+00 
9.982e+13   47      0        0  2.23e+09  0.00e+00  0.00e+00  4.20e+41  3.77e-13  1.93e+11  1.32e+05  1.32e+05 -1.52e+01 -5.27e+01  1.15e+05  1.15e+05  3.33e+00  6.55e+41  6.55e+41  6.55e+41  2.12e+07  4.72e+05  1.88e+07  4.31e-01  0.00e+00  0.00e+00 
1.031e+14   48      0        0  2.24e+09  0.00e+00  0.00e+00  4.63e+41  3.59e-13  1.84e+11  1.30e+05  1.30e+05  5.15e+01 -1.91e+01  1.13e+05  1.13e+05  3.19e+00  6.21e+41  6.21e+41  6.21e+41  2.10e+07  4.58e+05  1.85e+07  3.32e-01  0.00e+00  0.00e+00 
1.064e+14   49      0        0  2.26e+09  0.00e+00  0.00e+00  5.09e+41  3.41e-13  1.75e+11  1.28e+05  1.28e+05  1.93e+00  6.08e+01  1.12e+05  1.12e+05  3.06e+00  5.88e+41  5.88e+41  5.88e+41  2.08e+07  4.45e+05  1.83e+07  5.02e-01  0.00e+00  0.00e+00 
1.099e+14   50      0        0  2.26e+09  0.00e+00  0.00e+00  5.60e+41  3.24e-13  1.66e+11  1.26e+05  1.26e+05 -8.74e+00  1.46e+02  1.11e+05  1.11e+05  2.92e+00  5.57e+41  5.57e+41  5.57e+41  2.06e+07  4.32e+05  1.81e+07  4.31e-01  0.00e+00  0.00e+00 
1.134e+14   51      0        0  2.27e+09  0.00e+00  0.00e+00  6.17e+41  3.08e-13  1.58e+11  1.24e+05  1.24e+05 -2.57e+01  1.52e+02  1.10e+05  1.10e+05  2.80e+00  5.28e+41  5.28e+41  5.28e+41  2.05e+07  4.20e+05  1.79e+07  4.31e-01  0.00e+00  0.00e+00 
1.171e+14   52      0        0  2.28e+09  0.00e+00  0.00e+00  6.79e+41  2.93e-13  1.50e+11  1.22e+05  1.22e+05  5.30e+01  2.19e+01  1.09e+05  1.09e+05  2.68e+00  5.02e+41  5.02e+41  5.02e+41  2.03e+07  4.07e+05  1.76e+07  5.22e-01  0.00e+00  0.00e+00 
1.209e+14   53      0        0  2.29e+09  0.00e+00  0.00e+00  7.47e+41  2.79e-13  1.43e+11  1.20e+05  1.20e+05  6.22e+01  3.63e+01  1.08e+05  1.08e+05  2.57e+00  4.77e+41  4.77e+41  4.78e+41  2.01e+07  3.95e+05  1.74e+07  5.02e-01  0.00e+00  0.00e+00 
1.248e+14   54      0        0  2.30e+09  0.00e+00  0.00e+00  8.22e+41  2.65e-13  1.36e+11  1.18e+05  1.19e+05  5.54e+01 -9.77e+00  1.07e+05  1.07e+05  2.45e+00  4.54e+41  4.54e+41  4.55e+41  2.00e+07  3.83e+05  1.72e+07  6.16e-01  0.00e+00  0.00e+00 
1.289e+14   55      0        0  2.30e+09  0.00e+00  0.00e+00  9.05e+41  2.52e-13  1.29e+11  1.17e+05  1.17e+05 -7.56e+00  2.94e+01  1.06e+05  1.06e+05  2.35e+00  4.32e+41  4.32e+41  4.32e+41  1.98e+07  3.72e+05  1.70e+07  1.56e-01  0.00e+00  0.00e+00 
1.331e+14   56      0        0  2.31e+09  0.00e+00  0.00e+00  9.96e+41  2.40e-13  1.23e+11  1.15e+05  1.15e+05  1.14e+01 -1.82e+01  1.05e+05  1.05e+05  2.25e+00  4.10e+41  4.10e+41  4.10e+41  1.97e+07  3.61e+05  1.68e+07  1.56e-01  0.00e+00  0.00e+00 
1.374e+14   57      0        0  2.32e+09  0.00e+00  0.00e+00  1.10e+42  2.27e-13  1.16e+11  1.13e+05  1.13e+05 -1.68e+01  4.38e+01  1.04e+05  1.04e+05  2.15e+00  3.90e+41  3.90e+41  3.90e+41  1.95e+07  3.52e+05  1.66e+07  3.02e-01  0.00e+00  0.00e+00 
1.419e+14   58      0        0  2.32e+09  0.00e+00  0.00e+00  1.21e+42  2.15e-13  1.10e+11  1.12e+05  1.12e+05  2.30e+01 -6.36e+01  1.03e+05  1.03e+05  2.05e+00  3.70e+41  3.70e+41  3.70e+41  1.94e+07  3.44e+05  1.65e+07  3.02e-01  0.00e+00  0.00e+00 
1.465e+14   59      0        0  2.32e+09  0.00e+00  0.00e+00  1.33e+42  2.03e-13  1.04e+11  1.10e+05  1.10e+05  1.11e+01  3.13e+01  1.02e+05  1.02e+05  1.96e+00  3.51e+41  3.51e+41  3.51e+41  1.93e+07  3.37e+05  1.63e+07  3.02e-01  0.00e+00  0.00e+00 
1.512e+14   60      0        0  2.32e+09  0.00e+00  0.00e+00  1.46e+42  1.92e-13  9.82e+10  1.08e+05  1.08e+05  2.00e+01 -3.86e+00  1.01e+05  1.01e+05  1.88e+00  3.33e+41  3.33e+41  3.33e+41  1.92e+07  3.31e+05  1.62e+07  3.65e-01  0.00e+00  0.00e+00 
1.561e+14   61      0        0  2.32e+09  0.00e+00  0.00e+00  1.61e+42  1.82e-13  9.31e+10  1.07e+05  1.07e+05 -4.15e+01  1.66e+01  1.00e+05  1.00e+05  1.80e+00  3.18e+41  3.18e+41  3.18e+41  1.91e+07  3.24e+05  1.60e+07  8.00e-01  0.00e+00  0.00e+00 
1.612e+14   62      0        0  2.31e+09  0.00e+00  0.00e+00  1.77e+42  1.72e-13  8.83e+10  1.06e+05  1.06e+05 -4.48e+01  1.24e+01  9.93e+04  9.93e+04  1.72e+00  3.04e+41  3.04e+41  3.04e+41  1.91e+07  3.16e+05  1.59e+07  8.00e-01  0.00e+00  0.00e+00 
1.664e+14   63      0        0  2.30e+09  0.00e+00  0.00e+00  1.95e+42  1.64e-13  8.39e+10  1.04e+05  1.04e+05 -1.16e+01 -1.07e+01  9.85e+04  9.85e+04  1.65e+00  2.91e+41  2.91e+41  2.91e+41  1.90e+07  3.09e+05  1.58e+07  3.65e-01  0.00e+00  0.00e+00 
1.718e+14   64      0        0  2.29e+09  0.00e+00  0.00e+00  2.14e+42  1.56e-13  7.97e+10  1.03e+05  1.03e+05 -9.68e+00 -2.89e+01  9.77e+04  9.77e+04  1.58e+00  2.80e+41  2.80e+41  2.80e+41  1.90e+07  3.03e+05  1.57e+07  4.74e-01  0.00e+00  0.00e+00 
1.774e+14   65      0        0  2.29e+09  0.00e+00  0.00e+00  2.36e+42  1.48e-13  7.57e+10  1.02e+05  1.02e+05 -7.24e+01 -2.80e+01  9.70e+04  9.70e+04  1.51e+00  2.68e+41  2.68e+41  2.69e+41  1.90e+07  2.96e+05  1.56e+07  6.16e-01  0.00e+00  0.00e+00 
1.832e+14   66      0        0  2.28e+09  0.00e+00  0.00e+00  2.60e+42  1.41e-13  7.22e+10  1.01e+05  1.01e+05 -3.39e+01  1.16e+01  9.62e+04  9.62e+04  1.45e+00  2.60e+41  2.60e+41  2.60e+41  1.89e+07  2.89e+05  1.55e+07  6.07e-01  0.00e+00  0.00e+00 
1.891e+14   67      0        0  2.27e+09  0.00e+00  0.00e+00  2.86e+42  1.34e-13  6.88e+10  9.94e+04  9.95e+04  2.12e+00 -2.02e+01  9.55e+04  9.56e+04  1.38e+00  2.51e+41  2.51e+41  2.51e+41  1.89e+07  2.82e+05  1.55e+07  3.19e-01  0.00e+00  0.00e+00 
1.953e+14   68      0        0  2.25e+09  0.00e+00  0.00e+00  3.15e+42  1.28e-13  6.57e+10  9.83e+04  9.83e+04  2.96e+01 -1.64e+00  9.49e+04  9.49e+04  1.33e+00  2.43e+41  2.43e+41  2.43e+41  1.89e+07  2.75e+05  1.54e+07  3.65e-01  0.00e+00  0.00e+00 
2.016e+14   69      0        0  2.24e+09  0.00e+00  0.00e+00  3.46e+42  1.22e-13  6.26e+10  9.72e+04  9.72e+04  3.16e+01 -2.40e+01  9.42e+04  9.43e+04  1.27e+00  2.36e+41  2.36e+41  2.36e+41  1.89e+07  2.69e+05  1.54e+07  5.52e-01  0.00e+00  0.00e+00 
2.082e+14   70      0        0  2.22e+09  0.00e+00  0.00e+00  3.81e+42  1.17e-13  5.99e+10  9.62e+04  9.62e+04  1.33e+01 -1.71e+01  9.36e+04  9.36e+04  1.21e+00  2.29e+41  2.29e+41  2.29e+41  1.89e+07  2.63e+05  1.53e+07  3.32e-01  0.00e+00  0.00e+00 
2.149e+14   71      0        0  2.20e+09  0.00e+00  0.00e+00  4.19e+42  1.12e-13  5.71e+10  9.51e+04  9.52e+04 -1.08e+01  2.39e-01  9.30e+04  9.30e+04  1.16e+00  2.22e+41  2.22e+41  2.23e+41  1.89e+07  2.57e+05  1.53e+07  3.51e-01  0.00e+00  0.00e+00 
2.219e+14   72      0        0  2.17e+09  0.00e+00  0.00e+00  4.62e+42  1.07e-13  5.48e+10  9.41e+04  9.42e+04 -9.50e+00  7.10e+00  9.24e+04  9.24e+04  1.11e+00  2.18e+41  2.18e+41  2.18e+41  1.90e+07  2.50e+05  1.52e+07  3.51e-01  0.00e+00  0.00e+00 
2.291e+14   73      0        0  2.16e+09  0.00e+00  0.00e+00  5.08e+42  1.02e-13  5.24e+10  9.32e+04  9.32e+04 -2.22e+01  3.06e+01  9.18e+04  9.19e+04  1.06e+00  2.12e+41  2.12e+41  2.13e+41  1.90e+07  2.45e+05  1.52e+07  2.32e-01  0.00e+00  0.00e+00 
2.365e+14   74      0        0  2.14e+09  0.00e+00  0.00e+00  5.59e+42  9.84e-14  5.04e+10  9.23e+04  9.23e+04 -1.58e+01  3.52e+01  9.13e+04  9.14e+04  1.02e+00  2.09e+41  2.09e+41  2.09e+41  1.90e+07  2.38e+05  1.52e+07  1.48e-01  0.00e+00  0.00e+00 
2.442e+14   75      0        0  2.11e+09  0.00e+00  0.00e+00  6.15e+42  9.44e-14  4.83e+10  9.15e+04  9.15e+04 -1.41e+00  2.87e+01  9.08e+04  9.09e+04  9.70e-01  2.04e+41  2.04e+41  2.05e+41  1.91e+07  2.32e+05  1.52e+07  1.48e-01  0.00e+00  0.00e+00 
2.521e+14   76      0        0  2.07e+09  0.00e+00  0.00e+00  6.77e+42  9.11e-14  4.66e+10  9.05e+04  9.06e+04 -3.62e+01  1.27e+02  9.03e+04  9.04e+04  9.26e-01  2.02e+41  2.02e+41  2.02e+41  1.91e+07  2.25e+05  1.51e+07  3.65e-01  0.00e+00  0.00e+00 
2.603e+14   77      0        0  2.04e+09  0.00e+00  0.00e+00  7.45e+42  8.85e-14  4.53e+10  8.97e+04  8.98e+04 -1.79e+00  2.63e+01  8.98e+04  8.99e+04  8.84e-01  2.01e+41  2.01e+41  2.01e+41  1.91e+07  2.16e+05  1.51e+07  5.60e-01  0.00e+00  0.00e+00 
2.688e+14   78      0        0  2.02e+09  0.00e+00  0.00e+00  8.20e+42  8.58e-14  4.39e+10  8.89e+04  8.90e+04  6.32e+01  3.81e+01  8.94e+04  8.94e+04  8.43e-01  1.99e+41  1.99e+41  2.00e+41  1.92e+07  2.08e+05  1.51e+07  5.74e-01  0.00e+00  0.00e+00 
2.775e+14   79      0        0  1.99e+09  0.00e+00  0.00e+00  9.03e+42  8.35e-14  4.27e+10  8.81e+04  8.82e+04  1.27e+01  5.91e+01  8.89e+04  8.90e+04  8.04e-01  1.99e+41  1.99e+41  1.99e+41  1.92e+07  2.00e+05  1.51e+07  3.87e-01  0.00e+00  0.00e+00 
2.865e+14   80      0        0  1.96e+09  0.00e+00  0.00e+00  9.93e+42  8.09e-14  4.14e+10  8.73e+04  8.74e+04  5.55e+01 -3.34e+01  8.85e+04  8.86e+04  7.65e-01  1.97e+41  1.97e+41  1.97e+41  1.92e+07  1.93e+05  1.50e+07  6.16e-01  0.00e+00  0.00e+00 
2.958e+14   81      0        0  1.93e+09  0.00e+00  0.00e+00  1.09e+43  7.97e-14  4.08e+10  8.65e+04  8.66e+04  3.42e+01 -9.50e-01  8.81e+04  8.82e+04  7.26e-01  1.99e+41  1.99e+41  1.99e+41  1.91e+07  1.82e+05  1.49e+07  3.69e-01  0.00e+00  0.00e+00 
3.054e+14   82      0        0  1.90e+09  0.00e+00  0.00e+00  1.20e+43  7.82e-14  4.01e+10  8.57e+04  8.57e+04  1.26e+00 -8.88e+01  8.76e+04  8.77e+04  6.88e-01  2.00e+41  2.00e+41  2.00e+41  1.91e+07  1.73e+05  1.48e+07  3.86e-01  0.00e+00  0.00e+00 
3.153e+14   83      0        0  1.88e+09  0.00e+00  0.00e+00  1.32e+43  7.73e-14  3.96e+10  8.48e+04  8.49e+04 -2.60e+01 -4.21e+01  8.72e+04  8.73e+04  6.51e-01  2.02e+41  2.02e+41  2.02e+41  1.90e+07  1.63e+05  1.47e+07  6.07e-01  0.00e+00  0.00e+00 
3.256e+14   84      0        0  1.84e+09  0.00e+00  0.00e+00  1.46e+43  7.63e-14  3.91e+10  8.40e+04  8.40e+04  3.02e+00 -5.61e+00  8.68e+04  8.69e+04  6.14e-01  2.03e+41  2.03e+41  2.03e+41  1.88e+07  1.52e+05  1.45e+07  1.00e-01  0.00e+00  0.00e+00 
3.362e+14   85      0        0  1.80e+09  0.00e+00  0.00e+00  1.60e+43  7.56e-14  3.87e+10  8.30e+04  8.30e+04 -2.53e+01 -3.77e+01  8.64e+04  8.64e+04  5.77e-01  2.05e+41  2.05e+41  2.05e+41  1.85e+07  1.42e+05  1.43e+07  4.74e-01  0.00e+00  0.00e+00 
3.471e+14   86      0        0  1.78e+09  0.00e+00  0.00e+00  1.76e+43  7.49e-14  3.84e+10  8.20e+04  8.20e+04 -2.75e+01  4.85e+00  8.59e+04  8.60e+04  5.40e-01  2.06e+41  2.06e+41  2.06e+41  1.82e+07  1.31e+05  1.40e+07  5.02e-01  0.00e+00  0.00e+00 
3.583e+14   87      0        0  1.77e+09  0.00e+00  0.00e+00  1.94e+43  7.40e-14  3.79e+10  8.10e+04  8.10e+04 -5.67e+01 -1.02e+01  8.55e+04  8.55e+04  5.03e-01  2.05e+41  2.05e+41  2.05e+41  1.78e+07  1.21e+05  1.37e+07  3.32e-01  0.00e+00  0.00e+00 
3.700e+14   88      0        0  1.76e+09  0.00e+00  0.00e+00  2.14e+43  7.30e-14  3.74e+10  7.99e+04  8.00e+04 -5.42e+00  5.11e+01  8.50e+04  8.50e+04  4.66e-01  2.03e+41  2.03e+41  2.03e+41  1.74e+07  1.12e+05  1.32e+07  3.32e-01  0.00e+00  0.00e+00 
3.820e+14   89      0        0  1.75e+09  0.00e+00  0.00e+00  2.35e+43  6.92e-14  3.55e+10  7.89e+04  7.89e+04 -7.38e+01  1.38e+01  8.45e+04  8.46e+04  4.30e-01  1.92e+41  1.92e+41  1.92e+41  1.68e+07  1.06e+05  1.28e+07  8.00e-01  0.00e+00  0.00e+00 
3.944e+14   90      0        0  1.73e+09  0.00e+00  0.00e+00  2.59e+43  6.45e-14  3.30e+10  7.75e+04  7.75e+04 -1.20e+02  7.62e+01  8.41e+04  8.41e+04  3.95e-01  1.76e+41  1.76e+41  1.76e+41  1.62e+07  1.02e+05  1.23e+07  8.00e-01  0.00e+00  0.00e+00 
4.072e+14   91      0        0  1.74e+09  0.00e+00  0.00e+00  2.85e+43  5.83e-14  2.99e+10  7.64e+04  7.65e+04 -6.36e+01  1.07e+02  8.36e+04  8.36e+04  3.63e-01  1.55e+41  1.55e+41  1.55e+41  1.57e+07  1.02e+05  1.18e+07  5.22e-01  0.00e+00  0.00e+00 
4.204e+14   92      0        0  1.76e+09  0.00e+00  0.00e+00  3.14e+43  5.24e-14  2.68e+10  7.57e+04  7.56e+04 -1.77e+02  2.03e+01  8.31e+04  8.31e+04  3.34e-01  1.37e+41  1.37e+41  1.37e+41  1.52e+07  1.02e+05  1.14e+07  8.00e-01  0.00e+00  0.00e+00 
4.341e+14   93      0        0  1.77e+09  0.00e+00  0.00e+00  3.45e+43  4.76e-14  2.44e+10  7.53e+04  7.55e+04  2.17e+01  1.21e+01  8.26e+04  8.27e+04  3.07e-01  1.23e+41  1.23e+41  1.23e+41  1.47e+07  1.00e+05  1.10e+07  8.00e-01  0.00e+00  0.00e+00 
4.482e+14   94      0        0  1.77e+09  0.00e+00  0.00e+00  3.80e+43  4.38e-14  2.24e+10  7.44e+04  7.46e+04  2.27e+01  2.15e+02  8.22e+04  8.22e+04  2.82e-01  1.12e+41  1.12e+41  1.12e+41  1.42e+07  9.84e+04  1.06e+07  8.00e-01  0.00e+00  0.00e+00 
4.627e+14   95      0        0  1.77e+09  0.00e+00  0.00e+00  4.18e+43  4.09e-14  2.10e+10  7.21e+04  7.08e+04  2.48e+03  4.22e+03  8.17e+04  8.18e+04  2.60e-01  1.04e+41  1.04e+41  1.02e+41  1.38e+07  9.49e+04  1.03e+07  5.02e-01  0.00e+00  0.00e+00 
4.777e+14   96      0        0  1.80e+09  0.00e+00  0.00e+00  4.60e+43  3.88e-14  1.99e+10  7.21e+04  7.21e+04  1.04e+04  1.18e+04  8.13e+04  8.13e+04  2.39e-01  9.74e+40  9.74e+40  9.74e+40  1.33e+07  8.99e+04  9.88e+06  8.00e-01  0.00e+00  0.00e+00 
4.932e+14   97      0        1  1.84e+09  0.00e+00  0.00e+00  5.07e+43  3.70e-14  1.90e+10  6.82e+04  6.10e+04  7.99e+03  6.39e+03  8.09e+04  8.09e+04  2.19e-01  9.57e+40  9.57e+40  8.95e+40  1.29e+07  8.46e+04  9.51e+06  6.07e-01  0.00e+00  0.00e+00 
5.093e+14   98      0        2  1.86e+09  0.00e+00  0.00e+00  5.58e+43  3.59e-14  1.84e+10  5.77e+04  4.99e+04  6.21e+03  3.28e+02  8.05e+04  8.05e+04  1.99e-01  9.72e+40  9.72e+40  7.68e+40  1.24e+07  7.79e+04  9.11e+06  5.74e-01  0.00e+00  0.00e+00 
5.258e+14   99      0        0  1.86e+09  0.00e+00  0.00e+00  6.14e+43  3.33e-14  1.71e+10  6.97e+04  6.59e+04  1.24e+04  9.46e+03  8.01e+04  8.01e+04  1.80e-01  8.32e+40  8.32e+40  8.23e+40  1.18e+07  7.45e+04  8.69e+06  8.00e-01  0.00e+00  0.00e+00 
5.429e+14  100      0        1  1.88e+09  0.00e+00  0.00e+00  6.76e+43  3.02e-14  1.55e+10  4.82e+04  4.42e+04 -7.55e+02 -5.44e+03  7.96e+04  7.97e+04  1.63e-01  8.36e+40  8.36e+40  5.53e+40  1.13e+07  7.27e+04  8.27e+06  3.32e-01  0.00e+00  0.00e+00 
5.605e+14  101      0        0  1.94e+09  0.00e+00  0.00e+00  7.44e+43  2.68e-14  1.37e+10  4.22e+04  4.17e+04  2.94e+02 -9.33e+01  7.92e+04  7.92e+04  1.47e-01  7.17e+41  7.17e+41  4.46e+40  1.08e+07  7.23e+04  7.87e+06  8.00e-01  0.00e+00  0.00e+00 
5.787e+14  102      0        0  2.01e+09  0.00e+00  0.00e+00  8.19e+43  2.39e-14  1.23e+10  4.05e+04  4.09e+04 -5.75e+02 -7.84e+02  7.88e+04  7.88e+04  1.33e-01  5.38e+41  5.38e+41  3.93e+40  1.03e+07  7.17e+04  7.51e+06  3.86e-01  0.00e+00  0.00e+00 
5.975e+14  103      0        0  2.07e+09  0.00e+00  0.00e+00  9.01e+43  2.17e-14  1.11e+10  3.83e+04  3.83e+04 -2.76e+02 -2.75e+00  7.84e+04  7.84e+04  1.20e-01  4.33e+41  4.33e+41  4.33e+41  9.91e+06  7.02e+04  7.18e+06  8.00e-01  0.00e+00  0.00e+00 
6.169e+14  104      0        0  2.10e+09  0.00e+00  0.00e+00  9.92e+43  2.00e-14  1.03e+10  3.75e+04  3.75e+04 -1.10e+02 -5.37e+02  7.80e+04  7.81e+04  1.08e-01  3.90e+41  3.90e+41  3.90e+41  9.50e+06  6.70e+04  6.86e+06  8.00e-01  0.00e+00  0.00e+00 
6.369e+14  105      0        0  2.14e+09  0.00e+00  0.00e+00  1.09e+44  1.80e-14  9.19e+09  3.66e+04  3.70e+04 -1.26e+03 -3.56e+03  7.76e+04  7.77e+04  9.76e-02  3.19e+41  3.19e+41  3.24e+41  9.09e+06  6.60e+04  6.54e+06  7.88e-01  0.00e+00  0.00e+00 
6.576e+14  106      0        1  2.20e+09  0.00e+00  0.00e+00  1.20e+44  1.56e-14  8.00e+09  3.68e+04  3.77e+04 -3.07e+03  1.18e+03  7.72e+04  7.73e+04  8.78e-02  2.44e+41  2.44e+41  2.79e+41  8.71e+06  6.68e+04  6.25e+06  4.06e-01  0.00e+00  0.00e+00 
6.789e+14  107      0        1  2.27e+09  0.00e+00  0.00e+00  1.32e+44  1.35e-14  6.89e+09  3.55e+04  3.72e+04 -3.89e+03 -6.90e+03  7.68e+04  7.70e+04  7.91e-02  1.81e+41  1.81e+41  2.05e+41  8.38e+06  6.85e+04  5.99e+06  6.37e-01  0.00e+00  0.00e+00 
7.010e+14  108      0        0  2.34e+09  0.00e+00  0.00e+00  1.46e+44  1.18e-14  6.04e+09  3.39e+04  3.45e+04 -1.97e+03 -5.81e+03  7.64e+04  7.67e+04  7.14e-02  1.46e+41  1.46e+41  1.50e+41  8.08e+06  6.92e+04  5.77e+06  7.88e-01  0.00e+00  0.00e+00 
7.237e+14  109      0        2  2.41e+09  0.00e+00  0.00e+00  1.60e+44  1.04e-14  5.32e+09  3.59e+04  4.02e+04 -6.75e+03  5.43e+03  7.61e+04  7.64e+04  6.45e-02  1.05e+41  1.05e+41  1.55e+41  7.82e+06  6.97e+04  5.56e+06  5.79e-01  0.00e+00  0.00e+00 
7.472e+14  110      0        0  2.47e+09  0.00e+00  0.00e+00  1.76e+44  9.05e-15  4.63e+09  3.24e+04  3.35e+04 -7.28e+03 -2.71e+02  7.58e+04  7.61e+04  5.82e-02  8.94e+40  8.94e+40  9.22e+40  7.58e+06  7.12e+04  5.38e+06  8.00e-01  0.00e+00  0.00e+00 
7.715e+14  111      0        2  2.54e+09  0.00e+00  0.00e+00  1.94e+44  7.83e-15  4.01e+09  3.77e+04  4.86e+04  8.21e+03 -2.36e+02  7.55e+04  7.58e+04  5.26e-02  3.67e+40  3.67e+40  1.27e+41  7.36e+06  7.33e+04  5.21e+06  8.00e-01  0.00e+00  0.00e+00 
7.965e+14  112      0        2  2.63e+09  0.00e+00  0.00e+00  2.14e+44  6.73e-15  3.45e+09  4.55e+04  3.99e+04 -2.12e+02 -2.19e+02  7.52e+04  7.55e+04  4.76e-02  1.17e+41  1.17e+41  1.00e+41  7.17e+06  7.61e+04  5.06e+06  5.22e-01  0.00e+00  0.00e+00 
8.224e+14  113      0        0  2.74e+09  0.00e+00  0.00e+00  2.35e+44  5.83e-15  2.98e+09  3.91e+04  3.93e+04 -2.59e+02 -1.40e+02  7.48e+04  7.52e+04  4.34e-02  2.33e+40  2.33e+40  2.38e+40  7.00e+06  7.84e+04  4.93e+06  4.74e-01  0.00e+00  0.00e+00 
8.491e+14  114      0        0  2.84e+09  0.00e+00  0.00e+00  2.59e+44  5.13e-15  2.62e+09  3.85e+04  3.88e+04 -2.86e+02 -1.72e+02  7.45e+04  7.49e+04  3.96e-02  1.87e+40  1.87e+40  1.90e+40  6.85e+06  8.00e+04  4.81e+06  7.45e-01  0.00e+00  0.00e+00 
8.767e+14  115      0        0  2.92e+09  0.00e+00  0.00e+00  2.85e+44  4.53e-15  2.32e+09  3.81e+04  3.83e+04 -1.69e+02  2.79e+02  7.41e+04  7.46e+04  3.61e-02  1.55e+40  1.55e+40  1.57e+40  6.72e+06  8.13e+04  4.70e+06  4.31e-01  0.00e+00  0.00e+00 
9.051e+14  116      0        0  3.01e+09  0.00e+00  0.00e+00  3.14e+44  3.91e-15  2.00e+09  3.79e+04  3.80e+04 -7.31e+01  1.55e+02  7.38e+04  7.44e+04  3.31e-02  1.24e+40  1.24e+40  1.26e+40  6.61e+06  8.48e+04  4.61e+06  3.51e-01  0.00e+00  0.00e+00 
9.345e+14  117      0        0  3.10e+09  0.00e+00  0.00e+00  3.46e+44  3.36e-15  1.72e+09  3.75e+04  3.78e+04 -3.14e+02 -9.91e+02  7.35e+04  7.42e+04  3.03e-02  9.81e+39  9.81e+39  1.00e+40  6.51e+06  8.90e+04  4.53e+06  6.78e-01  0.00e+00  0.00e+00 
9.649e+14  118      0        0  3.19e+09  0.00e+00  0.00e+00  3.81e+44  2.93e-15  1.50e+09  3.74e+04  3.76e+04 -9.54e+02 -3.43e+03  7.32e+04  7.41e+04  2.79e-02  8.18e+39  8.18e+39  8.32e+39  6.43e+06  9.23e+04  4.45e+06  6.16e-01  0.00e+00  0.00e+00 
9.962e+14  119      0        0  3.31e+09  0.00e+00  0.00e+00  4.19e+44  2.60e-15  1.33e+09  3.69e+04  3.67e+04  5.98e+02  2.49e+03  7.29e+04  7.40e+04  2.57e-02  6.92e+39  6.92e+39  6.87e+39  6.35e+06  9.39e+04  4.38e+06  7.01e-01  0.00e+00  0.00e+00 
1.029e+15  120      0        0  3.44e+09  0.00e+00  0.00e+00  4.62e+44  2.30e-15  1.17e+09  3.64e+04  3.71e+04 -3.32e+03  7.82e+03  7.26e+04  7.40e+04  2.37e-02  5.51e+39  5.51e+39  5.62e+39  6.28e+06  9.66e+04  4.32e+06  5.60e-01  0.00e+00  0.00e+00 
1.062e+15  121      0        0  3.52e+09  0.00e+00  0.00e+00  5.08e+44  2.00e-15  1.02e+09  3.50e+04  3.43e+04  1.78e+03  3.88e+02  7.25e+04  7.41e+04  2.17e-02  4.51e+39  4.51e+39  4.10e+39  6.23e+06  1.01e+05  4.27e+06  5.02e-01  0.00e+00  0.00e+00 
1.096e+15  122      0        0  3.57e+09  0.00e+00  0.00e+00  5.60e+44  1.73e-15  8.86e+08  3.53e+04  3.45e+04  2.06e+03  9.58e+01  7.24e+04  7.44e+04  2.00e-02  3.90e+39  3.90e+39  3.55e+39  6.18e+06  1.07e+05  4.23e+06  5.22e-01  0.00e+00  0.00e+00 
1.132e+15  123      0        2  3.68e+09  0.00e+00  0.00e+00  6.16e+44  1.51e-15  7.72e+08  3.00e+04  3.95e+04  7.22e+03 -4.07e+01  7.23e+04  7.35e+04  1.83e-02  4.28e+39  4.28e+39  1.76e+39  6.12e+06  1.12e+05  4.19e+06  8.00e-01  0.00e+00  0.00e+00 
1.169e+15  124      0        1  3.83e+09  0.00e+00  0.00e+00  6.78e+44  1.33e-15  6.79e+08  3.53e+04  3.19e+04  4.13e+02 -1.36e+02  7.25e+04  7.23e+04  1.66e-02  2.86e+39  2.86e+39  2.60e+39  6.06e+06  1.17e+05  4.13e+06  8.00e-01  0.00e+00  0.00e+00 
1.207e+15  125      0        1  3.90e+09  0.00e+00  0.00e+00  7.47e+44  1.16e-15  5.94e+08  3.21e+04  3.03e+04 -5.07e+01 -5.83e+01  7.13e+04  7.14e+04  1.60e-02  2.26e+42  2.26e+42  1.58e+39  5.98e+06  1.21e+05  4.07e+06  2.08e-01  0.00e+00  0.00e+00 
1.246e+15  126      0        0  3.91e+09  0.00e+00  0.00e+00  8.22e+44  1.02e-15  5.22e+08  3.41e+04  3.38e+04  3.23e+03 -1.89e+02  7.03e+04  7.09e+04  1.53e-02  1.77e+39  1.77e+39  1.68e+39  5.92e+06  1.24e+05  4.01e+06  4.25e-01  0.00e+00  0.00e+00 
1.286e+15  127      0        0  3.93e+09  0.00e+00  0.00e+00  9.05e+44  8.93e-16  4.56e+08  3.51e+04  3.57e+04 -2.59e+03  7.06e+03  6.98e+04  7.00e+04  1.44e-02  1.57e+39  1.57e+39  1.60e+39  5.88e+06  1.30e+05  3.97e+06  5.60e-01  0.00e+00  0.00e+00 
1.328e+15  128      0        0  4.01e+09  0.00e+00  0.00e+00  9.96e+44  7.91e-16  4.05e+08  3.50e+04  3.52e+04 -5.22e+02 -1.44e+03  6.96e+04  6.95e+04  1.33e-02  1.36e+39  1.36e+39  1.38e+39  5.85e+06  1.34e+05  3.94e+06  5.52e-01  0.00e+00  0.00e+00 
1.371e+15  129      0        0  4.09e+09  0.00e+00  0.00e+00  1.10e+45  6.97e-16  3.56e+08  3.34e+04  3.31e+04  4.27e+02  5.79e+02  6.95e+04  6.92e+04  1.23e-02  1.08e+39  1.08e+39  1.02e+39  5.83e+06  1.39e+05  3.92e+06  3.69e-01  0.00e+00  0.00e+00 
1.416e+15  130      0        0  4.06e+09  0.00e+00  0.00e+00  1.21e+45  6.17e-16  3.15e+08  3.39e+04  3.38e+04  1.49e+02  2.70e+02  6.95e+04  6.92e+04  1.13e-02  9.28e+38  9.28e+38  9.24e+38  5.81e+06  1.45e+05  3.91e+06  6.68e-01  0.00e+00  0.00e+00 
1.462e+15  131      0        0  3.97e+09  0.00e+00  0.00e+00  1.33e+45  5.35e-16  2.73e+08  3.41e+04  3.42e+04 -7.39e+01  2.47e+00  6.96e+04  6.92e+04  1.04e-02  8.01e+38  8.01e+38  8.05e+38  5.80e+06  1.55e+05  3.90e+06  4.74e-01  0.00e+00  0.00e+00 
1.509e+15  132      0        0  3.88e+09  0.00e+00  0.00e+00  1.46e+45  4.68e-16  2.39e+08  3.43e+04  3.43e+04  1.53e+02  3.91e+02  6.96e+04  6.92e+04  9.65e-03  7.11e+38  7.11e+38  7.10e+38  5.79e+06  1.64e+05  3.89e+06  7.45e-01  0.00e+00  0.00e+00 
1.558e+15  133      0        0  3.85e+09  0.00e+00  0.00e+00  1.61e+45  4.16e-16  2.13e+08  3.44e+04  3.44e+04  3.49e+02  7.88e+02  6.96e+04  6.92e+04  8.95e-03  6.38e+38  6.38e+38  6.36e+38  5.78e+06  1.72e+05  3.89e+06  7.88e-01  0.00e+00  0.00e+00 
1.609e+15  134      0        0  3.81e+09  0.00e+00  0.00e+00  1.77e+45  3.72e-16  1.90e+08  3.46e+04  3.46e+04  1.86e+02  5.11e+02  6.97e+04  6.93e+04  8.31e-03  5.75e+38  5.75e+38  5.76e+38  5.77e+06  1.79e+05  3.89e+06  8.00e-01  0.00e+00  0.00e+00 
1.661e+15  135      0        0  3.76e+09  0.00e+00  0.00e+00  1.95e+45  3.30e-16  1.69e+08  3.49e+04  3.51e+04 -1.04e+02 -4.11e+02  6.98e+04  6.93e+04  7.71e-03  5.17e+38  5.17e+38  5.24e+38  5.77e+06  1.88e+05  3.89e+06  5.74e-01  0.00e+00  0.00e+00 
1.715e+15  136      0        0  3.65e+09  0.00e+00  0.00e+00  2.14e+45  2.91e-16  1.49e+08  3.51e+04  3.51e+04 -1.15e+02 -4.44e+02  6.99e+04  6.94e+04  7.15e-03  4.64e+38  4.64e+38  4.68e+38  5.77e+06  1.99e+05  3.89e+06  5.74e-01  0.00e+00  0.00e+00 
1.771e+15  137      0        0  3.60e+09  0.00e+00  0.00e+00  2.36e+45  2.65e-16  1.36e+08  3.48e+04  3.46e+04  3.21e+02  4.57e+02  7.00e+04  6.95e+04  6.64e-03  4.34e+38  4.34e+38  4.21e+38  5.77e+06  2.05e+05  3.90e+06  4.25e-01  0.00e+00  0.00e+00 
1.828e+15  138      0        0  3.53e+09  0.00e+00  0.00e+00  2.59e+45  2.44e-16  1.25e+08  3.52e+04  3.52e+04  3.60e+01  3.82e+02  7.01e+04  6.96e+04  6.18e-03  4.10e+38  4.10e+38  4.10e+38  5.77e+06  2.09e+05  3.91e+06  8.00e-01  0.00e+00  0.00e+00 
1.887e+15  139      0        0  3.46e+09  0.00e+00  0.00e+00  2.85e+45  2.29e-16  1.17e+08  3.53e+04  3.52e+04  1.29e+02  3.10e+02  7.03e+04  6.98e+04  5.75e-03  3.98e+38  3.98e+38  3.96e+38  5.77e+06  2.09e+05  3.91e+06  6.07e-01  0.00e+00  0.00e+00 
1.949e+15  140      0        0  3.34e+09  0.00e+00  0.00e+00  3.14e+45  2.17e-16  1.11e+08  3.53e+04  3.53e+04  6.47e+00  3.56e+01  7.05e+04  7.00e+04  5.34e-03  3.92e+38  3.92e+38  3.92e+38  5.77e+06  2.08e+05  3.92e+06  3.51e-01  0.00e+00  0.00e+00 
2.012e+15  141      0        0  3.24e+09  0.00e+00  0.00e+00  3.45e+45  2.08e-16  1.06e+08  3.53e+04  3.53e+04  2.31e+00  1.39e+01  7.07e+04  7.02e+04  4.96e-03  3.92e+38  3.92e+38  3.92e+38  5.77e+06  2.04e+05  3.93e+06  3.51e-01  0.00e+00  0.00e+00 
2.077e+15  142      0        0  3.11e+09  0.00e+00  0.00e+00  3.80e+45  2.04e-16  1.04e+08  3.52e+04  3.52e+04  1.08e+01  1.73e+01  7.09e+04  7.04e+04  4.60e-03  4.06e+38  4.06e+38  4.05e+38  5.76e+06  1.96e+05  3.94e+06  3.51e-01  0.00e+00  0.00e+00 
2.145e+15  143      0        0  2.97e+09  0.00e+00  0.00e+00  4.18e+45  1.98e-16  1.01e+08  3.53e+04  3.52e+04  2.31e+00 -1.41e+01  7.12e+04  7.07e+04  4.26e-03  4.15e+38  4.15e+38  4.14e+38  5.76e+06  1.90e+05  3.95e+06  4.06e-01  0.00e+00  0.00e+00 
2.214e+15  144      0        0  2.80e+09  0.00e+00  0.00e+00  4.59e+45  1.93e-16  9.88e+07  3.53e+04  3.53e+04  2.91e+01  8.21e-01  7.16e+04  7.11e+04  3.94e-03  4.26e+38  4.26e+38  4.25e+38  5.75e+06  1.84e+05  3.96e+06  4.74e-01  0.00e+00  0.00e+00 
2.286e+15  145      0        0  2.58e+09  0.00e+00  0.00e+00  5.05e+45  1.88e-16  9.62e+07  3.54e+04  3.53e+04  3.77e+01 -1.48e+01  7.21e+04  7.15e+04  3.63e-03  4.39e+38  4.39e+38  4.38e+38  5.73e+06  1.79e+05  3.97e+06  6.37e-01  0.00e+00  0.00e+00 
2.361e+15  146      0        0  2.34e+09  0.00e+00  0.00e+00  5.56e+45  1.79e-16  9.17e+07  3.55e+04  3.54e+04  6.75e+01  1.03e+01  7.26e+04  7.20e+04  3.34e-03  4.40e+38  4.40e+38  4.38e+38  5.71e+06  1.78e+05  3.98e+06  4.74e-01  0.00e+00  0.00e+00 
2.437e+15  147      0        0  2.08e+09  0.00e+00  0.00e+00  6.11e+45  1.71e-16  8.73e+07  3.56e+04  3.55e+04  8.27e+01  1.10e+01  7.31e+04  7.25e+04  3.05e-03  4.41e+38  4.41e+38  4.38e+38  5.69e+06  1.76e+05  3.98e+06  4.74e-01  0.00e+00  0.00e+00 
2.516e+15  148      0        0  1.84e+09  0.00e+00  0.00e+00  6.73e+45  1.60e-16  8.19e+07  3.56e+04  3.56e+04  9.96e+01  2.56e+01  7.36e+04  7.30e+04  2.79e-03  4.32e+38  4.32e+38  4.29e+38  5.66e+06  1.76e+05  3.97e+06  4.74e-01  0.00e+00  0.00e+00 
2.598e+15  149      0        0  1.64e+09  0.00e+00  0.00e+00  7.40e+45  1.49e-16  7.62e+07  3.58e+04  3.57e+04  9.52e+01  3.47e+01  7.41e+04  7.35e+04  2.56e-03  4.18e+38  4.18e+38  4.15e+38  5.63e+06  1.78e+05  3.96e+06  4.74e-01  0.00e+00  0.00e+00 
2.682e+15  150      0        0  1.46e+09  0.00e+00  0.00e+00  8.14e+45  1.39e-16  7.09e+07  3.59e+04  3.59e+04  9.10e+01  4.44e+01  7.45e+04  7.39e+04  2.34e-03  4.04e+38  4.04e+38  4.02e+38  5.60e+06  1.79e+05  3.95e+06  4.74e-01  0.00e+00  0.00e+00 
2.769e+15  151      0        0  1.26e+09  0.00e+00  0.00e+00  8.96e+45  1.25e-16  6.37e+07  3.63e+04  3.62e+04  5.67e+01 -6.60e+00  7.50e+04  7.45e+04  2.13e-03  3.73e+38  3.73e+38  3.71e+38  5.55e+06  1.86e+05  3.93e+06  6.07e-01  0.00e+00  0.00e+00 
2.859e+15  152      0        0  1.04e+09  0.00e+00  0.00e+00  9.86e+45  1.11e-16  5.68e+07  3.66e+04  3.65e+04  6.15e+01  1.00e+01  7.56e+04  7.51e+04  1.93e-03  3.39e+38  3.39e+38  3.36e+38  5.50e+06  1.93e+05  3.91e+06  3.86e-01  0.00e+00  0.00e+00 
2.952e+15  153     -1        0  7.92e+08  0.00e+00  0.00e+00  0.00e+00  0.00e+00  0.00e+00  0.00e+00  0.00e+00  0.00e+00  0.00e+00  0.00e+00  0.00e+00  0.00e+00  0.00e+00  0.00e+00  0.00e+00  0.00e+00  0.00e+00  0.00e+00  0.00e+00  0.00e+00  0.00e+00 
3.048e+15  154     -1        0  7.92e+08  0.00e+00  0.00e+00  0.00e+00  0.00e+00  0.00e+00  0.00e+00  0.00e+00  0.00e+00  0.00e+00  0.00e+00  0.00e+00  0.00e+00  0.00e+00  0.00e+00  0.00e+00  0.00e+00  0.00e+00  0.00e+00  0.00e+00  0.00e+00  0.00e+00 
