       r    i inwind      i01      i02      i03      i04      i05      i06      i07      i08      i09 
2.22e+13    0     -1 0.00e+00 0.00e+00 0.00e+00 0.00e+00 0.00e+00 0.00e+00 0.00e+00 0.00e+00 0.00e+00 
2.30e+13    1      0 1.03e-11 1.03e-11 1.03e-11 1.03e-11 4.51e-06 5.61e+01 1.03e+09 7.64e-05 1.03e-11 
2.37e+13    2      0 1.00e-11 1.00e-11 1.00e-11 1.00e-11 5.47e-06 6.19e+01 1.00e+09 6.10e-05 1.00e-11 
2.45e+13    3      0 9.79e-12 9.79e-12 9.79e-12 9.79e-12 6.06e-06 6.48e+01 9.79e+08 4.55e-05 9.79e-12 
2.53e+13    4      0 9.56e-12 9.56e-12 9.56e-12 9.56e-12 6.60e-06 6.71e+01 9.56e+08 3.37e-05 9.56e-12 
2.61e+13    5      0 9.34e-12 9.34e-12 9.34e-12 9.34e-12 7.12e-06 6.91e+01 9.34e+08 2.54e-05 9.34e-12 
2.69e+13    6      0 9.12e-12 9.12e-12 9.12e-12 9.12e-12 7.63e-06 7.09e+01 9.12e+08 1.89e-05 9.12e-12 
2.78e+13    7      0 8.90e-12 8.90e-12 8.90e-12 8.90e-12 8.07e-06 7.22e+01 8.90e+08 1.42e-05 8.90e-12 
2.87e+13    8      0 8.69e-12 8.69e-12 8.69e-12 8.69e-12 8.53e-06 7.34e+01 8.69e+08 1.04e-05 8.69e-12 
2.96e+13    9      0 8.46e-12 8.46e-12 8.46e-12 8.46e-12 9.01e-06 7.46e+01 8.46e+08 7.63e-06 8.46e-12 
3.06e+13   10      0 8.23e-12 8.23e-12 8.23e-12 8.23e-12 9.57e-06 7.59e+01 8.23e+08 5.44e-06 8.23e-12 
3.16e+13   11      0 7.99e-12 7.99e-12 7.99e-12 7.99e-12 1.02e-05 7.73e+01 7.99e+08 3.76e-06 7.99e-12 
3.26e+13   12      0 7.75e-12 7.75e-12 7.75e-12 7.75e-12 1.09e-05 7.92e+01 7.75e+08 2.50e-06 7.75e-12 
3.37e+13   13      0 7.51e-12 7.51e-12 7.51e-12 7.51e-12 1.18e-05 8.10e+01 7.51e+08 1.63e-06 7.51e-12 
3.48e+13   14      0 7.26e-12 7.26e-12 7.26e-12 7.26e-12 1.27e-05 8.30e+01 7.26e+08 1.04e-06 7.26e-12 
3.59e+13   15      0 7.01e-12 7.01e-12 7.01e-12 7.01e-12 1.38e-05 8.53e+01 7.01e+08 6.29e-07 7.01e-12 
3.71e+13   16      0 6.75e-12 6.75e-12 6.75e-12 6.75e-12 1.50e-05 8.77e+01 6.75e+08 3.65e-07 6.75e-12 
3.83e+13   17      0 6.48e-12 6.48e-12 6.48e-12 6.48e-12 1.64e-05 9.03e+01 6.48e+08 2.08e-07 6.48e-12 
3.95e+13   18      0 6.20e-12 6.20e-12 6.20e-12 6.20e-12 1.78e-05 9.23e+01 6.20e+08 1.13e-07 6.20e-12 
4.08e+13   19      0 5.93e-12 5.93e-12 5.93e-12 5.93e-12 1.96e-05 9.50e+01 5.93e+08 5.77e-08 5.93e-12 
4.21e+13   20      0 5.66e-12 5.66e-12 5.66e-12 5.66e-12 2.18e-05 9.84e+01 5.66e+08 2.86e-08 5.66e-12 
4.35e+13   21      0 5.39e-12 5.39e-12 5.39e-12 5.39e-12 2.43e-05 1.02e+02 5.39e+08 1.36e-08 5.39e-12 
4.49e+13   22      0 5.13e-12 5.13e-12 5.13e-12 5.13e-12 2.72e-05 1.05e+02 5.13e+08 6.24e-09 5.13e-12 
4.64e+13   23      0 4.86e-12 4.86e-12 4.86e-12 4.86e-12 3.05e-05 1.09e+02 4.86e+08 2.78e-09 4.86e-12 
4.79e+13   24      0 4.61e-12 4.61e-12 4.61e-12 4.61e-12 3.42e-05 1.13e+02 4.61e+08 1.20e-09 4.61e-12 
4.94e+13   25      0 4.37e-12 4.37e-12 4.37e-12 4.37e-12 3.87e-05 1.18e+02 4.37e+08 4.99e-10 4.37e-12 
5.10e+13   26      0 4.15e-12 4.15e-12 4.15e-12 4.15e-12 4.44e-05 1.24e+02 4.15e+08 2.10e-10 4.15e-12 
5.27e+13   27      0 3.94e-12 3.94e-12 3.94e-12 3.94e-12 5.11e-05 1.30e+02 3.94e+08 8.45e-11 3.94e-12 
5.44e+13   28      0 3.75e-12 3.75e-12 3.75e-12 3.75e-12 5.90e-05 1.37e+02 3.75e+08 3.35e-11 3.75e-12 
5.62e+13   29      0 3.56e-12 3.56e-12 3.56e-12 3.56e-12 6.85e-05 1.45e+02 3.56e+08 1.29e-11 3.56e-12 
5.80e+13   30      0 3.38e-12 3.38e-12 3.38e-12 3.38e-12 7.96e-05 1.53e+02 3.38e+08 4.88e-12 3.38e-12 
5.99e+13   31      0 3.21e-12 3.21e-12 3.21e-12 4.13e-12 9.35e-05 1.63e+02 3.21e+08 3.21e-12 3.21e-12 
6.18e+13   32      0 3.05e-12 3.05e-12 3.05e-12 5.25e-12 1.10e-04 1.74e+02 3.05e+08 3.05e-12 3.05e-12 
6.38e+13   33      0 2.89e-12 2.89e-12 2.89e-12 6.65e-12 1.30e-04 1.84e+02 2.89e+08 2.89e-12 2.89e-12 
6.59e+13   34      0 2.74e-12 2.74e-12 2.74e-12 8.38e-12 1.52e-04 1.95e+02 2.74e+08 2.74e-12 2.74e-12 
6.80e+13   35      0 2.60e-12 2.60e-12 2.60e-12 1.07e-11 1.80e-04 2.08e+02 2.60e+08 2.60e-12 2.60e-12 
7.02e+13   36      0 2.46e-12 2.46e-12 2.46e-12 1.37e-11 2.13e-04 2.22e+02 2.46e+08 2.46e-12 2.46e-12 
7.25e+13   37      0 2.34e-12 2.34e-12 2.34e-12 1.74e-11 2.52e-04 2.37e+02 2.34e+08 2.34e-12 2.34e-12 
7.49e+13   38      0 2.22e-12 2.22e-12 2.22e-12 2.21e-11 2.97e-04 2.52e+02 2.22e+08 2.22e-12 2.22e-12 
7.73e+13   39      0 2.10e-12 2.10e-12 2.10e-12 2.80e-11 3.49e-04 2.67e+02 2.10e+08 2.10e-12 2.10e-12 
7.98e+13   40      0 1.99e-12 1.99e-12 1.99e-12 3.55e-11 4.11e-04 2.84e+02 1.99e+08 1.99e-12 1.99e-12 
8.24e+13   41      0 1.89e-12 1.89e-12 1.89e-12 4.52e-11 4.85e-04 3.02e+02 1.89e+08 1.89e-12 1.89e-12 
8.51e+13   42      0 1.79e-12 1.79e-12 1.79e-12 5.79e-11 5.76e-04 3.24e+02 1.79e+08 1.79e-12 1.79e-12 
8.78e+13   43      0 1.70e-12 1.70e-12 1.70e-12 7.38e-11 6.81e-04 3.46e+02 1.70e+08 1.70e-12 1.70e-12 
9.07e+13   44      0 1.61e-12 1.61e-12 1.61e-12 9.38e-11 8.04e-04 3.68e+02 1.61e+08 1.61e-12 1.61e-12 
9.36e+13   45      0 1.53e-12 1.53e-12 1.53e-12 1.18e-10 9.39e-04 3.90e+02 1.53e+08 1.53e-12 1.53e-12 
9.67e+13   46      0 1.45e-12 1.45e-12 1.45e-12 1.49e-10 1.11e-03 4.15e+02 1.45e+08 1.45e-12 1.45e-12 
9.98e+13   47      0 1.37e-12 1.37e-12 1.37e-12 1.90e-10 1.31e-03 4.45e+02 1.37e+08 1.37e-12 1.37e-12 
1.03e+14   48      0 1.30e-12 1.30e-12 1.30e-12 2.40e-10 1.54e-03 4.71e+02 1.30e+08 1.30e-12 1.30e-12 
1.06e+14   49      0 1.24e-12 1.24e-12 1.24e-12 3.05e-10 1.82e-03 5.04e+02 1.24e+08 1.24e-12 1.24e-12 
1.10e+14   50      0 1.18e-12 1.18e-12 1.18e-12 3.87e-10 2.15e-03 5.40e+02 1.18e+08 1.18e-12 1.18e-12 
1.13e+14   51      0 1.12e-12 1.12e-12 1.12e-12 4.87e-10 2.52e-03 5.73e+02 1.12e+08 1.12e-12 1.12e-12 
1.17e+14   52      0 1.06e-12 1.06e-12 1.06e-12 6.32e-10 3.04e-03 6.22e+02 1.06e+08 1.06e-12 1.06e-12 
1.21e+14   53      0 1.01e-12 1.01e-12 1.01e-12 7.90e-10 3.53e-03 6.56e+02 1.01e+08 1.01e-12 1.01e-12 
1.25e+14   54      0 9.64e-13 9.64e-13 9.64e-13 9.70e-10 4.04e-03 6.82e+02 9.64e+07 9.64e-13 9.64e-13 
1.29e+14   55      0 9.16e-13 9.16e-13 9.16e-13 1.23e-09 4.78e-03 7.31e+02 9.16e+07 9.16e-13 9.16e-13 
1.33e+14   56      0 8.70e-13 8.70e-13 8.70e-13 1.52e-09 5.51e-03 7.66e+02 8.70e+07 8.70e-13 8.70e-13 
1.37e+14   57      0 8.26e-13 8.26e-13 8.26e-13 1.85e-09 6.26e-03 7.99e+02 8.26e+07 8.26e-13 8.26e-13 
1.42e+14   58      0 7.81e-13 7.81e-13 7.81e-13 2.23e-09 7.13e-03 8.35e+02 7.81e+07 7.81e-13 7.81e-13 
1.46e+14   59      0 7.38e-13 7.38e-13 7.38e-13 2.69e-09 8.12e-03 8.74e+02 7.38e+07 7.38e-13 7.38e-13 
1.51e+14   60      0 6.96e-13 6.96e-13 6.96e-13 3.26e-09 9.27e-03 9.18e+02 6.96e+07 6.96e-13 6.96e-13 
1.56e+14   61      0 6.60e-13 6.60e-13 6.60e-13 3.86e-09 1.04e-02 9.47e+02 6.60e+07 6.60e-13 6.60e-13 
1.61e+14   62      0 6.26e-13 6.26e-13 6.26e-13 4.64e-09 1.18e-02 9.91e+02 6.26e+07 6.26e-13 6.26e-13 
1.66e+14   63      0 5.95e-13 5.95e-13 5.95e-13 5.61e-09 1.35e-02 1.05e+03 5.95e+07 5.95e-13 5.95e-13 
1.72e+14   64      0 5.65e-13 5.65e-13 5.65e-13 6.63e-09 1.51e-02 1.09e+03 5.65e+07 5.65e-13 5.65e-13 
1.77e+14   65      0 5.37e-13 5.37e-13 5.37e-13 7.92e-09 1.71e-02 1.14e+03 5.37e+07 5.37e-13 5.37e-13 
1.83e+14   66      0 5.12e-13 5.12e-13 5.12e-13 9.60e-09 1.96e-02 1.20e+03 5.12e+07 5.12e-13 5.12e-13 
1.89e+14   67      0 4.87e-13 4.87e-13 4.87e-13 1.10e-08 2.13e-02 1.22e+03 4.87e+07 4.87e-13 4.87e-13 
1.95e+14   68      0 4.66e-13 4.66e-13 4.66e-13 1.33e-08 2.44e-02 1.29e+03 4.66e+07 4.66e-13 4.66e-13 
2.02e+14   69      0 4.44e-13 4.44e-13 4.44e-13 1.57e-08 2.73e-02 1.35e+03 4.44e+07 4.44e-13 4.44e-13 
2.08e+14   70      0 4.25e-13 4.25e-13 4.25e-13 1.88e-08 3.11e-02 1.43e+03 4.25e+07 4.25e-13 4.25e-13 
2.15e+14   71      0 4.05e-13 4.05e-13 4.05e-13 2.17e-08 3.43e-02 1.47e+03 4.05e+07 4.05e-13 4.05e-13 
2.22e+14   72      0 3.88e-13 3.88e-13 3.88e-13 2.61e-08 3.91e-02 1.56e+03 3.88e+07 3.88e-13 3.88e-13 
2.29e+14   73      0 3.72e-13 3.72e-13 3.72e-13 3.07e-08 4.38e-02 1.63e+03 3.72e+07 3.72e-13 3.72e-13 
2.37e+14   74      0 3.57e-13 3.57e-13 3.57e-13 3.70e-08 4.99e-02 1.73e+03 3.57e+07 3.57e-13 3.57e-13 
2.44e+14   75      0 3.43e-13 3.43e-13 3.43e-13 4.21e-08 5.42e-02 1.77e+03 3.43e+07 3.43e-13 3.43e-13 
2.52e+14   76      0 3.31e-13 3.31e-13 3.31e-13 5.04e-08 6.17e-02 1.87e+03 3.31e+07 3.31e-13 3.31e-13 
2.60e+14   77      0 3.21e-13 3.21e-13 3.21e-13 5.87e-08 6.76e-02 1.91e+03 3.21e+07 3.21e-13 3.21e-13 
2.69e+14   78      0 3.11e-13 3.11e-13 3.11e-13 7.38e-08 8.00e-02 2.08e+03 3.11e+07 3.11e-13 3.11e-13 
2.78e+14   79      0 3.03e-13 3.03e-13 3.03e-13 9.00e-08 9.17e-02 2.21e+03 3.03e+07 3.03e-13 3.03e-13 
2.87e+14   80      0 2.94e-13 2.94e-13 2.94e-13 1.04e-07 9.96e-02 2.24e+03 2.94e+07 2.94e-13 2.94e-13 
2.96e+14   81      0 2.89e-13 2.89e-13 2.89e-13 1.33e-07 1.19e-01 2.46e+03 2.89e+07 2.89e-13 2.89e-13 
3.05e+14   82      0 2.84e-13 2.84e-13 2.84e-13 1.67e-07 1.40e-01 2.64e+03 2.84e+07 2.84e-13 2.84e-13 
3.15e+14   83      0 2.81e-13 2.81e-13 2.81e-13 2.20e-07 1.69e-01 2.91e+03 2.81e+07 2.81e-13 2.81e-13 
3.26e+14   84      0 2.77e-13 2.77e-13 2.77e-13 3.05e-07 2.15e-01 3.36e+03 2.77e+07 2.77e-13 2.77e-13 
3.36e+14   85      0 2.75e-13 2.75e-13 2.75e-13 4.06e-07 2.62e-01 3.67e+03 2.75e+07 2.75e-13 2.75e-13 
3.47e+14   86      0 2.72e-13 2.72e-13 2.72e-13 5.53e-07 3.23e-01 4.03e+03 2.72e+07 2.72e-13 2.72e-13 
3.58e+14   87      0 2.69e-13 2.69e-13 2.69e-13 7.74e-07 4.11e-01 4.59e+03 2.69e+07 2.69e-13 2.69e-13 
3.70e+14   88      0 2.65e-13 2.65e-13 2.65e-13 1.15e-06 5.50e-01 5.44e+03 2.65e+07 2.65e-13 2.65e-13 
3.82e+14   89      0 2.51e-13 2.51e-13 2.51e-13 1.36e-06 6.05e-01 5.48e+03 2.51e+07 2.51e-13 2.51e-13 
3.94e+14   90      0 2.34e-13 2.34e-13 2.34e-13 1.70e-06 7.21e-01 6.09e+03 2.34e+07 2.34e-13 2.34e-13 
4.07e+14   91      0 2.12e-13 2.12e-13 2.12e-13 1.81e-06 7.47e-01 5.93e+03 2.12e+07 2.12e-13 2.12e-13 
4.20e+14   92      0 1.90e-13 1.90e-13 1.90e-13 1.93e-06 7.77e-01 5.96e+03 1.90e+07 1.90e-13 1.90e-13 
4.34e+14   93      0 1.73e-13 1.73e-13 1.74e-13 2.08e-06 8.11e-01 5.92e+03 1.73e+07 1.73e-13 1.73e-13 
4.48e+14   94      0 1.59e-13 1.59e-13 2.01e-13 2.34e-06 8.74e-01 6.01e+03 1.59e+07 1.59e-13 1.59e-13 
4.63e+14   95      0 1.49e-13 1.49e-13 2.38e-13 2.70e-06 9.67e-01 6.22e+03 1.49e+07 1.49e-13 1.49e-13 
4.78e+14   96      0 1.41e-13 1.41e-13 3.02e-13 3.19e-06 1.06e+00 6.28e+03 1.41e+07 1.41e-13 1.41e-13 
4.93e+14   97      0 1.34e-13 1.34e-13 3.92e-13 4.06e-06 1.28e+00 7.00e+03 1.34e+07 1.34e-13 1.34e-13 
5.09e+14   98      0 1.30e-13 1.30e-13 4.83e-13 5.56e-06 1.75e+00 9.12e+03 1.30e+07 1.30e-13 1.30e-13 
5.26e+14   99      0 1.21e-13 1.21e-13 7.17e-13 6.21e-06 1.64e+00 7.64e+03 1.21e+07 1.21e-13 1.21e-13 
5.43e+14  100      0 1.10e-13 1.10e-13 4.58e-13 6.12e-06 1.90e+00 9.82e+03 1.10e+07 1.10e-13 1.10e-13 
5.60e+14  101      0 9.74e-14 9.74e-14 9.96e-13 1.58e-05 5.00e+00 2.68e+04 9.71e+06 9.74e-14 9.74e-14 
5.79e+14  102      0 8.69e-14 8.69e-14 1.90e-12 3.09e-05 9.54e+00 4.97e+04 8.64e+06 8.69e-14 8.69e-14 
5.97e+14  103      0 7.86e-14 7.86e-14 3.11e-10 5.22e-03 1.55e+03 7.86e+06 1.41e-10 7.86e-14 7.86e-14 
6.17e+14  104      0 7.28e-14 7.28e-14 3.40e-10 5.49e-03 1.53e+03 7.28e+06 5.79e-11 7.28e-14 7.28e-14 
6.37e+14  105      0 6.52e-14 6.52e-14 3.25e-10 5.24e-03 1.41e+03 6.52e+06 1.70e-11 6.52e-14 6.52e-14 
6.58e+14  106      0 5.67e-14 5.67e-14 2.93e-10 4.67e-03 1.25e+03 5.67e+06 1.93e-11 5.67e-14 5.67e-14 
6.79e+14  107      0 4.89e-14 4.89e-14 2.34e-10 3.91e-03 1.05e+03 4.89e+06 2.96e-12 4.89e-14 4.89e-14 
7.01e+14  108      0 4.29e-14 4.29e-14 1.95e-10 3.38e-03 8.97e+02 4.29e+06 2.97e-13 4.29e-14 4.29e-14 
7.24e+14  109      0 3.78e-14 3.78e-14 1.96e-10 3.20e-03 8.48e+02 3.78e+06 3.88e-12 3.78e-14 3.78e-14 
7.47e+14  110      0 3.29e-14 3.29e-14 1.36e-10 2.44e-03 6.53e+02 3.29e+06 3.29e-14 3.29e-14 3.29e-14 
7.71e+14  111      0 2.84e-14 2.84e-14 1.47e-10 2.35e-03 6.43e+02 2.84e+06 2.84e-11 2.84e-14 2.84e-14 
7.97e+14  112      0 2.44e-14 2.44e-14 1.11e-10 1.40e-03 3.72e+02 1.35e+06 1.09e+06 2.44e-14 2.44e-14 
8.22e+14  113      0 2.12e-14 2.12e-14 4.73e-07 7.55e+00 2.12e+06 6.96e-08 2.12e-14 2.12e-14 2.12e-14 
8.49e+14  114      0 1.86e-14 1.86e-14 4.04e-07 6.62e+00 1.86e+06 3.54e-08 1.86e-14 1.86e-14 1.86e-14 
8.77e+14  115      0 1.64e-14 1.64e-14 3.50e-07 5.83e+00 1.64e+06 2.22e-08 1.64e-14 1.64e-14 1.64e-14 
9.05e+14  116      0 1.42e-14 1.42e-14 2.82e-07 4.88e+00 1.42e+06 1.52e-08 1.42e-14 1.42e-14 1.42e-14 
9.35e+14  117      0 1.22e-14 1.22e-14 2.22e-07 4.04e+00 1.22e+06 9.75e-09 1.22e-14 1.22e-14 1.22e-14 
9.65e+14  118      0 1.06e-14 1.06e-14 1.85e-07 3.45e+00 1.06e+06 7.46e-09 1.06e-14 1.06e-14 1.06e-14 
9.96e+14  119      0 9.46e-15 9.46e-15 1.62e-07 3.08e+00 9.46e+05 3.97e-09 9.46e-15 9.46e-15 9.46e-15 
1.03e+15  120      0 8.34e-15 8.34e-15 1.35e-07 2.67e+00 8.34e+05 2.19e-09 8.34e-15 8.34e-15 8.34e-15 
1.06e+15  121      0 7.27e-15 7.27e-15 1.03e-07 2.21e+00 7.27e+05 4.64e-10 7.27e-15 7.27e-15 7.27e-15 
1.10e+15  122      0 6.29e-15 6.29e-15 7.88e-08 1.78e+00 6.29e+05 5.54e-10 6.29e-15 6.29e-15 6.29e-15 
1.13e+15  123      0 5.48e-15 5.48e-15 5.61e-08 1.48e+00 5.48e+05 7.43e-13 5.48e-15 5.48e-15 5.48e-15 
1.17e+15  124      0 4.82e-15 4.82e-15 4.73e-08 1.19e+00 4.82e+05 4.29e-10 4.82e-15 4.82e-15 4.82e-15 
1.21e+15  125      0 4.22e-15 4.22e-15 5.75e-08 1.41e+00 4.22e+05 8.81e-12 4.22e-15 4.22e-15 4.22e-15 
1.25e+15  126      0 3.71e-15 3.71e-15 8.30e-08 1.83e+00 3.71e+05 9.33e-11 3.71e-15 3.71e-15 3.71e-15 
1.29e+15  127      0 3.24e-15 3.24e-15 8.08e-08 1.72e+00 3.24e+05 2.41e-10 3.24e-15 3.24e-15 3.24e-15 
1.33e+15  128      0 2.87e-15 2.87e-15 7.16e-08 1.53e+00 2.87e+05 1.95e-10 2.87e-15 2.87e-15 2.87e-15 
1.37e+15  129      0 2.53e-15 2.53e-15 5.86e-08 1.33e+00 2.53e+05 2.87e-11 2.53e-15 2.53e-15 2.53e-15 
1.42e+15  130      0 2.24e-15 2.24e-15 4.80e-08 1.13e+00 2.24e+05 4.13e-11 2.24e-15 2.24e-15 2.24e-15 
1.46e+15  131      0 1.94e-15 1.94e-15 3.64e-08 9.07e-01 1.94e+05 4.83e-11 1.94e-15 1.94e-15 1.94e-15 
1.51e+15  132      0 1.70e-15 1.70e-15 2.82e-08 7.40e-01 1.70e+05 5.21e-11 1.70e-15 1.70e-15 1.70e-15 
1.56e+15  133      0 1.51e-15 1.51e-15 2.27e-08 6.23e-01 1.51e+05 5.23e-11 1.51e-15 1.51e-15 1.51e-15 
1.61e+15  134      0 1.35e-15 1.35e-15 1.85e-08 5.26e-01 1.35e+05 5.52e-11 1.35e-15 1.35e-15 1.35e-15 
1.66e+15  135      0 1.20e-15 1.20e-15 1.46e-08 4.38e-01 1.20e+05 7.26e-11 1.20e-15 1.20e-15 1.20e-15 
1.71e+15  136      0 1.06e-15 1.06e-15 1.13e-08 3.59e-01 1.06e+05 7.19e-11 1.06e-15 1.06e-15 1.06e-15 
1.77e+15  137      0 9.62e-16 9.62e-16 9.37e-09 3.11e-01 9.62e+04 4.94e-11 9.62e-16 9.62e-16 9.62e-16 
1.83e+15  138      0 8.86e-16 8.86e-16 8.18e-09 2.75e-01 8.86e+04 7.23e-11 8.86e-16 8.86e-16 8.86e-16 
1.89e+15  139      0 8.30e-16 8.30e-16 7.38e-09 2.51e-01 8.30e+04 7.11e-11 8.30e-16 8.30e-16 8.30e-16 
1.95e+15  140      0 7.87e-16 7.87e-16 6.80e-09 2.33e-01 7.87e+04 7.04e-11 7.87e-16 7.87e-16 7.87e-16 
2.01e+15  141      0 7.54e-16 7.54e-16 6.44e-09 2.20e-01 7.54e+04 6.97e-11 7.54e-16 7.54e-16 7.54e-16 
2.08e+15  142      0 7.41e-16 7.41e-16 6.53e-09 2.18e-01 7.41e+04 6.20e-11 7.41e-16 7.41e-16 7.41e-16 
2.14e+15  143      0 7.20e-16 7.20e-16 6.37e-09 2.11e-01 7.20e+04 6.21e-11 7.20e-16 7.20e-16 7.20e-16 
2.21e+15  144      0 7.02e-16 7.02e-16 6.20e-09 2.05e-01 7.02e+04 6.31e-11 7.02e-16 7.02e-16 7.02e-16 
2.29e+15  145      0 6.83e-16 6.83e-16 5.97e-09 1.97e-01 6.83e+04 6.40e-11 6.83e-16 6.83e-16 6.83e-16 
2.36e+15  146      0 6.51e-16 6.51e-16 5.37e-09 1.80e-01 6.51e+04 6.90e-11 6.51e-16 6.51e-16 6.51e-16 
2.44e+15  147      0 6.20e-16 6.20e-16 4.87e-09 1.66e-01 6.20e+04 7.14e-11 6.20e-16 6.20e-16 6.20e-16 
2.52e+15  148      0 5.81e-16 5.81e-16 4.25e-09 1.49e-01 5.81e+04 7.20e-11 5.81e-16 5.81e-16 5.81e-16 
2.60e+15  149      0 5.41e-16 5.41e-16 3.68e-09 1.32e-01 5.41e+04 7.64e-11 5.41e-16 5.41e-16 5.41e-16 
2.68e+15  150      0 5.03e-16 5.03e-16 3.22e-09 1.18e-01 5.03e+04 8.55e-11 5.03e-16 5.03e-16 5.03e-16 
2.77e+15  151      0 4.52e-16 4.52e-16 2.55e-09 9.88e-02 4.52e+04 1.06e-10 4.52e-16 4.52e-16 4.52e-16 
2.86e+15  152      0 4.03e-16 4.03e-16 2.01e-09 8.26e-02 4.03e+04 1.27e-10 4.03e-16 4.03e-16 4.03e-16 
2.95e+15  153     -1 0.00e+00 0.00e+00 0.00e+00 0.00e+00 0.00e+00 0.00e+00 0.00e+00 0.00e+00 0.00e+00 
3.05e+15  154     -1 0.00e+00 0.00e+00 0.00e+00 0.00e+00 0.00e+00 0.00e+00 0.00e+00 0.00e+00 0.00e+00 
