       r    i inwind      i01      i02      i03 
2.22e+13    0     -1 0.00e+00 0.00e+00 0.00e+00 
2.30e+13    1      0 1.00e-20 5.28e-01 2.59e+10 
2.37e+13    2      0 1.00e-20 5.71e-01 2.60e+10 
2.45e+13    3      0 1.00e-20 1.19e+00 2.60e+10 
2.53e+13    4      0 1.00e-20 8.95e-01 2.59e+10 
2.61e+13    5      0 1.00e-20 8.49e-01 2.58e+10 
2.69e+13    6      0 1.00e-20 9.63e-01 2.57e+10 
2.78e+13    7      0 1.00e-20 1.49e+00 2.56e+10 
2.87e+13    8      0 1.00e-20 1.07e+00 2.54e+10 
2.96e+13    9      0 1.00e-20 1.45e+00 2.53e+10 
3.06e+13   10      0 1.00e-20 1.36e+00 2.51e+10 
3.16e+13   11      0 1.00e-20 1.44e+00 2.48e+10 
3.26e+13   12      0 1.00e-20 1.70e+00 2.46e+10 
3.37e+13   13      0 1.00e-20 1.49e+00 2.43e+10 
3.48e+13   14      0 1.00e-20 1.79e+00 2.40e+10 
3.59e+13   15      0 1.00e-20 1.50e+00 2.37e+10 
3.71e+13   16      0 1.00e-20 1.51e+00 2.34e+10 
3.83e+13   17      0 1.00e-20 1.91e+00 2.31e+10 
3.95e+13   18      0 1.00e-20 1.70e+00 2.28e+10 
4.08e+13   19      0 1.00e-20 1.56e+00 2.24e+10 
4.21e+13   20      0 1.00e-20 1.78e+00 2.21e+10 
4.35e+13   21      0 1.00e-20 1.59e+00 2.17e+10 
4.49e+13   22      0 1.00e-20 1.65e+00 2.13e+10 
4.64e+13   23      0 1.00e-20 1.89e+00 2.09e+10 
4.79e+13   24      0 1.00e-20 2.06e+00 2.04e+10 
4.94e+13   25      0 1.00e-20 1.64e+00 2.00e+10 
5.10e+13   26      0 1.00e-20 1.52e+00 1.95e+10 
5.27e+13   27      0 1.00e-20 1.47e+00 1.90e+10 
5.44e+13   28      0 1.00e-20 1.50e+00 1.85e+10 
5.62e+13   29      0 1.00e-20 1.47e+00 1.80e+10 
5.80e+13   30      0 1.00e-20 1.69e+00 1.75e+10 
5.99e+13   31      0 1.00e-20 1.57e+00 1.69e+10 
6.18e+13   32      0 1.00e-20 1.56e+00 1.64e+10 
6.38e+13   33      0 1.00e-20 1.81e+00 1.59e+10 
6.59e+13   34      0 1.00e-20 1.68e+00 1.54e+10 
6.80e+13   35      0 1.00e-20 1.65e+00 1.48e+10 
7.02e+13   36      0 1.00e-20 1.41e+00 1.43e+10 
7.25e+13   37      0 1.00e-20 1.36e+00 1.38e+10 
7.49e+13   38      0 1.00e-20 1.50e+00 1.33e+10 
7.73e+13   39      0 1.00e-20 1.58e+00 1.28e+10 
7.98e+13   40      0 1.00e-20 1.45e+00 1.23e+10 
8.24e+13   41      0 1.00e-20 1.38e+00 1.19e+10 
8.51e+13   42      0 1.00e-20 1.52e+00 1.14e+10 
8.78e+13   43      0 1.00e-20 1.52e+00 1.10e+10 
9.07e+13   44      0 1.00e-20 1.50e+00 1.05e+10 
9.36e+13   45      0 1.00e-20 1.48e+00 1.01e+10 
9.67e+13   46      0 1.00e-20 1.41e+00 9.67e+09 
9.98e+13   47      0 1.00e-20 1.33e+00 9.28e+09 
1.03e+14   48      0 1.00e-20 1.47e+00 8.91e+09 
1.06e+14   49      0 1.00e-20 1.41e+00 8.54e+09 
1.10e+14   50      0 1.00e-20 1.32e+00 8.18e+09 
1.13e+14   51      0 1.00e-20 1.42e+00 7.84e+09 
1.17e+14   52      0 1.00e-20 1.41e+00 7.51e+09 
1.21e+14   53      0 1.00e-20 1.48e+00 7.20e+09 
1.25e+14   54      0 1.00e-20 1.43e+00 6.91e+09 
1.29e+14   55      0 1.00e-20 1.46e+00 6.62e+09 
1.33e+14   56      0 1.00e-20 1.48e+00 6.35e+09 
1.37e+14   57      0 1.00e-20 1.52e+00 6.08e+09 
1.42e+14   58      0 1.00e-20 1.57e+00 5.84e+09 
1.46e+14   59      0 1.00e-20 1.58e+00 5.60e+09 
1.51e+14   60      0 1.00e-20 1.61e+00 5.38e+09 
1.56e+14   61      0 1.00e-20 1.67e+00 5.16e+09 
1.61e+14   62      0 1.00e-20 1.77e+00 4.97e+09 
1.66e+14   63      0 1.00e-20 1.79e+00 4.77e+09 
1.72e+14   64      0 1.00e-20 1.83e+00 4.58e+09 
1.77e+14   65      0 1.00e-20 1.90e+00 4.38e+09 
1.83e+14   66      0 1.00e-20 1.98e+00 4.19e+09 
1.89e+14   67      0 1.00e-20 2.09e+00 4.01e+09 
1.95e+14   68      0 1.00e-20 2.17e+00 3.82e+09 
2.02e+14   69      0 1.00e-20 2.22e+00 3.64e+09 
2.08e+14   70      0 1.00e-20 2.27e+00 3.46e+09 
2.15e+14   71      0 1.00e-20 2.38e+00 3.28e+09 
2.22e+14   72      0 1.00e-20 2.45e+00 3.11e+09 
2.29e+14   73      0 1.00e-20 2.48e+00 2.95e+09 
2.37e+14   74      0 1.00e-20 2.51e+00 2.79e+09 
2.44e+14   75      0 1.00e-20 2.60e+00 2.65e+09 
2.52e+14   76      0 1.00e-20 2.79e+00 2.52e+09 
2.60e+14   77      0 1.00e-20 2.88e+00 2.40e+09 
2.69e+14   78      0 1.00e-20 2.89e+00 2.28e+09 
2.78e+14   79      0 1.00e-20 2.97e+00 2.16e+09 
2.87e+14   80      0 2.07e-11 3.11e+00 2.05e+09 
2.96e+14   81      0 2.28e-11 3.28e+00 1.95e+09 
3.05e+14   82      0 2.49e-11 3.41e+00 1.85e+09 
3.15e+14   83      0 2.64e-11 3.45e+00 1.76e+09 
3.26e+14   84      0 2.89e-11 3.60e+00 1.67e+09 
3.36e+14   85      0 3.13e-11 3.72e+00 1.59e+09 
3.47e+14   86      0 3.51e-11 3.96e+00 1.51e+09 
3.58e+14   87      0 3.74e-11 4.04e+00 1.43e+09 
3.70e+14   88      0 3.85e-11 3.98e+00 1.35e+09 
3.82e+14   89      0 4.03e-11 3.96e+00 1.28e+09 
3.94e+14   90      0 4.64e-11 4.36e+00 1.21e+09 
4.07e+14   91      0 4.98e-11 4.48e+00 1.14e+09 
4.20e+14   92      0 5.21e-11 4.52e+00 1.07e+09 
4.34e+14   93      0 5.08e-11 4.20e+00 1.01e+09 
4.48e+14   94      0 5.72e-11 4.53e+00 9.48e+08 
4.63e+14   95      0 6.23e-11 4.75e+00 8.89e+08 
4.78e+14   96      0 6.43e-11 4.73e+00 8.29e+08 
4.93e+14   97      0 6.01e-11 4.25e+00 7.72e+08 
5.09e+14   98      0 6.21e-11 4.22e+00 7.20e+08 
5.26e+14   99      0 7.03e-11 4.63e+00 6.68e+08 
5.43e+14  100      0 6.97e-11 4.46e+00 6.16e+08 
5.60e+14  101      0 6.49e-11 4.05e+00 5.66e+08 
5.79e+14  102      0 6.05e-11 3.68e+00 5.18e+08 
5.97e+14  103      0 6.17e-11 3.70e+00 4.72e+08 
6.17e+14  104      0 6.03e-11 3.57e+00 4.28e+08 
6.37e+14  105      0 5.47e-11 3.22e+00 3.88e+08 
6.58e+14  106      0 5.97e-11 2.94e+00 3.51e+08 
6.79e+14  107      0 7.08e-11 3.13e+00 3.17e+08 
7.01e+14  108      0 5.12e-11 2.53e+00 2.86e+08 
7.24e+14  109      0 5.81e-11 2.59e+00 2.58e+08 
7.47e+14  110      0 6.03e-11 2.50e+00 2.32e+08 
7.71e+14  111      0 5.45e-11 2.25e+00 2.09e+08 
7.97e+14  112      0 5.22e-11 2.12e+00 1.89e+08 
8.22e+14  113      0 4.75e-11 1.92e+00 1.72e+08 
8.49e+14  114      0 4.09e-11 1.67e+00 1.56e+08 
8.77e+14  115      0 3.63e-11 1.48e+00 1.40e+08 
9.05e+14  116      0 3.35e-11 1.34e+00 1.27e+08 
9.35e+14  117      0 3.03e-11 1.19e+00 1.15e+08 
9.65e+14  118      0 2.70e-11 1.05e+00 1.04e+08 
9.96e+14  119      0 2.17e-11 8.63e-01 9.32e+07 
1.03e+15  120      0 1.77e-11 7.38e-01 8.39e+07 
1.06e+15  121      0 1.87e-11 7.41e-01 7.64e+07 
1.10e+15  122      0 1.80e-11 7.04e-01 7.00e+07 
1.13e+15  123      0 1.82e-11 6.94e-01 6.44e+07 
1.17e+15  124      0 1.89e-11 7.00e-01 5.95e+07 
1.21e+15  125      0 1.75e-11 6.48e-01 5.54e+07 
1.25e+15  126      0 1.60e-11 5.94e-01 5.15e+07 
1.29e+15  127      0 1.62e-11 5.88e-01 4.79e+07 
1.33e+15  128      0 1.76e-11 6.15e-01 4.44e+07 
1.37e+15  129      0 1.86e-11 6.29e-01 4.16e+07 
1.42e+15  130      0 1.71e-11 5.81e-01 3.86e+07 
1.46e+15  131      0 1.59e-11 5.45e-01 3.54e+07 
1.51e+15  132      0 1.53e-11 5.26e-01 3.22e+07 
1.56e+15  133      0 1.49e-11 5.15e-01 2.91e+07 
1.61e+15  134      0 1.43e-11 5.03e-01 2.61e+07 
1.66e+15  135      0 1.45e-11 5.17e-01 2.33e+07 
1.71e+15  136      0 1.55e-11 5.54e-01 2.08e+07 
1.77e+15  137      0 1.54e-11 5.65e-01 1.83e+07 
1.83e+15  138      0 1.48e-11 5.62e-01 1.61e+07 
1.89e+15  139      0 1.51e-11 5.87e-01 1.42e+07 
1.95e+15  140      0 1.69e-11 6.61e-01 1.27e+07 
2.01e+15  141      0 1.83e-11 7.30e-01 1.13e+07 
2.08e+15  142      0 1.86e-11 7.63e-01 9.96e+06 
2.14e+15  143      0 1.99e-11 8.30e-01 9.00e+06 
2.21e+15  144      0 2.39e-11 9.80e-01 8.29e+06 
2.29e+15  145      0 2.79e-11 1.13e+00 7.73e+06 
2.36e+15  146      0 3.04e-11 1.21e+00 7.24e+06 
2.44e+15  147      0 3.04e-11 1.21e+00 6.83e+06 
2.52e+15  148      0 3.19e-11 1.22e+00 6.53e+06 
2.60e+15  149      0 3.11e-11 1.16e+00 6.32e+06 
2.68e+15  150      0 2.73e-11 9.91e-01 6.20e+06 
2.77e+15  151      0 2.51e-11 8.66e-01 6.23e+06 
2.86e+15  152      0 2.25e-11 7.43e-01 6.28e+06 
2.95e+15  153     -1 0.00e+00 0.00e+00 0.00e+00 
3.05e+15  154     -1 0.00e+00 0.00e+00 0.00e+00 
