       r    i inwind      i01      i02      i03      i04      i05      i06      i07      i08      i09 
2.22e+13    0     -1 0.00e+00 0.00e+00 0.00e+00 0.00e+00 0.00e+00 0.00e+00 0.00e+00 0.00e+00 0.00e+00 
2.30e+13    1      0 2.26e-12 2.26e-12 2.26e-12 2.26e-12 5.49e-07 8.86e+00 2.26e+08 1.83e-10 2.26e-12 
2.37e+13    2      0 2.26e-12 2.26e-12 2.26e-12 2.26e-12 1.88e-06 1.76e+01 2.26e+08 2.10e-11 2.26e-12 
2.45e+13    3      0 2.26e-12 2.26e-12 2.26e-12 2.26e-12 4.19e-06 2.74e+01 2.26e+08 4.54e-12 2.26e-12 
2.53e+13    4      0 2.26e-12 2.26e-12 2.26e-12 2.26e-12 7.97e-06 3.89e+01 2.26e+08 2.26e-12 2.26e-12 
2.61e+13    5      0 2.25e-12 2.25e-12 2.25e-12 2.25e-12 1.36e-05 5.19e+01 2.25e+08 2.25e-12 2.25e-12 
2.69e+13    6      0 2.24e-12 2.24e-12 2.24e-12 2.24e-12 2.20e-05 6.72e+01 2.24e+08 2.24e-12 2.24e-12 
2.78e+13    7      0 2.23e-12 2.23e-12 2.23e-12 2.23e-12 3.35e-05 8.37e+01 2.23e+08 2.23e-12 2.23e-12 
2.87e+13    8      0 2.22e-12 2.22e-12 2.22e-12 2.22e-12 4.91e-05 1.02e+02 2.22e+08 2.22e-12 2.22e-12 
2.96e+13    9      0 2.20e-12 2.20e-12 2.20e-12 2.50e-12 6.92e-05 1.22e+02 2.20e+08 2.20e-12 2.20e-12 
3.06e+13   10      0 2.18e-12 2.18e-12 2.18e-12 3.84e-12 9.44e-05 1.43e+02 2.18e+08 2.18e-12 2.18e-12 
3.16e+13   11      0 2.16e-12 2.16e-12 2.16e-12 5.51e-12 1.22e-04 1.62e+02 2.16e+08 2.16e-12 2.16e-12 
3.26e+13   12      0 2.14e-12 2.14e-12 2.14e-12 7.82e-12 1.57e-04 1.84e+02 2.14e+08 2.14e-12 2.14e-12 
3.37e+13   13      0 2.12e-12 2.12e-12 2.12e-12 1.05e-11 1.92e-04 2.02e+02 2.12e+08 2.12e-12 2.12e-12 
3.48e+13   14      0 2.09e-12 2.09e-12 2.09e-12 1.36e-11 2.30e-04 2.19e+02 2.09e+08 2.09e-12 2.09e-12 
3.59e+13   15      0 2.07e-12 2.07e-12 2.07e-12 1.74e-11 2.72e-04 2.37e+02 2.07e+08 2.07e-12 2.07e-12 
3.71e+13   16      0 2.04e-12 2.04e-12 2.04e-12 2.13e-11 3.13e-04 2.53e+02 2.04e+08 2.04e-12 2.04e-12 
3.83e+13   17      0 2.01e-12 2.01e-12 2.01e-12 2.56e-11 3.53e-04 2.66e+02 2.01e+08 2.01e-12 2.01e-12 
3.95e+13   18      0 1.99e-12 1.99e-12 1.99e-12 3.00e-11 3.91e-04 2.76e+02 1.99e+08 1.99e-12 1.99e-12 
4.08e+13   19      0 1.96e-12 1.96e-12 1.96e-12 3.47e-11 4.29e-04 2.86e+02 1.96e+08 1.96e-12 1.96e-12 
4.21e+13   20      0 1.92e-12 1.92e-12 1.92e-12 3.99e-11 4.69e-04 2.95e+02 1.92e+08 1.92e-12 1.92e-12 
4.35e+13   21      0 1.89e-12 1.89e-12 1.89e-12 4.48e-11 5.03e-04 3.01e+02 1.89e+08 1.89e-12 1.89e-12 
4.49e+13   22      0 1.86e-12 1.86e-12 1.86e-12 4.94e-11 5.34e-04 3.06e+02 1.86e+08 1.86e-12 1.86e-12 
4.64e+13   23      0 1.82e-12 1.82e-12 1.82e-12 5.48e-11 5.70e-04 3.13e+02 1.82e+08 1.82e-12 1.82e-12 
4.79e+13   24      0 1.78e-12 1.78e-12 1.78e-12 6.00e-11 6.01e-04 3.16e+02 1.78e+08 1.78e-12 1.78e-12 
4.94e+13   25      0 1.74e-12 1.74e-12 1.74e-12 6.45e-11 6.23e-04 3.16e+02 1.74e+08 1.74e-12 1.74e-12 
5.10e+13   26      0 1.70e-12 1.70e-12 1.70e-12 7.01e-11 6.54e-04 3.18e+02 1.70e+08 1.70e-12 1.70e-12 
5.27e+13   27      0 1.66e-12 1.66e-12 1.66e-12 7.59e-11 6.85e-04 3.21e+02 1.66e+08 1.66e-12 1.66e-12 
5.44e+13   28      0 1.61e-12 1.61e-12 1.61e-12 8.29e-11 7.22e-04 3.24e+02 1.61e+08 1.61e-12 1.61e-12 
5.62e+13   29      0 1.57e-12 1.57e-12 1.57e-12 8.94e-11 7.51e-04 3.24e+02 1.57e+08 1.57e-12 1.57e-12 
5.80e+13   30      0 1.52e-12 1.52e-12 1.52e-12 9.83e-11 7.98e-04 3.30e+02 1.52e+08 1.52e-12 1.52e-12 
5.99e+13   31      0 1.48e-12 1.48e-12 1.48e-12 1.05e-10 8.24e-04 3.28e+02 1.48e+08 1.48e-12 1.48e-12 
6.18e+13   32      0 1.43e-12 1.43e-12 1.43e-12 1.14e-10 8.60e-04 3.28e+02 1.43e+08 1.43e-12 1.43e-12 
6.38e+13   33      0 1.38e-12 1.38e-12 1.38e-12 1.25e-10 9.12e-04 3.33e+02 1.38e+08 1.38e-12 1.38e-12 
6.59e+13   34      0 1.34e-12 1.34e-12 1.34e-12 1.34e-10 9.46e-04 3.32e+02 1.34e+08 1.34e-12 1.34e-12 
6.80e+13   35      0 1.29e-12 1.29e-12 1.29e-12 1.49e-10 1.02e-03 3.38e+02 1.29e+08 1.29e-12 1.29e-12 
7.02e+13   36      0 1.25e-12 1.25e-12 1.25e-12 1.63e-10 1.07e-03 3.42e+02 1.25e+08 1.25e-12 1.25e-12 
7.25e+13   37      0 1.20e-12 1.20e-12 1.20e-12 1.78e-10 1.13e-03 3.44e+02 1.20e+08 1.20e-12 1.20e-12 
7.49e+13   38      0 1.16e-12 1.16e-12 1.16e-12 1.95e-10 1.19e-03 3.45e+02 1.16e+08 1.16e-12 1.16e-12 
7.73e+13   39      0 1.12e-12 1.12e-12 1.12e-12 2.11e-10 1.24e-03 3.46e+02 1.12e+08 1.12e-12 1.12e-12 
7.98e+13   40      0 1.08e-12 1.08e-12 1.08e-12 2.33e-10 1.32e-03 3.49e+02 1.08e+08 1.08e-12 1.08e-12 
8.24e+13   41      0 1.03e-12 1.03e-12 1.03e-12 2.54e-10 1.39e-03 3.50e+02 1.03e+08 1.03e-12 1.03e-12 
8.51e+13   42      0 9.93e-13 9.93e-13 9.93e-13 2.79e-10 1.47e-03 3.54e+02 9.93e+07 9.93e-13 9.93e-13 
8.78e+13   43      0 9.54e-13 9.54e-13 9.54e-13 3.07e-10 1.56e-03 3.55e+02 9.54e+07 9.54e-13 9.54e-13 
9.07e+13   44      0 9.16e-13 9.16e-13 9.16e-13 3.45e-10 1.68e-03 3.64e+02 9.16e+07 9.16e-13 9.16e-13 
9.36e+13   45      0 8.79e-13 8.79e-13 8.79e-13 3.82e-10 1.80e-03 3.70e+02 8.79e+07 8.79e-13 8.79e-13 
9.67e+13   46      0 8.43e-13 8.43e-13 8.43e-13 4.24e-10 1.92e-03 3.74e+02 8.43e+07 8.43e-13 8.43e-13 
9.98e+13   47      0 8.08e-13 8.08e-13 8.08e-13 4.71e-10 2.04e-03 3.76e+02 8.08e+07 8.08e-13 8.08e-13 
1.03e+14   48      0 7.76e-13 7.76e-13 7.76e-13 5.34e-10 2.22e-03 3.86e+02 7.76e+07 7.76e-13 7.76e-13 
1.06e+14   49      0 7.44e-13 7.44e-13 7.44e-13 6.05e-10 2.40e-03 3.93e+02 7.44e+07 7.44e-13 7.44e-13 
1.10e+14   50      0 7.13e-13 7.13e-13 7.13e-13 6.81e-10 2.59e-03 4.00e+02 7.13e+07 7.13e-13 7.13e-13 
1.13e+14   51      0 6.83e-13 6.83e-13 6.83e-13 7.52e-10 2.74e-03 4.02e+02 6.83e+07 6.83e-13 6.83e-13 
1.17e+14   52      0 6.54e-13 6.54e-13 6.54e-13 8.56e-10 2.98e-03 4.12e+02 6.54e+07 6.54e-13 6.54e-13 
1.21e+14   53      0 6.27e-13 6.27e-13 6.27e-13 9.90e-10 3.29e-03 4.25e+02 6.27e+07 6.27e-13 6.27e-13 
1.25e+14   54      0 6.02e-13 6.02e-13 6.02e-13 1.16e-09 3.68e-03 4.44e+02 6.02e+07 6.02e-13 6.02e-13 
1.29e+14   55      0 5.77e-13 5.77e-13 5.77e-13 1.33e-09 4.00e-03 4.53e+02 5.77e+07 5.77e-13 5.77e-13 
1.33e+14   56      0 5.53e-13 5.53e-13 5.53e-13 1.52e-09 4.34e-03 4.59e+02 5.53e+07 5.53e-13 5.53e-13 
1.37e+14   57      0 5.30e-13 5.30e-13 5.30e-13 1.77e-09 4.80e-03 4.73e+02 5.30e+07 5.30e-13 5.30e-13 
1.42e+14   58      0 5.08e-13 5.08e-13 5.08e-13 2.07e-09 5.32e-03 4.90e+02 5.08e+07 5.08e-13 5.08e-13 
1.46e+14   59      0 4.88e-13 4.88e-13 4.88e-13 2.49e-09 6.08e-03 5.20e+02 4.88e+07 4.88e-13 4.88e-13 
1.51e+14   60      0 4.68e-13 4.68e-13 4.68e-13 2.94e-09 6.76e-03 5.35e+02 4.68e+07 4.68e-13 4.68e-13 
1.56e+14   61      0 4.50e-13 4.50e-13 4.50e-13 3.58e-09 7.78e-03 5.68e+02 4.50e+07 4.50e-13 4.50e-13 
1.61e+14   62      0 4.33e-13 4.33e-13 4.33e-13 4.50e-09 9.21e-03 6.25e+02 4.33e+07 4.33e-13 4.33e-13 
1.66e+14   63      0 4.16e-13 4.16e-13 4.16e-13 5.46e-09 1.05e-02 6.60e+02 4.16e+07 4.16e-13 4.16e-13 
1.72e+14   64      0 3.99e-13 3.99e-13 3.99e-13 6.33e-09 1.16e-02 6.77e+02 3.99e+07 3.99e-13 3.99e-13 
1.77e+14   65      0 3.82e-13 3.82e-13 3.82e-13 7.28e-09 1.26e-02 6.86e+02 3.82e+07 3.82e-13 3.82e-13 
1.83e+14   66      0 3.65e-13 3.65e-13 3.65e-13 8.78e-09 1.43e-02 7.20e+02 3.65e+07 3.65e-13 3.65e-13 
1.89e+14   67      0 3.49e-13 3.49e-13 3.49e-13 1.06e-08 1.63e-02 7.60e+02 3.49e+07 3.49e-13 3.49e-13 
1.95e+14   68      0 3.33e-13 3.33e-13 3.33e-13 1.23e-08 1.80e-02 7.81e+02 3.33e+07 3.33e-13 3.33e-13 
2.02e+14   69      0 3.17e-13 3.17e-13 3.17e-13 1.46e-08 2.01e-02 8.08e+02 3.17e+07 3.17e-13 3.17e-13 
2.08e+14   70      0 3.01e-13 3.01e-13 3.01e-13 1.71e-08 2.23e-02 8.34e+02 3.01e+07 3.01e-13 3.01e-13 
2.15e+14   71      0 2.86e-13 2.86e-13 2.86e-13 1.99e-08 2.46e-02 8.57e+02 2.86e+07 2.86e-13 2.86e-13 
2.22e+14   72      0 2.71e-13 2.71e-13 2.71e-13 2.35e-08 2.76e-02 8.90e+02 2.71e+07 2.71e-13 2.71e-13 
2.29e+14   73      0 2.57e-13 2.57e-13 2.57e-13 2.63e-08 2.93e-02 8.89e+02 2.57e+07 2.57e-13 2.57e-13 
2.37e+14   74      0 2.43e-13 2.43e-13 2.43e-13 3.15e-08 3.33e-02 9.33e+02 2.43e+07 2.43e-13 2.43e-13 
2.44e+14   75      0 2.31e-13 2.31e-13 2.31e-13 3.69e-08 3.69e-02 9.61e+02 2.31e+07 2.31e-13 2.31e-13 
2.52e+14   76      0 2.20e-13 2.20e-13 2.20e-13 4.22e-08 4.00e-02 9.74e+02 2.20e+07 2.20e-13 2.20e-13 
2.60e+14   77      0 2.09e-13 2.09e-13 2.09e-13 5.22e-08 4.68e-02 1.05e+03 2.09e+07 2.09e-13 2.09e-13 
2.69e+14   78      0 1.99e-13 1.99e-13 1.99e-13 5.81e-08 4.92e-02 1.02e+03 1.99e+07 1.99e-13 1.99e-13 
2.78e+14   79      0 1.88e-13 1.88e-13 1.88e-13 7.04e-08 5.67e-02 1.11e+03 1.88e+07 1.88e-13 1.88e-13 
2.87e+14   80      0 1.79e-13 1.79e-13 1.79e-13 7.59e-08 5.78e-02 1.05e+03 1.79e+07 1.79e-13 1.79e-13 
2.96e+14   81      0 1.70e-13 1.70e-13 1.70e-13 9.07e-08 6.52e-02 1.10e+03 1.70e+07 1.70e-13 1.70e-13 
3.05e+14   82      0 1.61e-13 1.61e-13 1.61e-13 1.13e-07 7.69e-02 1.20e+03 1.61e+07 1.61e-13 1.61e-13 
3.15e+14   83      0 1.53e-13 1.53e-13 1.53e-13 1.28e-07 8.30e-02 1.22e+03 1.53e+07 1.53e-13 1.53e-13 
3.26e+14   84      0 1.45e-13 1.45e-13 1.45e-13 1.45e-07 8.86e-02 1.22e+03 1.45e+07 1.45e-13 1.45e-13 
3.36e+14   85      0 1.38e-13 1.38e-13 1.38e-13 1.72e-07 1.00e-01 1.28e+03 1.38e+07 1.38e-13 1.38e-13 
3.47e+14   86      0 1.31e-13 1.31e-13 1.31e-13 2.08e-07 1.14e-01 1.36e+03 1.31e+07 1.31e-13 1.31e-13 
3.58e+14   87      0 1.24e-13 1.24e-13 1.24e-13 2.43e-07 1.27e-01 1.41e+03 1.24e+07 1.24e-13 1.24e-13 
3.70e+14   88      0 1.18e-13 1.18e-13 1.18e-13 2.76e-07 1.37e-01 1.44e+03 1.18e+07 1.18e-13 1.18e-13 
3.82e+14   89      0 1.11e-13 1.11e-13 1.11e-13 3.08e-07 1.46e-01 1.42e+03 1.11e+07 1.11e-13 1.11e-13 
3.94e+14   90      0 1.05e-13 1.05e-13 1.05e-13 3.69e-07 1.65e-01 1.50e+03 1.05e+07 1.05e-13 1.05e-13 
4.07e+14   91      0 9.91e-14 9.91e-14 9.91e-14 4.30e-07 1.83e-01 1.57e+03 9.91e+06 9.91e-14 9.91e-14 
4.20e+14   92      0 9.30e-14 9.30e-14 9.30e-14 4.24e-07 1.74e-01 1.43e+03 9.30e+06 9.30e-14 9.30e-14 
4.34e+14   93      0 8.76e-14 8.76e-14 8.76e-14 5.14e-07 2.02e-01 1.56e+03 8.76e+06 8.76e-14 8.76e-14 
4.48e+14   94      0 8.25e-14 8.25e-14 8.25e-14 5.63e-07 2.10e-01 1.53e+03 8.25e+06 8.25e-14 8.25e-14 
4.63e+14   95      0 7.74e-14 7.74e-14 7.74e-14 6.37e-07 2.27e-01 1.58e+03 7.74e+06 7.74e-14 7.74e-14 
4.78e+14   96      0 7.22e-14 7.22e-14 7.22e-14 6.53e-07 2.25e-01 1.51e+03 7.22e+06 7.22e-14 7.22e-14 
4.93e+14   97      0 6.73e-14 6.73e-14 6.73e-14 6.94e-07 2.33e-01 1.49e+03 6.73e+06 6.73e-14 6.73e-14 
5.09e+14   98      0 6.27e-14 6.27e-14 7.32e-14 8.07e-07 2.59e-01 1.56e+03 6.27e+06 6.27e-14 6.27e-14 
5.26e+14   99      0 5.82e-14 5.82e-14 8.10e-14 8.54e-07 2.62e-01 1.50e+03 5.82e+06 5.82e-14 5.82e-14 
5.43e+14  100      0 5.37e-14 5.37e-14 8.77e-14 9.13e-07 2.75e-01 1.53e+03 5.37e+06 5.37e-14 5.37e-14 
5.60e+14  101      0 4.93e-14 4.93e-14 8.25e-14 8.52e-07 2.52e-01 1.39e+03 4.93e+06 4.93e-14 4.93e-14 
5.79e+14  102      0 4.51e-14 4.51e-14 8.63e-14 8.94e-07 2.62e-01 1.40e+03 4.51e+06 4.51e-14 4.51e-14 
5.97e+14  103      0 4.11e-14 4.11e-14 8.71e-14 8.88e-07 2.57e-01 1.36e+03 4.11e+06 4.11e-14 4.11e-14 
6.17e+14  104      0 3.73e-14 3.73e-14 8.18e-14 8.32e-07 2.40e-01 1.26e+03 3.73e+06 3.73e-14 3.73e-14 
6.37e+14  105      0 3.38e-14 3.38e-14 7.11e-14 7.25e-07 2.10e-01 1.11e+03 3.38e+06 3.38e-14 3.38e-14 
6.58e+14  106      0 3.06e-14 3.06e-14 5.78e-14 6.39e-07 1.93e-01 1.07e+03 3.06e+06 3.06e-14 3.06e-14 
6.79e+14  107      0 2.76e-14 2.76e-14 3.23e-14 4.83e-07 1.64e-01 1.08e+03 2.76e+06 2.76e-14 2.76e-14 
7.01e+14  108      0 2.49e-14 2.49e-14 4.43e-14 4.90e-07 1.55e-01 9.21e+02 2.49e+06 2.49e-14 2.49e-14 
7.24e+14  109      0 2.25e-14 2.25e-14 1.40e-12 2.09e-05 7.20e+00 3.76e+04 2.21e+06 2.25e-14 2.25e-14 
7.47e+14  110      0 2.02e-14 2.02e-14 3.00e-07 5.59e+00 2.02e+06 1.51e-07 2.02e-14 2.02e-14 2.02e-14 
7.71e+14  111      0 1.82e-14 1.82e-14 5.38e-11 1.01e-03 3.57e+02 1.82e+06 1.43e-10 1.82e-14 1.82e-14 
7.97e+14  112      0 1.65e-14 1.65e-14 2.30e-07 4.57e+00 1.65e+06 2.85e-08 1.65e-14 1.65e-14 1.65e-14 
8.22e+14  113      0 1.50e-14 1.50e-14 2.07e-07 4.15e+00 1.50e+06 2.30e-08 1.50e-14 1.50e-14 1.50e-14 
8.49e+14  114      0 1.36e-14 1.36e-14 1.83e-07 3.68e+00 1.36e+06 3.16e-08 1.36e-14 1.36e-14 1.36e-14 
8.77e+14  115      0 1.22e-14 1.22e-14 1.56e-07 3.26e+00 1.22e+06 1.67e-08 1.22e-14 1.22e-14 1.22e-14 
9.05e+14  116      0 1.11e-14 1.11e-14 1.30e-07 2.89e+00 1.11e+06 3.54e-09 1.11e-14 1.11e-14 1.11e-14 
9.35e+14  117      0 1.00e-14 1.00e-14 1.06e-07 2.53e+00 1.00e+06 9.84e-10 1.00e-14 1.00e-14 1.00e-14 
9.65e+14  118      0 9.05e-15 9.05e-15 8.42e-08 2.18e+00 9.05e+05 1.53e-10 9.05e-15 9.05e-15 9.05e-15 
9.96e+14  119      0 8.12e-15 8.12e-15 6.61e-08 1.81e+00 8.12e+05 2.42e-10 8.12e-15 8.12e-15 8.12e-15 
1.03e+15  120      0 7.31e-15 7.31e-15 6.80e-11 1.64e-03 5.80e+02 7.30e+05 1.43e-12 7.31e-15 7.31e-15 
1.06e+15  121      0 6.65e-15 6.65e-15 1.06e-07 2.82e+00 6.65e+05 3.55e-11 6.65e-15 6.65e-15 6.65e-15 
1.10e+15  122      0 6.10e-15 1.78e-11 2.13e-02 6.10e+05 3.50e-05 6.10e-15 6.10e-15 6.10e-15 6.10e-15 
1.13e+15  123      0 5.61e-15 1.69e-11 2.07e-02 5.61e+05 1.44e-05 5.61e-15 5.61e-15 5.61e-15 5.61e-15 
1.17e+15  124      0 5.19e-15 1.56e-11 1.99e-02 5.19e+05 4.09e-06 5.19e-15 5.19e-15 5.19e-15 5.19e-15 
1.21e+15  125      0 4.82e-15 1.51e-11 1.89e-02 4.82e+05 5.86e-06 4.82e-15 4.82e-15 4.82e-15 4.82e-15 
1.25e+15  126      0 4.49e-15 1.52e-11 1.81e-02 4.49e+05 1.32e-05 4.49e-15 4.49e-15 4.49e-15 4.49e-15 
1.29e+15  127      0 4.17e-15 1.53e-11 1.80e-02 4.17e+05 9.87e-06 4.17e-15 4.17e-15 4.17e-15 4.17e-15 
1.33e+15  128      0 3.87e-15 1.50e-11 1.81e-02 3.87e+05 2.70e-06 3.87e-15 3.87e-15 3.87e-15 3.87e-15 
1.37e+15  129      0 3.62e-15 1.37e-11 1.79e-02 3.62e+05 9.46e-07 3.62e-15 3.62e-15 3.62e-15 3.62e-15 
1.42e+15  130      0 3.36e-15 1.32e-11 1.68e-02 3.36e+05 1.82e-06 3.36e-15 3.36e-15 3.36e-15 3.36e-15 
1.46e+15  131      0 3.08e-15 1.26e-11 1.59e-02 3.08e+05 2.52e-06 3.08e-15 3.08e-15 3.08e-15 3.08e-15 
1.51e+15  132      0 2.80e-15 1.19e-11 1.51e-02 2.80e+05 2.02e-06 2.80e-15 2.80e-15 2.80e-15 2.80e-15 
1.56e+15  133      0 2.53e-15 1.13e-11 1.45e-02 2.53e+05 1.59e-06 2.53e-15 2.53e-15 2.53e-15 2.53e-15 
1.61e+15  134      0 2.27e-15 1.08e-11 1.39e-02 2.27e+05 1.55e-06 2.27e-15 2.27e-15 2.27e-15 2.27e-15 
1.66e+15  135      0 2.03e-15 1.09e-11 1.40e-02 2.03e+05 1.33e-06 2.03e-15 2.03e-15 2.03e-15 2.03e-15 
1.71e+15  136      0 1.81e-15 1.09e-11 1.42e-02 1.81e+05 7.43e-07 1.81e-15 1.81e-15 1.81e-15 1.81e-15 
1.77e+15  137      0 1.59e-15 1.03e-11 1.37e-02 1.59e+05 4.12e-07 1.59e-15 1.59e-15 1.59e-15 1.59e-15 
1.83e+15  138      0 1.40e-15 9.61e-12 1.31e-02 1.40e+05 3.14e-07 1.40e-15 1.40e-15 1.40e-15 1.40e-15 
1.89e+15  139      0 1.24e-15 9.53e-12 1.31e-02 1.24e+05 2.89e-07 1.24e-15 1.24e-15 1.24e-15 1.24e-15 
1.95e+15  140      0 1.11e-15 1.02e-11 1.38e-02 1.11e+05 1.78e-07 1.11e-15 1.11e-15 1.11e-15 1.11e-15 
2.01e+15  141      0 9.83e-16 1.08e-11 1.46e-02 9.83e+04 1.14e-07 9.83e-16 9.83e-16 9.83e-16 9.83e-16 
2.08e+15  142      0 8.68e-16 1.07e-11 1.46e-02 8.68e+04 9.71e-08 8.68e-16 8.68e-16 8.68e-16 8.68e-16 
2.14e+15  143      0 7.84e-16 1.14e-11 1.53e-02 7.84e+04 1.17e-07 7.84e-16 7.84e-16 7.84e-16 7.84e-16 
2.21e+15  144      0 7.22e-16 1.28e-11 1.68e-02 7.22e+04 5.99e-08 7.22e-16 7.22e-16 7.22e-16 7.22e-16 
2.29e+15  145      0 6.73e-16 1.46e-11 1.83e-02 6.73e+04 5.42e-08 6.73e-16 6.73e-16 6.73e-16 6.73e-16 
2.36e+15  146      0 6.31e-16 1.51e-11 1.86e-02 6.31e+04 2.50e-08 6.31e-16 6.31e-16 6.31e-16 6.31e-16 
2.44e+15  147      0 5.95e-16 1.50e-11 1.82e-02 5.95e+04 2.79e-08 5.95e-16 5.95e-16 5.95e-16 5.95e-16 
2.52e+15  148      0 5.69e-16 1.50e-11 1.80e-02 5.69e+04 1.06e-08 5.69e-16 5.69e-16 5.69e-16 5.69e-16 
2.60e+15  149      0 5.50e-16 1.48e-11 1.73e-02 5.50e+04 1.05e-08 5.50e-16 5.50e-16 5.50e-16 5.50e-16 
2.68e+15  150      0 5.40e-16 1.43e-11 1.61e-02 5.40e+04 1.71e-08 5.40e-16 5.40e-16 5.40e-16 5.40e-16 
2.77e+15  151      0 5.43e-16 1.39e-11 1.52e-02 5.43e+04 1.22e-08 5.43e-16 5.43e-16 5.43e-16 5.43e-16 
2.86e+15  152      0 5.47e-16 1.51e-11 1.59e-02 5.47e+04 1.25e-08 5.47e-16 5.47e-16 5.47e-16 5.47e-16 
2.95e+15  153     -1 0.00e+00 0.00e+00 0.00e+00 0.00e+00 0.00e+00 0.00e+00 0.00e+00 0.00e+00 0.00e+00 
3.05e+15  154     -1 0.00e+00 0.00e+00 0.00e+00 0.00e+00 0.00e+00 0.00e+00 0.00e+00 0.00e+00 0.00e+00 
