       r    i inwind      i01      i02      i03 
2.22e+13    0     -1 0.00e+00 0.00e+00 0.00e+00 
2.30e+13    1      0 3.85e-31 2.03e-11 1.00e+00 
2.37e+13    2      0 3.85e-31 2.20e-11 1.00e+00 
2.45e+13    3      0 3.85e-31 4.57e-11 1.00e+00 
2.53e+13    4      0 3.86e-31 3.46e-11 1.00e+00 
2.61e+13    5      0 3.87e-31 3.29e-11 1.00e+00 
2.69e+13    6      0 3.89e-31 3.74e-11 1.00e+00 
2.78e+13    7      0 3.91e-31 5.84e-11 1.00e+00 
2.87e+13    8      0 3.93e-31 4.22e-11 1.00e+00 
2.96e+13    9      0 3.96e-31 5.75e-11 1.00e+00 
3.06e+13   10      0 3.99e-31 5.41e-11 1.00e+00 
3.16e+13   11      0 4.02e-31 5.80e-11 1.00e+00 
3.26e+13   12      0 4.07e-31 6.89e-11 1.00e+00 
3.37e+13   13      0 4.11e-31 6.13e-11 1.00e+00 
3.48e+13   14      0 4.16e-31 7.45e-11 1.00e+00 
3.59e+13   15      0 4.21e-31 6.30e-11 1.00e+00 
3.71e+13   16      0 4.27e-31 6.43e-11 1.00e+00 
3.83e+13   17      0 4.32e-31 8.25e-11 1.00e+00 
3.95e+13   18      0 4.39e-31 7.46e-11 1.00e+00 
4.08e+13   19      0 4.45e-31 6.93e-11 1.00e+00 
4.21e+13   20      0 4.53e-31 8.07e-11 1.00e+00 
4.35e+13   21      0 4.60e-31 7.33e-11 1.00e+00 
4.49e+13   22      0 4.69e-31 7.75e-11 1.00e+00 
4.64e+13   23      0 4.79e-31 9.06e-11 1.00e+00 
4.79e+13   24      0 4.89e-31 1.01e-10 1.00e+00 
4.94e+13   25      0 5.01e-31 8.21e-11 1.00e+00 
5.10e+13   26      0 5.13e-31 7.78e-11 1.00e+00 
5.27e+13   27      0 5.26e-31 7.75e-11 1.00e+00 
5.44e+13   28      0 5.40e-31 8.10e-11 1.00e+00 
5.62e+13   29      0 5.56e-31 8.19e-11 1.00e+00 
5.80e+13   30      0 5.73e-31 9.68e-11 1.00e+00 
5.99e+13   31      0 5.90e-31 9.27e-11 1.00e+00 
6.18e+13   32      0 6.09e-31 9.47e-11 1.00e+00 
6.38e+13   33      0 6.29e-31 1.14e-10 1.00e+00 
6.59e+13   34      0 6.50e-31 1.09e-10 1.00e+00 
6.80e+13   35      0 6.74e-31 1.11e-10 1.00e+00 
7.02e+13   36      0 6.98e-31 9.81e-11 1.00e+00 
7.25e+13   37      0 7.24e-31 9.86e-11 1.00e+00 
7.49e+13   38      0 7.51e-31 1.12e-10 1.00e+00 
7.73e+13   39      0 7.80e-31 1.23e-10 1.00e+00 
7.98e+13   40      0 8.10e-31 1.17e-10 1.00e+00 
8.24e+13   41      0 8.42e-31 1.16e-10 1.00e+00 
8.51e+13   42      0 8.77e-31 1.33e-10 1.00e+00 
8.78e+13   43      0 9.13e-31 1.38e-10 1.00e+00 
9.07e+13   44      0 9.51e-31 1.43e-10 1.00e+00 
9.36e+13   45      0 9.91e-31 1.47e-10 1.00e+00 
9.67e+13   46      0 1.03e-30 1.46e-10 1.00e+00 
9.98e+13   47      0 1.08e-30 1.44e-10 1.00e+00 
1.03e+14   48      0 1.12e-30 1.65e-10 1.00e+00 
1.06e+14   49      0 1.17e-30 1.65e-10 1.00e+00 
1.10e+14   50      0 1.22e-30 1.62e-10 1.00e+00 
1.13e+14   51      0 1.28e-30 1.81e-10 1.00e+00 
1.17e+14   52      0 1.33e-30 1.88e-10 1.00e+00 
1.21e+14   53      0 1.39e-30 2.05e-10 1.00e+00 
1.25e+14   54      0 1.45e-30 2.07e-10 1.00e+00 
1.29e+14   55      0 1.51e-30 2.21e-10 1.00e+00 
1.33e+14   56      0 1.58e-30 2.34e-10 1.00e+00 
1.37e+14   57      0 1.64e-30 2.50e-10 1.00e+00 
1.42e+14   58      0 1.71e-30 2.69e-10 1.00e+00 
1.46e+14   59      0 1.79e-30 2.83e-10 1.00e+00 
1.51e+14   60      0 1.86e-30 3.00e-10 1.00e+00 
1.56e+14   61      0 1.94e-30 3.23e-10 1.00e+00 
1.61e+14   62      0 2.01e-30 3.56e-10 1.00e+00 
1.66e+14   63      0 2.09e-30 3.75e-10 1.00e+00 
1.72e+14   64      0 2.18e-30 4.00e-10 1.00e+00 
1.77e+14   65      0 2.28e-30 4.33e-10 1.00e+00 
1.83e+14   66      0 2.38e-30 4.71e-10 1.00e+00 
1.89e+14   67      0 2.50e-30 5.22e-10 1.00e+00 
1.95e+14   68      0 2.62e-30 5.67e-10 1.00e+00 
2.02e+14   69      0 2.75e-30 6.09e-10 1.00e+00 
2.08e+14   70      0 2.89e-30 6.57e-10 1.00e+00 
2.15e+14   71      0 3.05e-30 7.24e-10 1.00e+00 
2.22e+14   72      0 3.22e-30 7.86e-10 1.00e+00 
2.29e+14   73      0 3.39e-30 8.41e-10 1.00e+00 
2.37e+14   74      0 3.58e-30 9.01e-10 1.00e+00 
2.44e+14   75      0 3.77e-30 9.80e-10 1.00e+00 
2.52e+14   76      0 3.97e-30 1.11e-09 1.00e+00 
2.60e+14   77      0 4.17e-30 1.20e-09 1.00e+00 
2.69e+14   78      0 4.39e-30 1.27e-09 1.00e+00 
2.78e+14   79      0 4.62e-30 1.37e-09 1.00e+00 
2.87e+14   80      0 1.01e-20 1.52e-09 1.00e+00 
2.96e+14   81      0 1.17e-20 1.68e-09 1.00e+00 
3.05e+14   82      0 1.35e-20 1.84e-09 1.00e+00 
3.15e+14   83      0 1.50e-20 1.97e-09 1.00e+00 
3.26e+14   84      0 1.73e-20 2.16e-09 1.00e+00 
3.36e+14   85      0 1.97e-20 2.34e-09 1.00e+00 
3.47e+14   86      0 2.32e-20 2.62e-09 1.00e+00 
3.58e+14   87      0 2.61e-20 2.83e-09 1.00e+00 
3.70e+14   88      0 2.85e-20 2.94e-09 1.00e+00 
3.82e+14   89      0 3.15e-20 3.09e-09 1.00e+00 
3.94e+14   90      0 3.84e-20 3.61e-09 1.00e+00 
4.07e+14   91      0 4.37e-20 3.94e-09 1.00e+00 
4.20e+14   92      0 4.88e-20 4.23e-09 1.00e+00 
4.34e+14   93      0 5.05e-20 4.18e-09 1.00e+00 
4.48e+14   94      0 6.04e-20 4.78e-09 1.00e+00 
4.63e+14   95      0 7.01e-20 5.34e-09 1.00e+00 
4.78e+14   96      0 7.76e-20 5.71e-09 1.00e+00 
4.93e+14   97      0 7.78e-20 5.50e-09 1.00e+00 
5.09e+14   98      0 8.63e-20 5.86e-09 1.00e+00 
5.26e+14   99      0 1.05e-19 6.93e-09 1.00e+00 
5.43e+14  100      0 1.13e-19 7.23e-09 1.00e+00 
5.60e+14  101      0 1.15e-19 7.15e-09 1.00e+00 
5.79e+14  102      0 1.17e-19 7.10e-09 1.00e+00 
5.97e+14  103      0 1.31e-19 7.83e-09 1.00e+00 
6.17e+14  104      0 1.41e-19 8.34e-09 1.00e+00 
6.37e+14  105      0 1.41e-19 8.29e-09 1.00e+00 
6.58e+14  106      0 1.70e-19 8.38e-09 1.00e+00 
6.79e+14  107      0 2.23e-19 9.85e-09 1.00e+00 
7.01e+14  108      0 1.79e-19 8.83e-09 1.00e+00 
7.24e+14  109      0 2.25e-19 1.00e-08 1.00e+00 
7.47e+14  110      0 2.61e-19 1.08e-08 1.00e+00 
7.71e+14  111      0 2.61e-19 1.08e-08 1.00e+00 
7.97e+14  112      0 2.76e-19 1.12e-08 1.00e+00 
8.22e+14  113      0 2.76e-19 1.11e-08 1.00e+00 
8.49e+14  114      0 2.63e-19 1.07e-08 1.00e+00 
8.77e+14  115      0 2.59e-19 1.05e-08 1.00e+00 
9.05e+14  116      0 2.64e-19 1.06e-08 1.00e+00 
9.35e+14  117      0 2.63e-19 1.04e-08 1.00e+00 
9.65e+14  118      0 2.60e-19 1.01e-08 1.00e+00 
9.96e+14  119      0 2.32e-19 9.26e-09 1.00e+00 
1.03e+15  120      0 2.11e-19 8.79e-09 1.00e+00 
1.06e+15  121      0 2.45e-19 9.70e-09 1.00e+00 
1.10e+15  122      0 2.58e-19 1.01e-08 1.00e+00 
1.13e+15  123      0 2.82e-19 1.08e-08 1.00e+00 
1.17e+15  124      0 3.17e-19 1.17e-08 1.00e+00 
1.21e+15  125      0 3.16e-19 1.17e-08 1.00e+00 
1.25e+15  126      0 3.11e-19 1.15e-08 1.00e+00 
1.29e+15  127      0 3.38e-19 1.23e-08 1.00e+00 
1.33e+15  128      0 3.95e-19 1.38e-08 1.00e+00 
1.37e+15  129      0 4.48e-19 1.51e-08 1.00e+00 
1.42e+15  130      0 4.43e-19 1.51e-08 1.00e+00 
1.46e+15  131      0 4.50e-19 1.54e-08 1.00e+00 
1.51e+15  132      0 4.77e-19 1.64e-08 1.00e+00 
1.56e+15  133      0 5.12e-19 1.77e-08 1.00e+00 
1.61e+15  134      0 5.48e-19 1.93e-08 1.00e+00 
1.66e+15  135      0 6.22e-19 2.22e-08 1.00e+00 
1.71e+15  136      0 7.44e-19 2.67e-08 1.00e+00 
1.77e+15  137      0 8.41e-19 3.09e-08 1.00e+00 
1.83e+15  138      0 9.21e-19 3.50e-08 1.00e+00 
1.89e+15  139      0 1.06e-18 4.13e-08 1.00e+00 
1.95e+15  140      0 1.33e-18 5.20e-08 1.00e+00 
2.01e+15  141      0 1.62e-18 6.46e-08 1.00e+00 
2.08e+15  142      0 1.87e-18 7.66e-08 1.00e+00 
2.14e+15  143      0 2.21e-18 9.23e-08 1.00e+00 
2.21e+15  144      0 2.88e-18 1.18e-07 1.00e+00 
2.29e+15  145      0 3.61e-18 1.47e-07 1.00e+00 
2.36e+15  146      0 4.19e-18 1.67e-07 1.00e+00 
2.44e+15  147      0 4.46e-18 1.77e-07 1.00e+00 
2.52e+15  148      0 4.88e-18 1.87e-07 1.00e+00 
2.60e+15  149      0 4.93e-18 1.84e-07 1.00e+00 
2.68e+15  150      0 4.41e-18 1.60e-07 1.00e+00 
2.77e+15  151      0 4.04e-18 1.39e-07 1.00e+00 
2.86e+15  152      0 3.58e-18 1.18e-07 1.00e+00 
2.95e+15  153     -1 0.00e+00 0.00e+00 0.00e+00 
3.05e+15  154     -1 0.00e+00 0.00e+00 0.00e+00 
