       r    i inwind      i01      i02 
2.22e+13    0     -1 0.00e+00 0.00e+00 
2.30e+13    1      0 3.54e+00 2.65e+11 
2.37e+13    2      0 3.00e+00 2.66e+11 
2.45e+13    3      0 3.41e+00 2.66e+11 
2.53e+13    4      0 3.80e+00 2.65e+11 
2.61e+13    5      0 3.56e+00 2.64e+11 
2.69e+13    6      0 4.91e+00 2.63e+11 
2.78e+13    7      0 4.94e+00 2.62e+11 
2.87e+13    8      0 6.37e+00 2.60e+11 
2.96e+13    9      0 5.58e+00 2.59e+11 
3.06e+13   10      0 5.66e+00 2.57e+11 
3.16e+13   11      0 4.31e+00 2.54e+11 
3.26e+13   12      0 6.32e+00 2.52e+11 
3.37e+13   13      0 4.76e+00 2.49e+11 
3.48e+13   14      0 6.30e+00 2.46e+11 
3.59e+13   15      0 2.92e+00 2.43e+11 
3.71e+13   16      0 5.45e+00 2.40e+11 
3.83e+13   17      0 6.85e+00 2.37e+11 
3.95e+13   18      0 4.65e+00 2.33e+11 
4.08e+13   19      0 5.41e+00 2.30e+11 
4.21e+13   20      0 5.33e+00 2.26e+11 
4.35e+13   21      0 5.44e+00 2.22e+11 
4.49e+13   22      0 5.80e+00 2.18e+11 
4.64e+13   23      0 6.01e+00 2.14e+11 
4.79e+13   24      0 4.73e+00 2.09e+11 
4.94e+13   25      0 3.96e+00 2.04e+11 
5.10e+13   26      0 6.17e+00 1.99e+11 
5.27e+13   27      0 4.95e+00 1.95e+11 
5.44e+13   28      0 5.12e+00 1.89e+11 
5.62e+13   29      0 4.62e+00 1.84e+11 
5.80e+13   30      0 3.53e+00 1.79e+11 
5.99e+13   31      0 4.58e+00 1.73e+11 
6.18e+13   32      0 4.71e+00 1.68e+11 
6.38e+13   33      0 3.62e+00 1.63e+11 
6.59e+13   34      0 3.51e+00 1.57e+11 
6.80e+13   35      0 4.05e+00 1.52e+11 
7.02e+13   36      0 4.02e+00 1.47e+11 
7.25e+13   37      0 3.56e+00 1.41e+11 
7.49e+13   38      0 3.67e+00 1.36e+11 
7.73e+13   39      0 3.48e+00 1.31e+11 
7.98e+13   40      0 2.69e+00 1.26e+11 
8.24e+13   41      0 3.13e+00 1.21e+11 
8.51e+13   42      0 2.67e+00 1.17e+11 
8.78e+13   43      0 2.89e+00 1.12e+11 
9.07e+13   44      0 3.00e+00 1.08e+11 
9.36e+13   45      0 2.66e+00 1.03e+11 
9.67e+13   46      0 2.35e+00 9.90e+10 
9.98e+13   47      0 2.61e+00 9.50e+10 
1.03e+14   48      0 2.29e+00 9.12e+10 
1.06e+14   49      0 2.40e+00 8.74e+10 
1.10e+14   50      0 1.77e+00 8.37e+10 
1.13e+14   51      0 1.65e+00 8.02e+10 
1.17e+14   52      0 2.14e+00 7.69e+10 
1.21e+14   53      0 1.50e+00 7.37e+10 
1.25e+14   54      0 1.48e+00 7.07e+10 
1.29e+14   55      0 1.62e+00 6.78e+10 
1.33e+14   56      0 1.88e+00 6.49e+10 
1.37e+14   57      0 1.28e+00 6.22e+10 
1.42e+14   58      0 1.28e+00 5.97e+10 
1.46e+14   59      0 1.61e+00 5.73e+10 
1.51e+14   60      0 1.18e+00 5.50e+10 
1.56e+14   61      0 1.22e+00 5.29e+10 
1.61e+14   62      0 1.10e+00 5.08e+10 
1.66e+14   63      0 1.46e+00 4.89e+10 
1.72e+14   64      0 1.17e+00 4.69e+10 
1.77e+14   65      0 1.04e+00 4.49e+10 
1.83e+14   66      0 1.00e+00 4.29e+10 
1.89e+14   67      0 1.33e+00 4.10e+10 
1.95e+14   68      0 9.98e-01 3.91e+10 
2.02e+14   69      0 1.26e+00 3.72e+10 
2.08e+14   70      0 9.07e-01 3.54e+10 
2.15e+14   71      0 8.57e-01 3.36e+10 
2.22e+14   72      0 7.64e-01 3.18e+10 
2.29e+14   73      0 9.55e-01 3.01e+10 
2.37e+14   74      0 7.64e-01 2.86e+10 
2.44e+14   75      0 9.56e-01 2.71e+10 
2.52e+14   76      0 6.44e-01 2.58e+10 
2.60e+14   77      0 6.13e-01 2.45e+10 
2.69e+14   78      0 5.48e-01 2.33e+10 
2.78e+14   79      0 5.79e-01 2.21e+10 
2.87e+14   80      0 5.60e-01 2.10e+10 
2.96e+14   81      0 7.18e-01 1.99e+10 
3.05e+14   82      0 5.99e-01 1.89e+10 
3.15e+14   83      0 6.88e-01 1.80e+10 
3.26e+14   84      0 4.84e-01 1.71e+10 
3.36e+14   85      0 6.30e-01 1.62e+10 
3.47e+14   86      0 6.31e-01 1.54e+10 
3.58e+14   87      0 5.62e-01 1.46e+10 
3.70e+14   88      0 5.80e-01 1.38e+10 
3.82e+14   89      0 4.47e-01 1.31e+10 
3.94e+14   90      0 4.73e-01 1.24e+10 
4.07e+14   91      0 4.55e-01 1.16e+10 
4.20e+14   92      0 4.11e-01 1.09e+10 
4.34e+14   93      0 4.40e-01 1.03e+10 
4.48e+14   94      0 3.82e-01 9.70e+09 
4.63e+14   95      0 3.49e-01 9.09e+09 
4.78e+14   96      0 3.46e-01 8.48e+09 
4.93e+14   97      0 3.59e-01 7.90e+09 
5.09e+14   98      0 3.81e-01 7.36e+09 
5.26e+14   99      0 2.66e-01 6.83e+09 
5.43e+14  100      0 2.66e-01 6.31e+09 
5.60e+14  101      0 2.35e-01 5.79e+09 
5.79e+14  102      0 2.64e-01 5.30e+09 
5.97e+14  103      0 1.99e-01 4.83e+09 
6.17e+14  104      0 1.55e-01 4.38e+09 
6.37e+14  105      0 1.53e-01 3.97e+09 
6.58e+14  106      0 1.52e-01 3.59e+09 
6.79e+14  107      0 1.51e-01 3.25e+09 
7.01e+14  108      0 9.85e-02 2.93e+09 
7.24e+14  109      0 1.13e-01 2.64e+09 
7.47e+14  110      0 1.13e-01 2.37e+09 
7.71e+14  111      0 9.69e-02 2.13e+09 
7.97e+14  112      0 8.14e-02 1.94e+09 
8.22e+14  113      0 7.35e-02 1.76e+09 
8.49e+14  114      0 6.36e-02 1.59e+09 
8.77e+14  115      0 5.77e-02 1.44e+09 
9.05e+14  116      0 4.97e-02 1.30e+09 
9.35e+14  117      0 4.45e-02 1.18e+09 
9.65e+14  118      0 4.18e-02 1.06e+09 
9.96e+14  119      0 3.32e-02 9.54e+08 
1.03e+15  120      0 2.63e-02 8.59e+08 
1.06e+15  121      0 2.57e-02 7.82e+08 
1.10e+15  122      0 2.33e-02 7.16e+08 
1.13e+15  123      0 2.12e-02 6.59e+08 
1.17e+15  124      0 1.79e-02 6.09e+08 
1.21e+15  125      0 1.64e-02 5.67e+08 
1.25e+15  126      0 1.56e-02 5.27e+08 
1.29e+15  127      0 1.55e-02 4.90e+08 
1.33e+15  128      0 1.37e-02 4.55e+08 
1.37e+15  129      0 1.19e-02 4.25e+08 
1.42e+15  130      0 1.10e-02 3.95e+08 
1.46e+15  131      0 1.01e-02 3.62e+08 
1.51e+15  132      0 8.76e-03 3.29e+08 
1.56e+15  133      0 7.48e-03 2.98e+08 
1.61e+15  134      0 6.41e-03 2.67e+08 
1.66e+15  135      0 5.62e-03 2.39e+08 
1.71e+15  136      0 4.94e-03 2.13e+08 
1.77e+15  137      0 4.12e-03 1.87e+08 
1.83e+15  138      0 3.39e-03 1.64e+08 
1.89e+15  139      0 2.95e-03 1.45e+08 
1.95e+15  140      0 2.65e-03 1.30e+08 
2.01e+15  141      0 2.33e-03 1.16e+08 
2.08e+15  142      0 1.98e-03 1.02e+08 
2.14e+15  143      0 1.76e-03 9.21e+07 
2.21e+15  144      0 1.72e-03 8.48e+07 
2.29e+15  145      0 1.56e-03 7.91e+07 
2.36e+15  146      0 1.56e-03 7.41e+07 
2.44e+15  147      0 1.49e-03 6.99e+07 
2.52e+15  148      0 1.48e-03 6.68e+07 
2.60e+15  149      0 1.47e-03 6.46e+07 
2.68e+15  150      0 1.48e-03 6.34e+07 
2.77e+15  151      0 1.57e-03 6.37e+07 
2.86e+15  152      0 1.77e-03 6.43e+07 
2.95e+15  153     -1 0.00e+00 0.00e+00 
3.05e+15  154     -1 0.00e+00 0.00e+00 
