        r    i inwind converge       v_x       v_y       v_z       vol       rho        ne       t_e       t_r         w  ave_freq         J  J_direct   J_scatt   lum_tot  heat_tot heat_comp heat_line   heat_ff heat_phot heat_auge  cool_tot cool_comp lum_lines   cool_dr    lum_ff    lum_rr   cool_rr cool_adia heat_shoc heat_line heat_phot 
2.223e+13    0     -1        0  1.43e+10  0.00e+00  0.00e+00  0.00e+00  0.00e+00  0.00e+00  0.00e+00  0.00e+00  0.00e+00  0.00e+00  0.00e+00  0.00e+00  0.00e+00  0.00e+00  0.00e+00  0.00e+00  0.00e+00  0.00e+00  0.00e+00  0.00e+00  0.00e+00  0.00e+00  0.00e+00  0.00e+00  0.00e+00  0.00e+00  0.00e+00  0.00e+00  0.00e+00  0.00e+00  0.00e+00 
2.296e+13    1      0        0  1.44e+10  0.00e+00  0.00e+00  5.82e+39  6.22e-13  3.19e+11  1.97e+05  1.60e+05  9.17e+00  1.28e+16  1.10e+17  7.67e+16  3.28e+16  1.10e+39  2.27e+41  1.54e+41  1.84e+34  3.90e+39  2.65e+38  0.00e+00  2.27e+41  2.25e+41  1.32e+34  0.00e+00  6.12e+38  5.57e+38  4.88e+38  1.43e+38  0.00e+00  1.05e+34  2.40e+38 
2.370e+13    2      0        0  1.45e+10  0.00e+00  0.00e+00  6.41e+39  6.23e-13  3.19e+11  1.88e+05  1.50e+05  9.79e+00  1.20e+16  9.01e+16  4.85e+16  4.16e+16  1.20e+39  1.96e+41  1.31e+41  3.57e+34  4.28e+39  2.92e+38  0.00e+00  1.96e+41  1.95e+41  1.39e+34  0.00e+00  6.58e+38  6.18e+38  5.40e+38  1.46e+38  0.00e+00  1.95e+34  2.65e+38 
2.447e+13    3      0        0  1.45e+10  0.00e+00  0.00e+00  7.06e+39  6.23e-13  3.19e+11  1.82e+05  1.44e+05  9.99e+00  1.15e+16  7.86e+16  3.41e+16  4.45e+16  1.31e+39  1.83e+41  1.21e+41  5.06e+34  4.64e+39  3.15e+38  0.00e+00  1.83e+41  1.81e+41  2.09e+34  0.00e+00  7.11e+38  6.82e+38  5.95e+38  1.49e+38  0.00e+00  2.28e+34  2.86e+38 
2.527e+13    4      0        0  1.45e+10  0.00e+00  0.00e+00  7.77e+39  6.21e-13  3.18e+11  1.77e+05  1.40e+05  1.00e+01  1.12e+16  7.00e+16  2.50e+16  4.50e+16  1.42e+39  1.74e+41  1.15e+41  6.46e+34  4.98e+39  3.40e+38  0.00e+00  1.74e+41  1.73e+41  2.59e+34  0.00e+00  7.69e+38  7.50e+38  6.53e+38  1.52e+38  0.00e+00  2.21e+34  3.08e+38 
2.609e+13    5      0        0  1.46e+10  0.00e+00  0.00e+00  8.56e+39  6.19e-13  3.17e+11  1.73e+05  1.37e+05  1.00e+01  1.09e+16  6.32e+16  1.88e+16  4.44e+16  1.55e+39  1.69e+41  1.11e+41  8.88e+34  5.37e+39  3.77e+38  0.00e+00  1.69e+41  1.67e+41  2.94e+34  0.00e+00  8.31e+38  8.23e+38  7.15e+38  1.55e+38  0.00e+00  2.95e+34  3.42e+38 
2.693e+13    6      0        0  1.46e+10  0.00e+00  0.00e+00  9.42e+39  6.17e-13  3.16e+11  1.69e+05  1.34e+05  9.94e+00  1.07e+16  5.76e+16  1.44e+16  4.32e+16  1.68e+39  1.65e+41  1.08e+41  1.09e+35  5.74e+39  4.05e+38  0.00e+00  1.65e+41  1.63e+41  4.40e+34  0.00e+00  8.96e+38  9.00e+38  7.81e+38  1.59e+38  0.00e+00  2.71e+34  3.68e+38 
2.781e+13    7      0        0  1.45e+10  0.00e+00  0.00e+00  1.04e+40  6.14e-13  3.14e+11  1.66e+05  1.31e+05  9.83e+00  1.05e+16  5.28e+16  1.11e+16  4.17e+16  1.82e+39  1.63e+41  1.07e+41  1.48e+35  6.14e+39  4.64e+38  0.00e+00  1.63e+41  1.61e+41  5.58e+34  0.00e+00  9.66e+38  9.82e+38  8.52e+38  1.64e+38  0.00e+00  3.79e+34  4.23e+38 
2.871e+13    8      0        0  1.45e+10  0.00e+00  0.00e+00  1.14e+40  6.10e-13  3.13e+11  1.63e+05  1.29e+05  9.70e+00  1.03e+16  4.86e+16  8.64e+15  4.00e+16  1.97e+39  1.62e+41  1.06e+41  1.74e+35  6.61e+39  4.98e+38  0.00e+00  1.62e+41  1.59e+41  7.35e+34  0.00e+00  1.04e+39  1.07e+39  9.26e+38  1.68e+38  0.00e+00  2.98e+34  4.53e+38 
2.964e+13    9      0        0  1.45e+10  0.00e+00  0.00e+00  1.25e+40  6.06e-13  3.10e+11  1.61e+05  1.27e+05  9.55e+00  1.02e+16  4.50e+16  6.77e+15  3.83e+16  2.12e+39  1.61e+41  1.05e+41  2.24e+35  6.99e+39  5.55e+38  0.00e+00  1.61e+41  1.59e+41  8.45e+34  0.00e+00  1.12e+39  1.16e+39  1.00e+39  1.70e+38  0.00e+00  4.44e+34  5.07e+38 
3.061e+13   10      0        0  1.44e+10  0.00e+00  0.00e+00  1.38e+40  6.01e-13  3.08e+11  1.58e+05  1.25e+05  9.39e+00  1.00e+16  4.19e+16  5.34e+15  3.65e+16  2.29e+39  1.61e+41  1.06e+41  2.76e+35  7.49e+39  5.84e+38  0.00e+00  1.61e+41  1.59e+41  9.91e+34  0.00e+00  1.20e+39  1.26e+39  1.09e+39  1.70e+38  0.00e+00  4.92e+34  5.31e+38 
3.160e+13   11      0        0  1.43e+10  0.00e+00  0.00e+00  1.51e+40  5.96e-13  3.05e+11  1.56e+05  1.24e+05  9.21e+00  9.89e+15  3.91e+16  4.23e+15  3.48e+16  2.46e+39  1.62e+41  1.06e+41  3.47e+35  7.93e+39  6.40e+38  0.00e+00  1.62e+41  1.59e+41  1.05e+35  0.00e+00  1.28e+39  1.36e+39  1.17e+39  1.73e+38  0.00e+00  6.63e+34  5.82e+38 
3.262e+13   12      0        0  1.42e+10  0.00e+00  0.00e+00  1.66e+40  5.90e-13  3.02e+11  1.54e+05  1.22e+05  9.04e+00  9.77e+15  3.66e+16  3.36e+15  3.32e+16  2.63e+39  1.63e+41  1.07e+41  3.89e+35  8.40e+39  6.99e+38  0.00e+00  1.63e+41  1.60e+41  1.46e+35  0.00e+00  1.37e+39  1.46e+39  1.26e+39  1.75e+38  0.00e+00  5.25e+34  6.36e+38 
3.368e+13   13      0        0  1.41e+10  0.00e+00  0.00e+00  1.82e+40  5.84e-13  2.99e+11  1.53e+05  1.21e+05  8.85e+00  9.67e+15  3.44e+16  2.67e+15  3.17e+16  2.82e+39  1.64e+41  1.08e+41  4.59e+35  8.92e+39  7.26e+38  0.00e+00  1.64e+41  1.61e+41  1.51e+35  0.00e+00  1.46e+39  1.57e+39  1.36e+39  1.76e+38  0.00e+00  5.67e+34  6.58e+38 
3.478e+13   14      0        0  1.40e+10  0.00e+00  0.00e+00  2.00e+40  5.77e-13  2.95e+11  1.51e+05  1.20e+05  8.67e+00  9.58e+15  3.24e+16  2.14e+15  3.03e+16  3.02e+39  1.67e+41  1.10e+41  5.34e+35  9.36e+39  8.33e+38  0.00e+00  1.67e+41  1.63e+41  1.94e+35  0.00e+00  1.56e+39  1.69e+39  1.45e+39  1.75e+38  0.00e+00  6.20e+34  7.57e+38 
3.591e+13   15      0        0  1.38e+10  0.00e+00  0.00e+00  2.19e+40  5.70e-13  2.92e+11  1.50e+05  1.19e+05  8.47e+00  9.50e+15  3.06e+16  1.71e+15  2.89e+16  3.22e+39  1.69e+41  1.12e+41  6.32e+35  9.78e+39  8.72e+38  0.00e+00  1.69e+41  1.66e+41  1.77e+35  0.00e+00  1.66e+39  1.81e+39  1.55e+39  1.74e+38  0.00e+00  8.81e+34  7.91e+38 
3.707e+13   16      0        0  1.36e+10  0.00e+00  0.00e+00  2.41e+40  5.62e-13  2.88e+11  1.49e+05  1.18e+05  8.26e+00  9.43e+15  2.90e+16  1.37e+15  2.76e+16  3.43e+39  1.72e+41  1.14e+41  7.18e+35  1.03e+40  9.23e+38  0.00e+00  1.72e+41  1.68e+41  2.39e+35  0.00e+00  1.77e+39  1.93e+39  1.66e+39  1.73e+38  0.00e+00  9.71e+34  8.38e+38 
3.828e+13   17      0        0  1.34e+10  0.00e+00  0.00e+00  2.64e+40  5.55e-13  2.84e+11  1.48e+05  1.17e+05  8.07e+00  9.36e+15  2.75e+16  1.09e+15  2.64e+16  3.65e+39  1.76e+41  1.17e+41  7.65e+35  1.07e+40  1.02e+39  0.00e+00  1.76e+41  1.72e+41  2.97e+35  0.00e+00  1.88e+39  2.06e+39  1.77e+39  1.72e+38  0.00e+00  6.19e+34  9.32e+38 
3.952e+13   18      0        0  1.32e+10  0.00e+00  0.00e+00  2.89e+40  5.47e-13  2.80e+11  1.47e+05  1.17e+05  7.87e+00  9.30e+15  2.62e+16  8.75e+14  2.53e+16  3.88e+39  1.79e+41  1.20e+41  9.02e+35  1.13e+40  1.06e+39  0.00e+00  1.80e+41  1.75e+41  2.93e+35  0.00e+00  1.99e+39  2.20e+39  1.89e+39  1.71e+38  0.00e+00  1.06e+35  9.58e+38 
4.080e+13   19      0        0  1.30e+10  0.00e+00  0.00e+00  3.17e+40  5.39e-13  2.76e+11  1.46e+05  1.16e+05  7.68e+00  9.25e+15  2.50e+16  7.00e+14  2.43e+16  4.12e+39  1.84e+41  1.23e+41  1.01e+36  1.18e+40  1.13e+39  0.00e+00  1.84e+41  1.79e+41  3.41e+35  0.00e+00  2.11e+39  2.34e+39  2.01e+39  1.71e+38  0.00e+00  1.18e+35  1.02e+39 
4.213e+13   20      0        0  1.27e+10  0.00e+00  0.00e+00  3.47e+40  5.30e-13  2.71e+11  1.45e+05  1.15e+05  7.50e+00  9.19e+15  2.38e+16  5.59e+14  2.32e+16  4.37e+39  1.88e+41  1.27e+41  1.11e+36  1.24e+40  1.21e+39  0.00e+00  1.88e+41  1.83e+41  3.82e+35  0.00e+00  2.24e+39  2.48e+39  2.13e+39  1.71e+38  0.00e+00  1.27e+35  1.10e+39 
4.350e+13   21      0        0  1.25e+10  0.00e+00  0.00e+00  3.81e+40  5.21e-13  2.67e+11  1.44e+05  1.15e+05  7.31e+00  9.14e+15  2.27e+16  4.46e+14  2.23e+16  4.62e+39  1.92e+41  1.30e+41  1.17e+36  1.29e+40  1.27e+39  0.00e+00  1.92e+41  1.87e+41  4.21e+35  0.00e+00  2.36e+39  2.63e+39  2.26e+39  1.69e+38  0.00e+00  1.06e+35  1.15e+39 
4.491e+13   22      0        0  1.22e+10  0.00e+00  0.00e+00  4.17e+40  5.12e-13  2.62e+11  1.43e+05  1.14e+05  7.12e+00  9.10e+15  2.17e+16  3.55e+14  2.13e+16  4.87e+39  1.97e+41  1.34e+41  1.27e+36  1.35e+40  1.31e+39  0.00e+00  1.97e+41  1.92e+41  4.76e+35  0.00e+00  2.49e+39  2.78e+39  2.38e+39  1.65e+38  0.00e+00  1.13e+35  1.17e+39 
4.637e+13   23      0        0  1.20e+10  0.00e+00  0.00e+00  4.57e+40  5.01e-13  2.57e+11  1.43e+05  1.13e+05  6.95e+00  9.06e+15  2.08e+16  2.82e+14  2.05e+16  5.12e+39  2.01e+41  1.37e+41  1.40e+36  1.41e+40  1.44e+39  0.00e+00  2.01e+41  1.96e+41  5.37e+35  0.00e+00  2.61e+39  2.93e+39  2.51e+39  1.64e+38  0.00e+00  1.12e+35  1.30e+39 
4.787e+13   24      0        0  1.17e+10  0.00e+00  0.00e+00  5.01e+40  4.90e-13  2.51e+11  1.42e+05  1.13e+05  6.77e+00  9.01e+15  1.98e+16  2.24e+14  1.96e+16  5.36e+39  2.05e+41  1.40e+41  1.56e+36  1.45e+40  1.55e+39  0.00e+00  2.05e+41  2.00e+41  5.61e+35  0.00e+00  2.73e+39  3.07e+39  2.63e+39  1.65e+38  0.00e+00  1.66e+35  1.40e+39 
4.942e+13   25      0        0  1.14e+10  0.00e+00  0.00e+00  5.49e+40  4.79e-13  2.45e+11  1.41e+05  1.12e+05  6.61e+00  8.97e+15  1.90e+16  1.77e+14  1.88e+16  5.60e+39  2.09e+41  1.44e+41  1.65e+36  1.48e+40  1.54e+39  0.00e+00  2.09e+41  2.03e+41  5.74e+35  0.00e+00  2.84e+39  3.21e+39  2.75e+39  1.64e+38  0.00e+00  1.65e+35  1.38e+39 
5.103e+13   26      0        0  1.12e+10  0.00e+00  0.00e+00  6.02e+40  4.67e-13  2.39e+11  1.40e+05  1.12e+05  6.44e+00  8.92e+15  1.81e+16  1.40e+14  1.80e+16  5.84e+39  2.13e+41  1.47e+41  1.73e+36  1.51e+40  1.65e+39  0.00e+00  2.13e+41  2.07e+41  6.89e+35  0.00e+00  2.96e+39  3.36e+39  2.88e+39  1.59e+38  0.00e+00  1.50e+35  1.48e+39 
5.269e+13   27      0        0  1.09e+10  0.00e+00  0.00e+00  6.61e+40  4.56e-13  2.34e+11  1.39e+05  1.11e+05  6.29e+00  8.88e+15  1.73e+16  1.11e+14  1.72e+16  6.08e+39  2.17e+41  1.50e+41  1.89e+36  1.55e+40  1.70e+39  0.00e+00  2.17e+41  2.10e+41  7.11e+35  0.00e+00  3.08e+39  3.51e+39  3.00e+39  1.57e+38  0.00e+00  1.81e+35  1.53e+39 
5.440e+13   28      0        0  1.07e+10  0.00e+00  0.00e+00  7.24e+40  4.44e-13  2.27e+11  1.39e+05  1.11e+05  6.14e+00  8.83e+15  1.66e+16  8.70e+13  1.65e+16  6.31e+39  2.20e+41  1.53e+41  2.01e+36  1.59e+40  1.74e+39  0.00e+00  2.20e+41  2.13e+41  7.84e+35  0.00e+00  3.19e+39  3.65e+39  3.12e+39  1.60e+38  0.00e+00  1.72e+35  1.56e+39 
5.616e+13   29      0        0  1.04e+10  0.00e+00  0.00e+00  7.95e+40  4.32e-13  2.21e+11  1.38e+05  1.10e+05  5.99e+00  8.78e+15  1.58e+16  6.81e+13  1.58e+16  6.53e+39  2.22e+41  1.55e+41  2.16e+36  1.62e+40  1.84e+39  0.00e+00  2.23e+41  2.16e+41  8.29e+35  0.00e+00  3.29e+39  3.78e+39  3.23e+39  1.61e+38  0.00e+00  2.00e+35  1.65e+39 
5.799e+13   30      0        0  1.02e+10  0.00e+00  0.00e+00  8.72e+40  4.19e-13  2.14e+11  1.37e+05  1.09e+05  5.83e+00  8.74e+15  1.51e+16  5.34e+13  1.50e+16  6.73e+39  2.24e+41  1.57e+41  2.24e+36  1.65e+40  1.85e+39  0.00e+00  2.25e+41  2.18e+41  8.78e+35  0.00e+00  3.39e+39  3.91e+39  3.34e+39  1.60e+38  0.00e+00  1.95e+35  1.66e+39 
5.987e+13   31      0        0  9.93e+09  0.00e+00  0.00e+00  9.57e+40  4.06e-13  2.08e+11  1.36e+05  1.09e+05  5.69e+00  8.69e+15  1.44e+16  4.18e+13  1.44e+16  6.94e+39  2.27e+41  1.59e+41  2.43e+36  1.68e+40  1.94e+39  0.00e+00  2.27e+41  2.19e+41  9.85e+35  0.00e+00  3.49e+39  4.04e+39  3.45e+39  1.57e+38  0.00e+00  2.15e+35  1.74e+39 
6.181e+13   32      0        0  9.69e+09  0.00e+00  0.00e+00  1.05e+41  3.94e-13  2.02e+11  1.35e+05  1.08e+05  5.56e+00  8.63e+15  1.37e+16  3.27e+13  1.37e+16  7.14e+39  2.28e+41  1.61e+41  2.54e+36  1.70e+40  2.02e+39  0.00e+00  2.28e+41  2.21e+41  1.06e+36  0.00e+00  3.58e+39  4.17e+39  3.56e+39  1.56e+38  0.00e+00  1.61e+35  1.80e+39 
6.382e+13   33      0        0  9.46e+09  0.00e+00  0.00e+00  1.15e+41  3.81e-13  1.95e+11  1.34e+05  1.08e+05  5.43e+00  8.58e+15  1.31e+16  2.56e+13  1.31e+16  7.33e+39  2.30e+41  1.63e+41  2.75e+36  1.73e+40  2.14e+39  0.00e+00  2.30e+41  2.22e+41  1.13e+36  0.00e+00  3.67e+39  4.29e+39  3.66e+39  1.55e+38  0.00e+00  1.96e+35  1.92e+39 
6.589e+13   34      0        0  9.23e+09  0.00e+00  0.00e+00  1.27e+41  3.69e-13  1.89e+11  1.33e+05  1.07e+05  5.28e+00  8.54e+15  1.25e+16  1.99e+13  1.24e+16  7.51e+39  2.31e+41  1.64e+41  3.00e+36  1.75e+40  2.20e+39  0.00e+00  2.31e+41  2.23e+41  1.20e+36  0.00e+00  3.75e+39  4.41e+39  3.76e+39  1.54e+38  0.00e+00  2.46e+35  1.97e+39 
6.803e+13   35      0        0  9.01e+09  0.00e+00  0.00e+00  1.39e+41  3.56e-13  1.82e+11  1.32e+05  1.06e+05  5.16e+00  8.48e+15  1.18e+16  1.54e+13  1.18e+16  7.68e+39  2.31e+41  1.64e+41  3.09e+36  1.77e+40  2.17e+39  0.00e+00  2.31e+41  2.23e+41  1.34e+36  0.00e+00  3.82e+39  4.52e+39  3.85e+39  1.53e+38  0.00e+00  1.94e+35  1.93e+39 
7.024e+13   36      0        0  8.80e+09  0.00e+00  0.00e+00  1.53e+41  3.44e-13  1.76e+11  1.30e+05  1.06e+05  5.03e+00  8.43e+15  1.13e+16  1.20e+13  1.13e+16  7.83e+39  2.31e+41  1.65e+41  3.22e+36  1.77e+40  2.27e+39  0.00e+00  2.31e+41  2.23e+41  1.44e+36  0.00e+00  3.89e+39  4.62e+39  3.94e+39  1.51e+38  0.00e+00  1.73e+35  2.03e+39 
7.252e+13   37      0        0  8.59e+09  0.00e+00  0.00e+00  1.68e+41  3.31e-13  1.70e+11  1.29e+05  1.05e+05  4.91e+00  8.37e+15  1.07e+16  9.35e+12  1.07e+16  7.97e+39  2.30e+41  1.65e+41  3.50e+36  1.78e+40  2.30e+39  0.00e+00  2.30e+41  2.22e+41  1.52e+36  0.00e+00  3.95e+39  4.72e+39  4.02e+39  1.49e+38  0.00e+00  2.17e+35  2.05e+39 
7.488e+13   38      0        0  8.39e+09  0.00e+00  0.00e+00  1.84e+41  3.19e-13  1.64e+11  1.28e+05  1.04e+05  4.79e+00  8.31e+15  1.02e+16  7.27e+12  1.02e+16  8.12e+39  2.30e+41  1.65e+41  3.73e+36  1.78e+40  2.33e+39  0.00e+00  2.30e+41  2.21e+41  1.66e+36  0.00e+00  4.01e+39  4.82e+39  4.10e+39  1.47e+38  0.00e+00  2.17e+35  2.07e+39 
7.731e+13   39      0        0  8.18e+09  0.00e+00  0.00e+00  2.02e+41  3.08e-13  1.58e+11  1.27e+05  1.03e+05  4.67e+00  8.26e+15  9.64e+15  5.64e+12  9.64e+15  8.25e+39  2.29e+41  1.65e+41  3.87e+36  1.78e+40  2.45e+39  0.00e+00  2.29e+41  2.20e+41  1.78e+36  0.00e+00  4.07e+39  4.92e+39  4.18e+39  1.45e+38  0.00e+00  1.95e+35  2.19e+39 
7.982e+13   40      0        0  7.99e+09  0.00e+00  0.00e+00  2.22e+41  2.96e-13  1.52e+11  1.26e+05  1.03e+05  4.55e+00  8.20e+15  9.15e+15  4.38e+12  9.14e+15  8.37e+39  2.27e+41  1.65e+41  4.24e+36  1.78e+40  2.52e+39  0.00e+00  2.27e+41  2.19e+41  1.86e+36  0.00e+00  4.12e+39  5.01e+39  4.25e+39  1.44e+38  0.00e+00  2.80e+35  2.24e+39 
8.241e+13   41      0        0  7.80e+09  0.00e+00  0.00e+00  2.44e+41  2.85e-13  1.46e+11  1.25e+05  1.02e+05  4.43e+00  8.15e+15  8.67e+15  3.41e+12  8.67e+15  8.48e+39  2.26e+41  1.64e+41  4.38e+36  1.77e+40  2.51e+39  0.00e+00  2.26e+41  2.17e+41  2.03e+36  0.00e+00  4.16e+39  5.09e+39  4.32e+39  1.43e+38  0.00e+00  2.07e+35  2.23e+39 
8.508e+13   42      0        0  7.61e+09  0.00e+00  0.00e+00  2.68e+41  2.74e-13  1.40e+11  1.23e+05  1.01e+05  4.30e+00  8.09e+15  8.20e+15  2.65e+12  8.20e+15  8.58e+39  2.23e+41  1.63e+41  4.65e+36  1.76e+40  2.60e+39  0.00e+00  2.23e+41  2.15e+41  2.18e+36  0.00e+00  4.20e+39  5.16e+39  4.38e+39  1.41e+38  0.00e+00  2.65e+35  2.31e+39 
8.785e+13   43      0        0  7.44e+09  0.00e+00  0.00e+00  2.95e+41  2.63e-13  1.35e+11  1.22e+05  1.01e+05  4.19e+00  8.04e+15  7.76e+15  2.06e+12  7.76e+15  8.67e+39  2.21e+41  1.62e+41  4.99e+36  1.75e+40  2.68e+39  0.00e+00  2.21e+41  2.12e+41  2.36e+36  0.00e+00  4.23e+39  5.24e+39  4.44e+39  1.40e+38  0.00e+00  2.82e+35  2.38e+39 
9.070e+13   44      0        0  7.26e+09  0.00e+00  0.00e+00  3.24e+41  2.52e-13  1.29e+11  1.21e+05  1.00e+05  4.07e+00  7.98e+15  7.33e+15  1.59e+12  7.33e+15  8.76e+39  2.18e+41  1.61e+41  5.31e+36  1.73e+40  2.72e+39  0.00e+00  2.18e+41  2.09e+41  2.60e+36  0.00e+00  4.26e+39  5.31e+39  4.49e+39  1.39e+38  0.00e+00  2.33e+35  2.41e+39 
9.364e+13   45      0        0  7.10e+09  0.00e+00  0.00e+00  3.56e+41  2.42e-13  1.24e+11  1.20e+05  9.93e+04  3.95e+00  7.93e+15  6.93e+15  1.23e+12  6.92e+15  8.83e+39  2.15e+41  1.59e+41  5.55e+36  1.71e+40  2.71e+39  0.00e+00  2.15e+41  2.06e+41  2.79e+36  0.00e+00  4.28e+39  5.37e+39  4.54e+39  1.39e+38  0.00e+00  2.18e+35  2.40e+39 
9.668e+13   46      0        0  6.94e+09  0.00e+00  0.00e+00  3.91e+41  2.32e-13  1.19e+11  1.18e+05  9.86e+04  3.83e+00  7.87e+15  6.53e+15  9.57e+11  6.53e+15  8.90e+39  2.12e+41  1.57e+41  5.98e+36  1.69e+40  2.77e+39  0.00e+00  2.12e+41  2.03e+41  2.97e+36  0.00e+00  4.30e+39  5.44e+39  4.59e+39  1.38e+38  0.00e+00  2.83e+35  2.46e+39 
9.982e+13   47      0        0  6.79e+09  0.00e+00  0.00e+00  4.30e+41  2.23e-13  1.14e+11  1.17e+05  9.78e+04  3.72e+00  7.81e+15  6.16e+15  7.40e+11  6.15e+15  8.98e+39  2.09e+41  1.56e+41  6.30e+36  1.67e+40  2.73e+39  0.00e+00  2.09e+41  1.99e+41  3.24e+36  0.00e+00  4.33e+39  5.51e+39  4.64e+39  1.35e+38  0.00e+00  2.38e+35  2.40e+39 
1.031e+14   48      0        0  6.63e+09  0.00e+00  0.00e+00  4.73e+41  2.14e-13  1.09e+11  1.16e+05  9.71e+04  3.61e+00  7.76e+15  5.80e+15  5.75e+11  5.80e+15  9.06e+39  2.06e+41  1.54e+41  6.74e+36  1.66e+40  2.88e+39  0.00e+00  2.06e+41  1.96e+41  3.53e+36  0.00e+00  4.36e+39  5.58e+39  4.70e+39  1.33e+38  0.00e+00  2.26e+35  2.55e+39 
1.064e+14   49      0        0  6.49e+09  0.00e+00  0.00e+00  5.20e+41  2.05e-13  1.05e+11  1.15e+05  9.64e+04  3.50e+00  7.70e+15  5.46e+15  4.47e+11  5.46e+15  9.13e+39  2.02e+41  1.52e+41  7.17e+36  1.64e+40  2.83e+39  0.00e+00  2.02e+41  1.92e+41  3.84e+36  0.00e+00  4.38e+39  5.65e+39  4.75e+39  1.33e+38  0.00e+00  2.76e+35  2.49e+39 
1.099e+14   50      0        0  6.34e+09  0.00e+00  0.00e+00  5.71e+41  1.96e-13  1.01e+11  1.13e+05  9.57e+04  3.39e+00  7.64e+15  5.13e+15  3.48e+11  5.13e+15  9.18e+39  1.98e+41  1.49e+41  7.65e+36  1.62e+40  2.93e+39  0.00e+00  1.98e+41  1.88e+41  4.09e+36  0.00e+00  4.39e+39  5.70e+39  4.79e+39  1.33e+38  0.00e+00  3.24e+35  2.59e+39 
1.134e+14   51      0        0  6.21e+09  0.00e+00  0.00e+00  6.28e+41  1.88e-13  9.63e+10  1.12e+05  9.50e+04  3.28e+00  7.59e+15  4.82e+15  2.73e+11  4.82e+15  9.23e+39  1.94e+41  1.47e+41  8.04e+36  1.59e+40  2.93e+39  0.00e+00  1.94e+41  1.84e+41  4.40e+36  0.00e+00  4.39e+39  5.75e+39  4.83e+39  1.34e+38  0.00e+00  2.89e+35  2.59e+39 
1.171e+14   52      0        0  6.08e+09  0.00e+00  0.00e+00  6.91e+41  1.80e-13  9.23e+10  1.11e+05  9.43e+04  3.17e+00  7.53e+15  4.53e+15  2.14e+11  4.53e+15  9.29e+39  1.90e+41  1.44e+41  8.55e+36  1.56e+40  2.96e+39  0.00e+00  1.90e+41  1.80e+41  4.89e+36  0.00e+00  4.41e+39  5.81e+39  4.88e+39  1.34e+38  0.00e+00  2.34e+35  2.61e+39 
1.209e+14   53      0        0  5.97e+09  0.00e+00  0.00e+00  7.60e+41  1.73e-13  8.85e+10  1.09e+05  9.36e+04  3.07e+00  7.47e+15  4.25e+15  1.64e+11  4.25e+15  9.36e+39  1.86e+41  1.42e+41  9.28e+36  1.54e+40  3.07e+39  0.00e+00  1.86e+41  1.76e+41  5.29e+36  0.00e+00  4.43e+39  5.88e+39  4.93e+39  1.33e+38  0.00e+00  3.29e+35  2.72e+39 
1.248e+14   54      0        0  5.85e+09  0.00e+00  0.00e+00  8.36e+41  1.66e-13  8.48e+10  1.08e+05  9.29e+04  2.97e+00  7.41e+15  3.98e+15  1.30e+11  3.98e+15  9.44e+39  1.82e+41  1.39e+41  1.00e+37  1.52e+40  3.12e+39  0.00e+00  1.82e+41  1.72e+41  5.90e+36  0.00e+00  4.45e+39  5.95e+39  4.98e+39  1.33e+38  0.00e+00  3.03e+35  2.76e+39 
1.289e+14   55      0        0  5.74e+09  0.00e+00  0.00e+00  9.19e+41  1.59e-13  8.13e+10  1.07e+05  9.22e+04  2.86e+00  7.36e+15  3.73e+15  1.04e+11  3.73e+15  9.50e+39  1.78e+41  1.36e+41  1.09e+37  1.49e+40  3.18e+39  0.00e+00  1.78e+41  1.68e+41  6.45e+36  0.00e+00  4.46e+39  6.02e+39  5.03e+39  1.35e+38  0.00e+00  3.41e+35  2.80e+39 
1.331e+14   56      0        0  5.63e+09  0.00e+00  0.00e+00  1.01e+42  1.52e-13  7.80e+10  1.06e+05  9.14e+04  2.76e+00  7.30e+15  3.48e+15  8.17e+10  3.48e+15  9.57e+39  1.73e+41  1.33e+41  1.15e+37  1.46e+40  3.25e+39  0.00e+00  1.73e+41  1.63e+41  7.04e+36  0.00e+00  4.48e+39  6.09e+39  5.08e+39  1.37e+38  0.00e+00  2.63e+35  2.86e+39 
1.374e+14   57      0        0  5.54e+09  0.00e+00  0.00e+00  1.11e+42  1.46e-13  7.47e+10  1.04e+05  9.07e+04  2.67e+00  7.24e+15  3.26e+15  6.33e+10  3.26e+15  9.64e+39  1.69e+41  1.30e+41  1.23e+37  1.43e+40  3.37e+39  0.00e+00  1.69e+41  1.59e+41  7.63e+36  0.00e+00  4.50e+39  6.16e+39  5.14e+39  1.38e+38  0.00e+00  3.80e+35  2.98e+39 
1.419e+14   58      0        0  5.45e+09  0.00e+00  0.00e+00  1.22e+42  1.40e-13  7.17e+10  1.03e+05  9.00e+04  2.57e+00  7.19e+15  3.04e+15  4.99e+10  3.04e+15  9.72e+39  1.65e+41  1.28e+41  1.33e+37  1.41e+40  3.41e+39  0.00e+00  1.65e+41  1.55e+41  8.43e+36  0.00e+00  4.52e+39  6.24e+39  5.20e+39  1.39e+38  0.00e+00  3.54e+35  3.00e+39 
1.465e+14   59      0        0  5.37e+09  0.00e+00  0.00e+00  1.35e+42  1.34e-13  6.88e+10  1.02e+05  8.93e+04  2.48e+00  7.13e+15  2.84e+15  3.85e+10  2.84e+15  9.81e+39  1.61e+41  1.25e+41  1.44e+37  1.38e+40  3.32e+39  0.00e+00  1.61e+41  1.51e+41  9.60e+36  0.00e+00  4.54e+39  6.32e+39  5.26e+39  1.38e+38  0.00e+00  2.81e+35  2.91e+39 
1.512e+14   60      0        0  5.29e+09  0.00e+00  0.00e+00  1.48e+42  1.29e-13  6.60e+10  1.00e+05  8.86e+04  2.39e+00  7.07e+15  2.65e+15  3.06e+10  2.65e+15  9.91e+39  1.57e+41  1.22e+41  1.58e+37  1.36e+40  3.55e+39  0.00e+00  1.57e+41  1.47e+41  1.05e+37  0.00e+00  4.57e+39  6.41e+39  5.33e+39  1.40e+38  0.00e+00  4.19e+35  3.13e+39 
1.561e+14   61      0        0  5.21e+09  0.00e+00  0.00e+00  1.63e+42  1.24e-13  6.35e+10  9.92e+04  8.79e+04  2.30e+00  7.02e+15  2.47e+15  2.40e+10  2.47e+15  1.00e+40  1.53e+41  1.19e+41  1.70e+37  1.34e+40  3.61e+39  0.00e+00  1.53e+41  1.43e+41  1.19e+37  0.00e+00  4.60e+39  6.51e+39  5.41e+39  1.42e+38  0.00e+00  3.65e+35  3.19e+39 
1.612e+14   62      0        0  5.14e+09  0.00e+00  0.00e+00  1.79e+42  1.19e-13  6.10e+10  9.80e+04  8.72e+04  2.21e+00  6.96e+15  2.30e+15  1.87e+10  2.30e+15  1.02e+40  1.49e+41  1.17e+41  1.85e+37  1.31e+40  3.67e+39  0.00e+00  1.49e+41  1.39e+41  1.39e+37  0.00e+00  4.65e+39  6.63e+39  5.50e+39  1.44e+38  0.00e+00  4.35e+35  3.24e+39 
1.664e+14   63      0        0  5.08e+09  0.00e+00  0.00e+00  1.97e+42  1.15e-13  5.87e+10  9.68e+04  8.65e+04  2.12e+00  6.91e+15  2.14e+15  1.51e+10  2.14e+15  1.03e+40  1.46e+41  1.14e+41  2.02e+37  1.29e+40  3.77e+39  0.00e+00  1.46e+41  1.35e+41  1.58e+37  0.00e+00  4.69e+39  6.74e+39  5.59e+39  1.42e+38  0.00e+00  3.26e+35  3.32e+39 
1.718e+14   64      0        0  5.01e+09  0.00e+00  0.00e+00  2.17e+42  1.10e-13  5.62e+10  9.55e+04  8.58e+04  2.03e+00  6.85e+15  1.99e+15  1.21e+10  1.99e+15  1.04e+40  1.41e+41  1.11e+41  2.13e+37  1.26e+40  3.83e+39  0.00e+00  1.41e+41  1.31e+41  1.71e+37  0.00e+00  4.71e+39  6.83e+39  5.65e+39  1.42e+38  0.00e+00  4.17e+35  3.39e+39 
1.774e+14   65      0        0  4.95e+09  0.00e+00  0.00e+00  2.39e+42  1.05e-13  5.39e+10  9.43e+04  8.52e+04  1.95e+00  6.80e+15  1.85e+15  8.99e+09  1.85e+15  1.04e+40  1.37e+41  1.08e+41  2.35e+37  1.23e+40  4.04e+39  0.00e+00  1.37e+41  1.26e+41  1.85e+37  0.00e+00  4.72e+39  6.89e+39  5.69e+39  1.46e+38  0.00e+00  4.85e+35  3.56e+39 
1.832e+14   66      0        0  4.89e+09  0.00e+00  0.00e+00  2.63e+42  1.01e-13  5.15e+10  9.31e+04  8.45e+04  1.86e+00  6.75e+15  1.71e+15  7.18e+09  1.71e+15  1.05e+40  1.32e+41  1.04e+41  2.48e+37  1.19e+40  3.99e+39  0.00e+00  1.32e+41  1.22e+41  2.05e+37  0.00e+00  4.71e+39  6.94e+39  5.73e+39  1.52e+38  0.00e+00  4.91e+35  3.52e+39 
1.891e+14   67      0        0  4.85e+09  0.00e+00  0.00e+00  2.89e+42  9.61e-14  4.92e+10  9.19e+04  8.38e+04  1.78e+00  6.69e+15  1.59e+15  6.09e+09  1.59e+15  1.05e+40  1.28e+41  1.01e+41  2.60e+37  1.15e+40  4.04e+39  0.00e+00  1.28e+41  1.17e+41  2.31e+37  0.00e+00  4.70e+39  6.98e+39  5.75e+39  1.50e+38  0.00e+00  3.84e+35  3.57e+39 
1.953e+14   68      0        0  4.80e+09  0.00e+00  0.00e+00  3.18e+42  9.17e-14  4.70e+10  9.07e+04  8.32e+04  1.70e+00  6.64e+15  1.47e+15  4.81e+09  1.47e+15  1.04e+40  1.23e+41  9.73e+40  2.68e+37  1.11e+40  4.15e+39  0.00e+00  1.23e+41  1.12e+41  2.49e+37  0.00e+00  4.67e+39  6.99e+39  5.75e+39  1.45e+38  0.00e+00  4.68e+35  3.67e+39 
2.016e+14   69      0        0  4.75e+09  0.00e+00  0.00e+00  3.50e+42  8.73e-14  4.47e+10  8.94e+04  8.25e+04  1.63e+00  6.59e+15  1.36e+15  3.75e+09  1.36e+15  1.04e+40  1.18e+41  9.36e+40  2.82e+37  1.06e+40  4.06e+39  0.00e+00  1.18e+41  1.07e+41  2.72e+37  0.00e+00  4.62e+39  6.97e+39  5.73e+39  1.45e+38  0.00e+00  4.48e+35  3.59e+39 
2.082e+14   70      0        0  4.70e+09  0.00e+00  0.00e+00  3.85e+42  8.30e-14  4.25e+10  8.83e+04  8.18e+04  1.55e+00  6.53e+15  1.26e+15  3.02e+09  1.26e+15  1.03e+40  1.13e+41  8.98e+40  2.98e+37  1.01e+40  4.13e+39  0.00e+00  1.13e+41  1.02e+41  2.94e+37  0.00e+00  4.55e+39  6.93e+39  5.69e+39  1.50e+38  0.00e+00  5.04e+35  3.66e+39 
2.149e+14   71      0        0  4.66e+09  0.00e+00  0.00e+00  4.23e+42  7.87e-14  4.03e+10  8.72e+04  8.12e+04  1.48e+00  6.48e+15  1.16e+15  2.31e+09  1.16e+15  1.01e+40  1.08e+41  8.60e+40  3.15e+37  9.68e+39  4.22e+39  0.00e+00  1.08e+41  9.75e+40  3.17e+37  0.00e+00  4.48e+39  6.87e+39  5.63e+39  1.49e+38  0.00e+00  4.85e+35  3.75e+39 
2.219e+14   72      0        0  4.62e+09  0.00e+00  0.00e+00  4.66e+42  7.46e-14  3.82e+10  8.61e+04  8.06e+04  1.41e+00  6.43e+15  1.07e+15  1.67e+09  1.07e+15  9.99e+39  1.03e+41  8.22e+40  3.23e+37  9.20e+39  4.20e+39  0.00e+00  1.03e+41  9.28e+40  3.43e+37  0.00e+00  4.39e+39  6.80e+39  5.56e+39  1.43e+38  0.00e+00  5.49e+35  3.73e+39 
2.291e+14   73      0        0  4.58e+09  0.00e+00  0.00e+00  5.13e+42  7.07e-14  3.62e+10  8.49e+04  8.00e+04  1.34e+00  6.38e+15  9.92e+14  1.24e+09  9.92e+14  9.82e+39  9.83e+40  7.86e+40  3.39e+37  8.68e+39  4.21e+39  0.00e+00  9.83e+40  8.81e+40  3.59e+37  0.00e+00  4.30e+39  6.72e+39  5.48e+39  1.45e+38  0.00e+00  3.63e+35  3.72e+39 
2.365e+14   74      0        0  4.54e+09  0.00e+00  0.00e+00  5.64e+42  6.70e-14  3.43e+10  8.37e+04  7.93e+04  1.28e+00  6.33e+15  9.15e+14  1.02e+09  9.15e+14  9.67e+39  9.36e+40  7.50e+40  3.72e+37  8.25e+39  4.07e+39  0.00e+00  9.36e+40  8.35e+40  3.91e+37  0.00e+00  4.21e+39  6.64e+39  5.42e+39  1.55e+38  0.00e+00  4.47e+35  3.59e+39 
2.442e+14   75      0        0  4.53e+09  0.00e+00  0.00e+00  6.21e+42  6.36e-14  3.26e+10  8.26e+04  7.87e+04  1.22e+00  6.28e+15  8.45e+14  8.83e+08  8.45e+14  9.55e+39  8.95e+40  7.18e+40  3.88e+37  7.82e+39  4.16e+39  0.00e+00  8.95e+40  7.95e+40  4.22e+37  0.00e+00  4.15e+39  6.59e+39  5.37e+39  1.56e+38  0.00e+00  3.90e+35  3.68e+39 
2.521e+14   76      0        0  4.52e+09  0.00e+00  0.00e+00  6.83e+42  6.05e-14  3.10e+10  8.16e+04  7.82e+04  1.16e+00  6.24e+15  7.80e+14  7.45e+08  7.80e+14  9.48e+39  8.58e+40  6.89e+40  3.65e+37  7.46e+39  4.25e+39  0.00e+00  8.58e+40  7.59e+40  4.46e+37  0.00e+00  4.10e+39  6.56e+39  5.33e+39  1.43e+38  0.00e+00  5.05e+35  3.76e+39 
2.603e+14   77      0        0  4.48e+09  0.00e+00  0.00e+00  7.52e+42  5.75e-14  2.95e+10  8.07e+04  7.76e+04  1.10e+00  6.19e+15  7.19e+14  6.31e+08  7.19e+14  9.41e+39  8.22e+40  6.60e+40  3.76e+37  7.08e+39  4.37e+39  0.00e+00  8.23e+40  7.25e+40  5.03e+37  0.00e+00  4.05e+39  6.54e+39  5.31e+39  1.38e+38  0.00e+00  5.41e+35  3.91e+39 
2.688e+14   78      0        0  4.44e+09  0.00e+00  0.00e+00  8.27e+42  5.47e-14  2.80e+10  7.95e+04  7.70e+04  1.04e+00  6.15e+15  6.63e+14  5.71e+08  6.63e+14  9.32e+39  7.85e+40  6.32e+40  4.06e+37  6.73e+39  4.29e+39  0.00e+00  7.86e+40  6.88e+40  5.12e+37  0.00e+00  4.00e+39  6.50e+39  5.27e+39  1.48e+38  0.00e+00  4.26e+35  3.82e+39 
2.775e+14   79      0        0  4.42e+09  0.00e+00  0.00e+00  9.11e+42  5.19e-14  2.66e+10  7.85e+04  7.65e+04  9.89e-01  6.11e+15  6.11e+14  5.08e+08  6.11e+14  9.20e+39  7.49e+40  6.03e+40  4.28e+37  6.36e+39  4.24e+39  0.00e+00  7.49e+40  6.53e+40  5.74e+37  0.00e+00  3.93e+39  6.45e+39  5.22e+39  1.56e+38  0.00e+00  5.85e+35  3.80e+39 
2.865e+14   80      0        0  4.41e+09  0.00e+00  0.00e+00  1.00e+43  4.92e-14  2.52e+10  7.76e+04  7.59e+04  9.37e-01  6.06e+15  5.62e+14  4.46e+08  5.62e+14  9.09e+39  7.16e+40  5.76e+40  4.38e+37  6.00e+39  4.41e+39  0.00e+00  7.16e+40  6.21e+40  5.70e+37  0.00e+00  3.86e+39  6.39e+39  5.17e+39  1.52e+38  0.00e+00  5.46e+35  3.92e+39 
2.958e+14   81      0        0  4.40e+09  0.00e+00  0.00e+00  1.10e+43  4.68e-14  2.39e+10  7.66e+04  7.54e+04  8.88e-01  6.02e+15  5.18e+14  3.72e+08  5.18e+14  8.99e+39  6.84e+40  5.51e+40  4.36e+37  5.67e+39  4.41e+39  0.00e+00  6.85e+40  5.91e+40  6.21e+37  0.00e+00  3.81e+39  6.35e+39  5.12e+39  1.47e+38  0.00e+00  4.63e+35  3.92e+39 
3.054e+14   82      0        0  4.38e+09  0.00e+00  0.00e+00  1.21e+43  4.44e-14  2.27e+10  7.57e+04  7.49e+04  8.40e-01  5.98e+15  4.77e+14  3.20e+08  4.77e+14  8.90e+39  6.53e+40  5.26e+40  4.47e+37  5.33e+39  4.39e+39  0.00e+00  6.54e+40  5.61e+40  7.05e+37  0.00e+00  3.75e+39  6.30e+39  5.08e+39  1.46e+38  0.00e+00  4.37e+35  3.91e+39 
3.153e+14   83      0        0  4.36e+09  0.00e+00  0.00e+00  1.34e+43  4.21e-14  2.16e+10  7.48e+04  7.44e+04  7.95e-01  5.94e+15  4.38e+14  2.20e+08  4.38e+14  8.78e+39  6.24e+40  5.02e+40  4.72e+37  5.04e+39  4.48e+39  0.00e+00  6.24e+40  5.32e+40  7.40e+37  0.00e+00  3.69e+39  6.24e+39  5.02e+39  1.50e+38  0.00e+00  4.37e+35  3.99e+39 
3.256e+14   84      0        0  4.35e+09  0.00e+00  0.00e+00  1.47e+43  4.00e-14  2.05e+10  7.39e+04  7.39e+04  7.50e-01  5.90e+15  4.03e+14  1.30e+08  4.03e+14  8.69e+39  5.97e+40  4.79e+40  5.42e+37  4.78e+39  4.55e+39  0.00e+00  5.97e+40  5.06e+40  7.69e+37  0.00e+00  3.63e+39  6.19e+39  4.98e+39  1.52e+38  0.00e+00  5.71e+35  4.01e+39 
3.362e+14   85      0        0  4.34e+09  0.00e+00  0.00e+00  1.62e+43  3.81e-14  1.95e+10  7.30e+04  7.34e+04  7.07e-01  5.86e+15  3.71e+14  1.22e+08  3.71e+14  8.64e+39  5.72e+40  4.59e+40  5.19e+37  4.49e+39  4.60e+39  0.00e+00  5.72e+40  4.81e+40  8.42e+37  0.00e+00  3.60e+39  6.18e+39  4.96e+39  1.49e+38  0.00e+00  4.38e+35  4.08e+39 
3.471e+14   86      0        0  4.33e+09  0.00e+00  0.00e+00  1.78e+43  3.62e-14  1.85e+10  7.22e+04  7.30e+04  6.66e-01  5.82e+15  3.40e+14  1.15e+08  3.40e+14  8.58e+39  5.47e+40  4.38e+40  5.01e+37  4.24e+39  4.65e+39  0.00e+00  5.47e+40  4.57e+40  9.28e+37  0.00e+00  3.55e+39  6.15e+39  4.93e+39  1.41e+38  0.00e+00  4.43e+35  4.15e+39 
3.583e+14   87      0        0  4.30e+09  0.00e+00  0.00e+00  1.96e+43  3.43e-14  1.76e+10  7.14e+04  7.25e+04  6.26e-01  5.79e+15  3.12e+14  1.08e+08  3.12e+14  8.45e+39  5.21e+40  4.17e+40  4.95e+37  3.97e+39  4.65e+39  0.00e+00  5.21e+40  4.33e+40  9.97e+37  0.00e+00  3.49e+39  6.07e+39  4.86e+39  1.42e+38  0.00e+00  4.93e+35  4.18e+39 
3.700e+14   88      0        0  4.28e+09  0.00e+00  0.00e+00  2.16e+43  3.24e-14  1.66e+10  7.05e+04  7.20e+04  5.89e-01  5.75e+15  2.86e+14  1.01e+08  2.86e+14  8.29e+39  4.94e+40  3.95e+40  5.61e+37  3.69e+39  4.62e+39  0.00e+00  4.95e+40  4.08e+40  1.05e+38  0.00e+00  3.40e+39  5.97e+39  4.78e+39  1.53e+38  0.00e+00  3.27e+35  4.15e+39 
3.820e+14   89      0        0  4.28e+09  0.00e+00  0.00e+00  2.37e+43  3.07e-14  1.57e+10  6.94e+04  7.16e+04  5.53e-01  5.72e+15  2.62e+14  7.15e+07  2.62e+14  8.14e+39  4.68e+40  3.75e+40  5.90e+37  3.45e+39  4.40e+39  0.00e+00  4.69e+40  3.83e+40  1.06e+38  0.00e+00  3.33e+39  5.90e+39  4.71e+39  1.61e+38  0.00e+00  6.16e+35  3.92e+39 
3.944e+14   90      0        0  4.29e+09  0.00e+00  0.00e+00  2.61e+43  2.90e-14  1.49e+10  6.90e+04  7.12e+04  5.18e-01  5.68e+15  2.40e+14  6.69e+07  2.40e+14  7.99e+39  4.45e+40  3.54e+40  5.08e+37  3.16e+39  4.64e+39  0.00e+00  4.46e+40  3.62e+40  1.15e+38  0.00e+00  3.26e+39  5.80e+39  4.62e+39  1.50e+38  0.00e+00  5.86e+35  4.22e+39 
4.072e+14   91      0        0  4.29e+09  0.00e+00  0.00e+00  2.87e+43  2.73e-14  1.40e+10  6.83e+04  7.08e+04  4.85e-01  5.65e+15  2.20e+14  6.28e+07  2.20e+14  7.77e+39  4.21e+40  3.34e+40  4.50e+37  2.90e+39  4.66e+39  0.00e+00  4.21e+40  3.40e+40  1.24e+38  0.00e+00  3.15e+39  5.65e+39  4.50e+39  1.35e+38  0.00e+00  4.56e+35  4.24e+39 
4.204e+14   92      0        0  4.26e+09  0.00e+00  0.00e+00  3.16e+43  2.56e-14  1.31e+10  6.76e+04  7.04e+04  4.53e-01  5.62e+15  2.01e+14  5.90e+07  2.01e+14  7.51e+39  3.96e+40  3.14e+40  4.61e+37  2.66e+39  4.59e+39  0.00e+00  3.96e+40  3.18e+40  1.16e+38  0.00e+00  3.04e+39  5.48e+39  4.36e+39  1.42e+38  0.00e+00  5.22e+35  4.16e+39 
4.341e+14   93      0        0  4.24e+09  0.00e+00  0.00e+00  3.48e+43  2.41e-14  1.24e+10  6.62e+04  7.00e+04  4.24e-01  5.59e+15  1.83e+14  5.53e+07  1.83e+14  7.30e+39  3.71e+40  2.95e+40  5.49e+37  2.46e+39  4.23e+39  0.00e+00  3.71e+40  2.95e+40  1.28e+38  0.00e+00  2.93e+39  5.35e+39  4.24e+39  1.59e+38  0.00e+00  5.01e+35  3.82e+39 
4.482e+14   94      0        0  4.27e+09  0.00e+00  0.00e+00  3.83e+43  2.27e-14  1.16e+10  6.60e+04  6.96e+04  3.94e-01  5.56e+15  1.67e+14  5.18e+07  1.67e+14  7.13e+39  3.52e+40  2.78e+40  5.00e+37  2.23e+39  4.42e+39  0.00e+00  3.53e+40  2.78e+40  1.30e+38  0.00e+00  2.86e+39  5.23e+39  4.15e+39  1.51e+38  0.00e+00  3.99e+35  4.02e+39 
4.627e+14   95      0        0  4.27e+09  0.00e+00  0.00e+00  4.22e+43  2.13e-14  1.09e+10  6.57e+04  6.93e+04  3.67e-01  5.53e+15  1.53e+14  4.87e+07  1.53e+14  6.91e+39  3.33e+40  2.60e+40  3.93e+37  2.00e+39  4.54e+39  0.00e+00  3.33e+40  2.60e+40  1.38e+38  0.00e+00  2.76e+39  5.07e+39  4.01e+39  1.23e+38  0.00e+00  4.65e+35  4.13e+39 
4.777e+14   96      0        0  4.23e+09  0.00e+00  0.00e+00  4.64e+43  1.99e-14  1.02e+10  6.52e+04  6.90e+04  3.40e-01  5.51e+15  1.39e+14  4.58e+07  1.39e+14  6.59e+39  3.11e+40  2.43e+40  3.87e+37  1.79e+39  4.43e+39  0.00e+00  3.11e+40  2.42e+40  1.34e+38  0.00e+00  2.63e+39  4.85e+39  3.84e+39  1.27e+38  0.00e+00  4.05e+35  4.02e+39 
4.932e+14   97      0        0  4.20e+09  0.00e+00  0.00e+00  5.11e+43  1.85e-14  9.49e+09  6.38e+04  6.87e+04  3.16e-01  5.48e+15  1.27e+14  4.29e+07  1.27e+14  6.27e+39  2.87e+40  2.25e+40  4.92e+37  1.62e+39  4.01e+39  0.00e+00  2.87e+40  2.21e+40  1.31e+38  0.00e+00  2.48e+39  4.64e+39  3.66e+39  1.62e+38  0.00e+00  4.47e+35  3.63e+39 
5.093e+14   98      0        0  4.24e+09  0.00e+00  0.00e+00  5.62e+43  1.73e-14  8.84e+09  6.29e+04  6.82e+04  2.94e-01  5.45e+15  1.15e+14  4.01e+07  1.15e+14  5.97e+39  2.65e+40  2.08e+40  4.65e+37  1.44e+39  3.76e+39  0.00e+00  2.66e+40  2.03e+40  1.38e+38  0.00e+00  2.34e+39  4.43e+39  3.49e+39  1.63e+38  0.00e+00  4.15e+35  3.41e+39 
5.258e+14   99      0        0  4.30e+09  0.00e+00  0.00e+00  6.19e+43  1.60e-14  8.20e+09  6.33e+04  6.79e+04  2.72e-01  5.42e+15  1.04e+14  3.47e+07  1.04e+14  5.68e+39  2.48e+40  1.92e+40  3.00e+37  1.25e+39  3.97e+39  0.00e+00  2.49e+40  1.89e+40  1.37e+38  0.00e+00  2.23e+39  4.20e+39  3.31e+39  1.25e+38  0.00e+00  3.51e+35  3.63e+39 
5.429e+14  100      0        0  4.27e+09  0.00e+00  0.00e+00  6.81e+43  1.48e-14  7.57e+09  6.27e+04  6.77e+04  2.50e-01  5.40e+15  9.47e+13  2.36e+07  9.47e+13  5.32e+39  2.28e+40  1.77e+40  2.46e+37  1.08e+39  3.74e+39  0.00e+00  2.28e+40  1.73e+40  1.41e+38  0.00e+00  2.08e+39  3.94e+39  3.10e+39  1.12e+38  0.00e+00  2.87e+35  3.46e+39 
5.605e+14  101      0        0  4.23e+09  0.00e+00  0.00e+00  7.50e+43  1.36e-14  6.96e+09  6.19e+04  6.74e+04  2.31e-01  5.38e+15  8.60e+13  2.21e+07  8.60e+13  4.92e+39  2.08e+40  1.62e+40  3.25e+37  9.33e+38  3.41e+39  0.00e+00  2.09e+40  1.56e+40  1.27e+38  0.00e+00  1.91e+39  3.66e+39  2.88e+39  1.44e+38  0.00e+00  3.31e+35  3.11e+39 
5.787e+14  102      0        0  4.26e+09  0.00e+00  0.00e+00  8.25e+43  1.24e-14  6.36e+09  6.06e+04  6.71e+04  2.13e-01  5.36e+15  7.79e+13  2.07e+07  7.79e+13  4.51e+39  1.88e+40  1.47e+40  3.17e+37  8.05e+38  3.03e+39  0.00e+00  1.88e+40  1.40e+40  1.25e+38  0.00e+00  1.74e+39  3.37e+39  2.64e+39  1.57e+38  0.00e+00  3.34e+35  2.78e+39 
5.975e+14  103      0        0  4.33e+09  0.00e+00  0.00e+00  9.08e+43  1.13e-14  5.80e+09  6.07e+04  6.68e+04  1.96e-01  5.33e+15  7.06e+13  1.93e+07  7.06e+13  4.13e+39  1.71e+40  1.33e+40  2.27e+37  6.74e+38  2.94e+39  0.00e+00  1.71e+40  1.27e+40  1.22e+38  0.00e+00  1.59e+39  3.08e+39  2.42e+39  1.30e+38  0.00e+00  2.84e+35  2.73e+39 
6.169e+14  104      0        0  4.35e+09  0.00e+00  0.00e+00  1.00e+44  1.03e-14  5.26e+09  6.05e+04  6.66e+04  1.81e-01  5.32e+15  6.41e+13  1.81e+07  6.41e+13  3.74e+39  1.56e+40  1.20e+40  1.55e+37  5.74e+38  2.85e+39  0.00e+00  1.55e+40  1.15e+40  1.12e+38  0.00e+00  1.44e+39  2.80e+39  2.19e+39  1.07e+38  0.00e+00  2.23e+35  2.65e+39 
6.369e+14  105      0        0  4.33e+09  0.00e+00  0.00e+00  1.10e+44  9.31e-15  4.77e+09  6.02e+04  6.64e+04  1.66e-01  5.30e+15  5.83e+13  1.70e+07  5.83e+13  3.37e+39  1.40e+40  1.08e+40  1.51e+37  4.73e+38  2.51e+39  0.00e+00  1.40e+40  1.04e+40  9.82e+37  0.00e+00  1.30e+39  2.53e+39  1.98e+39  1.19e+38  0.00e+00  1.75e+35  2.33e+39 
6.576e+14  106      0        0  4.34e+09  0.00e+00  0.00e+00  1.21e+44  8.42e-15  4.31e+09  5.65e+04  6.61e+04  1.53e-01  5.28e+15  5.30e+13  1.59e+07  5.30e+13  2.98e+39  1.27e+40  9.78e+39  1.75e+37  4.41e+38  2.37e+39  0.00e+00  1.20e+40  8.83e+39  8.37e+37  0.00e+00  1.12e+39  2.28e+39  1.77e+39  1.26e+38  0.00e+00  2.12e+35  2.20e+39 
6.789e+14  107      0        1  4.40e+09  0.00e+00  0.00e+00  1.33e+44  7.61e-15  3.90e+09  4.59e+04  6.60e+04  1.41e-01  5.27e+15  4.81e+13  1.49e+07  4.81e+13  2.48e+39  1.22e+40  8.82e+39  3.65e+37  4.84e+38  2.77e+39  0.00e+00  9.15e+39  6.48e+39  5.25e+37  0.00e+00  8.85e+38  2.06e+39  1.54e+39  9.38e+37  0.00e+00  2.58e+35  2.42e+39 
7.010e+14  108      0        2  4.45e+09  0.00e+00  0.00e+00  1.47e+44  6.87e-15  3.52e+09  5.73e+04  6.59e+04  1.29e-01  5.26e+15  4.38e+13  1.39e+07  4.38e+13  2.41e+39  3.31e+40  7.96e+39  1.98e+39  3.45e+38  2.27e+40  0.00e+00  9.90e+39  7.31e+39  7.33e+37  0.00e+00  9.13e+38  1.84e+39  1.43e+39  1.02e+38  0.00e+00  1.50e+35  2.08e+39 
7.237e+14  109      0        2  4.46e+09  0.00e+00  0.00e+00  1.62e+44  6.18e-15  3.17e+09  4.64e+04  6.56e+04  1.19e-01  5.24e+15  3.99e+13  1.31e+07  3.99e+13  3.80e+39  4.14e+41  7.15e+39  1.12e+40  3.33e+38  3.95e+41  0.00e+00  9.32e+39  5.35e+39  1.86e+39  0.00e+00  7.12e+38  1.64e+39  1.24e+39  8.49e+37  0.00e+00  1.60e+35  2.08e+39 
7.472e+14  110      0        0  4.48e+09  0.00e+00  0.00e+00  1.78e+44  5.56e-15  2.84e+09  4.01e+04  6.53e+04  1.11e-01  5.22e+15  3.64e+13  8.46e+06  3.64e+13  1.54e+40  1.97e+40  6.41e+39  1.06e+40  2.71e+38  2.37e+39  0.00e+00  1.97e+40  4.16e+39  1.37e+40  0.00e+00  5.68e+38  2.10e+39  1.12e+39  7.87e+37  0.00e+00  1.61e+35  1.81e+39 
7.715e+14  111      0        0  4.55e+09  0.00e+00  0.00e+00  1.96e+44  5.00e-15  2.56e+09  3.96e+04  6.51e+04  1.02e-01  5.20e+15  3.32e+13  5.71e+06  3.32e+13  5.81e+40  1.68e+40  5.78e+39  8.39e+39  2.26e+38  2.33e+39  0.00e+00  6.19e+40  3.71e+39  5.66e+40  0.00e+00  5.06e+38  1.26e+39  9.60e+38  7.40e+37  0.00e+00  1.43e+35  1.62e+39 
7.965e+14  112      0        0  4.61e+09  0.00e+00  0.00e+00  2.16e+44  4.54e-15  2.32e+09  3.84e+04  6.50e+04  9.40e-02  5.19e+15  3.03e+13  5.34e+06  3.03e+13  1.01e+40  1.35e+40  5.26e+39  6.08e+39  1.97e+38  1.97e+39  0.00e+00  1.35e+40  3.28e+39  8.74e+39  0.00e+00  4.46e+38  1.70e+39  9.02e+38  6.37e+37  0.00e+00  1.11e+35  1.55e+39 
8.224e+14  113      0        0  4.63e+09  0.00e+00  0.00e+00  2.37e+44  4.13e-15  2.11e+09  3.82e+04  6.49e+04  8.68e-02  5.18e+15  2.77e+13  2.92e+06  2.77e+13  9.02e+39  1.20e+40  4.81e+39  5.23e+39  1.65e+38  1.77e+39  0.00e+00  1.21e+40  3.00e+39  7.80e+39  0.00e+00  4.05e+38  1.55e+39  8.20e+38  6.26e+37  0.00e+00  8.80e+34  1.41e+39 
8.491e+14  114      0        0  4.66e+09  0.00e+00  0.00e+00  2.61e+44  3.74e-15  1.91e+09  3.87e+04  6.48e+04  7.99e-02  5.17e+15  2.54e+13  0.00e+00  2.54e+13  8.61e+39  1.11e+40  4.38e+39  4.96e+39  1.34e+38  1.55e+39  0.00e+00  1.15e+40  2.77e+39  7.50e+39  0.00e+00  3.68e+38  1.40e+39  7.40e+38  6.68e+37  0.00e+00  8.26e+34  1.24e+39 
8.767e+14  115      0        0  4.72e+09  0.00e+00  0.00e+00  2.88e+44  3.37e-15  1.72e+09  3.81e+04  6.47e+04  7.39e-02  5.16e+15  2.33e+13  0.00e+00  2.33e+13  7.14e+39  9.71e+39  3.98e+39  4.22e+39  1.13e+38  1.37e+39  0.00e+00  9.73e+39  2.48e+39  6.15e+39  0.00e+00  3.26e+38  1.25e+39  6.60e+38  6.59e+37  0.00e+00  7.22e+34  1.11e+39 
9.051e+14  116      0        1  4.79e+09  0.00e+00  0.00e+00  3.17e+44  3.05e-15  1.56e+09  3.66e+04  6.46e+04  6.82e-02  5.16e+15  2.14e+13  0.00e+00  2.14e+13  5.26e+39  8.69e+39  3.64e+39  3.62e+39  1.08e+38  1.30e+39  0.00e+00  7.54e+39  2.18e+39  4.38e+39  0.00e+00  2.85e+38  1.13e+39  5.90e+38  6.06e+37  0.00e+00  6.31e+34  1.09e+39 
9.345e+14  117      0        1  4.85e+09  0.00e+00  0.00e+00  3.49e+44  2.77e-15  1.41e+09  3.54e+04  6.46e+04  6.28e-02  5.16e+15  1.98e+13  0.00e+00  1.98e+13  4.07e+39  7.84e+39  3.36e+39  3.26e+39  8.69e+37  1.12e+39  0.00e+00  6.11e+39  1.95e+39  3.28e+39  0.00e+00  2.53e+38  1.02e+39  5.32e+38  5.94e+37  0.00e+00  5.50e+34  9.52e+38 
9.649e+14  118      0        2  4.92e+09  0.00e+00  0.00e+00  3.84e+44  2.49e-15  1.27e+09  3.38e+04  6.48e+04  5.75e-02  5.17e+15  1.83e+13  0.00e+00  1.83e+13  2.90e+39  1.14e+40  3.08e+39  7.41e+39  6.43e+37  8.07e+38  0.00e+00  4.69e+39  1.70e+39  2.21e+39  0.00e+00  2.19e+38  9.18e+38  4.71e+38  5.75e+37  0.00e+00  4.08e+34  8.07e+38 
9.962e+14  119      0        1  5.01e+09  0.00e+00  0.00e+00  4.23e+44  2.24e-15  1.14e+09  3.43e+04  6.52e+04  5.19e-02  5.20e+15  1.69e+13  0.00e+00  1.69e+13  2.76e+39  6.50e+39  2.83e+39  2.42e+39  6.14e+37  1.17e+39  0.00e+00  4.42e+39  1.58e+39  2.14e+39  0.00e+00  1.97e+38  8.14e+38  4.19e+38  5.55e+37  0.00e+00  4.07e+34  8.52e+38 
1.029e+15  120      0        2  5.09e+09  0.00e+00  0.00e+00  4.65e+44  2.01e-15  1.03e+09  3.64e+04  6.46e+04  4.93e-02  5.15e+15  1.54e+13  0.00e+00  1.54e+13  1.73e+40  3.52e+42  2.54e+39  5.05e+39  5.15e+37  3.51e+42  0.00e+00  1.89e+40  1.52e+39  1.67e+40  0.00e+00  1.84e+38  4.82e+38  3.64e+38  5.49e+37  0.00e+00  3.05e+34  7.61e+38 
1.062e+15  121      0        0  5.16e+09  0.00e+00  0.00e+00  5.12e+44  1.83e-15  9.37e+08  3.28e+04  6.40e+04  4.68e-02  5.11e+15  1.41e+13  0.00e+00  1.41e+13  1.81e+39  7.61e+39  2.31e+39  3.79e+39  4.39e+37  1.46e+39  0.00e+00  3.14e+39  1.25e+39  1.32e+39  0.00e+00  1.55e+38  6.63e+38  3.38e+38  4.95e+37  0.00e+00  2.79e+34  6.67e+38 
1.096e+15  122      0        0  5.23e+09  0.00e+00  0.00e+00  5.64e+44  1.68e-15  8.58e+08  3.22e+04  6.36e+04  4.39e-02  5.08e+15  1.30e+13  0.00e+00  1.30e+13  4.84e+39  6.06e+39  2.12e+39  3.25e+39  3.80e+37  6.43e+38  0.00e+00  6.05e+39  1.14e+39  4.39e+39  0.00e+00  1.41e+38  4.70e+38  3.07e+38  4.88e+37  0.00e+00  2.77e+34  6.12e+38 
1.132e+15  123      0        0  5.31e+09  0.00e+00  0.00e+00  6.21e+44  1.55e-15  7.90e+08  3.13e+04  6.31e+04  4.15e-02  5.04e+15  1.19e+13  0.00e+00  1.19e+13  3.89e+39  4.98e+39  1.96e+39  2.38e+39  3.38e+37  6.05e+38  0.00e+00  4.98e+39  1.03e+39  3.48e+39  0.00e+00  1.29e+38  4.38e+38  2.85e+38  4.32e+37  0.00e+00  2.32e+34  5.77e+38 
1.169e+15  124      0        0  5.35e+09  0.00e+00  0.00e+00  6.84e+44  1.43e-15  7.30e+08  3.01e+04  6.28e+04  3.90e-02  5.01e+15  1.09e+13  0.00e+00  1.09e+13  2.96e+39  3.97e+39  1.82e+39  1.52e+39  3.06e+37  5.89e+38  0.00e+00  3.94e+39  9.26e+38  2.57e+39  0.00e+00  1.18e+38  4.12e+38  2.66e+38  3.67e+37  0.00e+00  1.66e+34  5.64e+38 
1.207e+15  125      0        0  5.36e+09  0.00e+00  0.00e+00  7.53e+44  1.33e-15  6.79e+08  3.05e+04  6.27e+04  3.63e-02  5.01e+15  1.01e+13  0.00e+00  1.01e+13  3.01e+39  3.98e+39  1.73e+39  1.68e+39  2.67e+37  5.51e+38  0.00e+00  3.96e+39  8.93e+38  2.64e+39  0.00e+00  1.13e+38  3.92e+38  2.54e+38  4.02e+37  0.00e+00  1.54e+34  5.27e+38 
1.246e+15  126      0        0  5.39e+09  0.00e+00  0.00e+00  8.29e+44  1.24e-15  6.32e+08  3.15e+04  6.26e+04  3.40e-02  5.00e+15  9.41e+12  0.00e+00  9.41e+12  3.32e+39  4.27e+39  1.64e+39  2.10e+39  2.30e+37  5.04e+38  0.00e+00  4.26e+39  8.74e+38  2.97e+39  0.00e+00  1.10e+38  3.74e+38  2.44e+38  5.12e+37  0.00e+00  1.63e+34  4.82e+38 
1.286e+15  127      0        0  5.51e+09  0.00e+00  0.00e+00  9.13e+44  1.15e-15  5.87e+08  3.12e+04  6.22e+04  3.21e-02  4.96e+15  8.65e+12  0.00e+00  8.65e+12  3.01e+39  3.90e+39  1.53e+39  1.88e+39  2.03e+37  4.72e+38  0.00e+00  3.90e+39  8.15e+38  2.68e+39  0.00e+00  1.04e+38  3.55e+38  2.31e+38  5.24e+37  0.00e+00  1.75e+34  4.52e+38 
1.328e+15  128      0        0  5.64e+09  0.00e+00  0.00e+00  1.01e+45  1.07e-15  5.45e+08  3.00e+04  6.16e+04  3.05e-02  4.92e+15  7.92e+12  0.00e+00  7.92e+12  2.30e+39  3.10e+39  1.42e+39  1.21e+39  1.87e+37  4.56e+38  0.00e+00  3.09e+39  7.33e+38  1.98e+39  0.00e+00  9.62e+37  3.37e+38  2.17e+38  4.19e+37  0.00e+00  1.42e+34  4.38e+38 
1.371e+15  129      0        0  5.69e+09  0.00e+00  0.00e+00  1.11e+45  9.97e-16  5.09e+08  2.91e+04  6.13e+04  2.87e-02  4.89e+15  7.31e+12  0.00e+00  7.31e+12  1.86e+39  2.61e+39  1.34e+39  7.99e+38  1.72e+37  4.53e+38  0.00e+00  2.59e+39  6.75e+38  1.56e+39  0.00e+00  9.06e+37  3.24e+38  2.08e+38  3.71e+37  0.00e+00  1.03e+34  4.36e+38 
1.416e+15  130      0        0  5.70e+09  0.00e+00  0.00e+00  1.22e+45  9.25e-16  4.73e+08  2.97e+04  6.12e+04  2.68e-02  4.89e+15  6.81e+12  0.00e+00  6.81e+12  1.97e+39  2.70e+39  1.27e+39  9.94e+38  1.48e+37  4.21e+38  0.00e+00  2.69e+39  6.57e+38  1.69e+39  0.00e+00  8.73e+37  3.07e+38  1.98e+38  4.31e+37  0.00e+00  1.05e+34  4.05e+38 
1.462e+15  131      0        0  5.76e+09  0.00e+00  0.00e+00  1.34e+45  8.49e-16  4.34e+08  3.01e+04  6.10e+04  2.52e-02  4.87e+15  6.31e+12  0.00e+00  6.31e+12  1.95e+39  2.64e+39  1.19e+39  1.05e+39  1.26e+37  3.86e+38  0.00e+00  2.64e+39  6.25e+38  1.68e+39  0.00e+00  8.19e+37  2.86e+38  1.85e+38  4.93e+37  0.00e+00  9.65e+33  3.71e+38 
1.509e+15  132      0        0  5.89e+09  0.00e+00  0.00e+00  1.48e+45  7.71e-16  3.94e+08  3.00e+04  6.06e+04  2.39e-02  4.84e+15  5.82e+12  0.00e+00  5.82e+12  1.72e+39  2.36e+39  1.09e+39  9.07e+38  1.07e+37  3.48e+38  0.00e+00  2.35e+39  5.74e+38  1.47e+39  0.00e+00  7.42e+37  2.59e+38  1.67e+38  4.88e+37  0.00e+00  8.22e+33  3.35e+38 
1.558e+15  133      0        0  6.02e+09  0.00e+00  0.00e+00  1.63e+45  6.98e-16  3.57e+08  2.99e+04  6.02e+04  2.26e-02  4.81e+15  5.36e+12  0.00e+00  5.36e+12  1.50e+39  2.09e+39  9.92e+38  7.74e+38  9.02e+36  3.13e+38  0.00e+00  2.08e+39  5.25e+38  1.28e+39  0.00e+00  6.67e+37  2.34e+38  1.51e+38  4.84e+37  0.00e+00  6.60e+33  3.02e+38 
1.609e+15  134      0        0  6.15e+09  0.00e+00  0.00e+00  1.79e+45  6.26e-16  3.20e+08  3.00e+04  5.97e+04  2.15e-02  4.77e+15  4.93e+12  0.00e+00  4.93e+12  1.33e+39  1.88e+39  8.93e+38  7.06e+38  7.40e+36  2.73e+38  0.00e+00  1.88e+39  4.79e+38  1.14e+39  0.00e+00  5.93e+37  2.07e+38  1.34e+38  5.24e+37  0.00e+00  5.32e+33  2.64e+38 
1.661e+15  135      0        0  6.34e+09  0.00e+00  0.00e+00  1.98e+45  5.59e-16  2.86e+08  2.99e+04  5.90e+04  2.06e-02  4.71e+15  4.50e+12  0.00e+00  4.50e+12  1.15e+39  1.65e+39  7.92e+38  6.17e+38  6.04e+36  2.34e+38  0.00e+00  1.65e+39  4.29e+38  9.85e+38  0.00e+00  5.21e+37  1.83e+38  1.18e+38  5.56e+37  0.00e+00  4.84e+33  2.27e+38 
1.715e+15  136      0        0  6.59e+09  0.00e+00  0.00e+00  2.18e+45  4.99e-16  2.55e+08  2.95e+04  5.82e+04  1.97e-02  4.65e+15  4.08e+12  0.00e+00  4.08e+12  9.27e+38  1.36e+39  6.96e+38  4.60e+38  5.00e+36  2.01e+38  0.00e+00  1.36e+39  3.77e+38  7.79e+38  0.00e+00  4.52e+37  1.60e+38  1.03e+38  4.97e+37  0.00e+00  4.00e+33  1.95e+38 
1.771e+15  137      0        0  6.79e+09  0.00e+00  0.00e+00  2.40e+45  4.38e-16  2.24e+08  2.90e+04  5.75e+04  1.88e-02  4.59e+15  3.72e+12  0.00e+00  3.72e+12  7.24e+38  1.10e+39  6.05e+38  3.24e+38  4.01e+36  1.70e+38  0.00e+00  1.10e+39  3.28e+38  5.99e+38  0.00e+00  3.81e+37  1.36e+38  8.74e+37  4.36e+37  0.00e+00  2.99e+33  1.65e+38 
1.828e+15  138      0        0  6.95e+09  0.00e+00  0.00e+00  2.65e+45  3.85e-16  1.97e+08  2.89e+04  5.70e+04  1.78e-02  4.55e+15  3.39e+12  0.00e+00  3.39e+12  5.95e+38  9.32e+38  5.29e+38  2.56e+38  3.18e+36  1.43e+38  0.00e+00  9.32e+38  2.88e+38  4.89e+38  0.00e+00  3.23e+37  1.16e+38  7.42e+37  4.21e+37  0.00e+00  2.11e+33  1.40e+38 
1.887e+15  139      0        0  7.11e+09  0.00e+00  0.00e+00  2.92e+45  3.41e-16  1.74e+08  2.89e+04  5.64e+04  1.70e-02  4.50e+15  3.09e+12  0.00e+00  3.09e+12  5.11e+38  8.20e+38  4.64e+38  2.31e+38  2.56e+36  1.22e+38  0.00e+00  8.18e+38  2.57e+38  4.19e+38  0.00e+00  2.79e+37  1.00e+38  6.41e+37  4.54e+37  0.00e+00  1.85e+33  1.19e+38 
1.949e+15  140      0        0  7.35e+09  0.00e+00  0.00e+00  3.22e+45  3.05e-16  1.56e+08  2.86e+04  5.56e+04  1.62e-02  4.44e+15  2.79e+12  0.00e+00  2.79e+12  4.21e+38  6.94e+38  4.08e+38  1.78e+38  2.13e+36  1.06e+38  0.00e+00  6.94e+38  2.26e+38  3.40e+38  0.00e+00  2.44e+37  8.84e+37  5.65e+37  4.24e+37  0.00e+00  1.65e+33  1.04e+38 
2.012e+15  141      0        0  7.56e+09  0.00e+00  0.00e+00  3.55e+45  2.71e-16  1.38e+08  2.83e+04  5.48e+04  1.55e-02  4.38e+15  2.52e+12  0.00e+00  2.52e+12  3.43e+38  5.61e+38  3.55e+38  1.15e+38  1.71e+36  8.94e+37  0.00e+00  5.81e+38  1.98e+38  2.73e+38  0.00e+00  2.11e+37  7.68e+37  4.90e+37  3.64e+37  0.00e+00  1.27e+33  8.77e+37 
2.077e+15  142      0        0  7.70e+09  0.00e+00  0.00e+00  3.91e+45  2.39e-16  1.22e+08  2.83e+04  5.42e+04  1.47e-02  4.33e+15  2.29e+12  0.00e+00  2.29e+12  2.89e+38  4.65e+38  3.10e+38  7.84e+37  1.35e+36  7.58e+37  0.00e+00  5.00e+38  1.75e+38  2.29e+38  0.00e+00  1.81e+37  6.59e+37  4.20e+37  3.29e+37  0.00e+00  9.20e+32  7.45e+37 
2.145e+15  143      0        1  7.81e+09  0.00e+00  0.00e+00  4.31e+45  2.16e-16  1.10e+08  2.85e+04  5.37e+04  1.39e-02  4.29e+15  2.09e+12  0.00e+00  2.09e+12  2.69e+38  4.09e+38  2.78e+38  6.30e+37  1.11e+36  6.68e+37  0.00e+00  4.64e+38  1.60e+38  2.15e+38  0.00e+00  1.63e+37  5.92e+37  3.78e+37  3.26e+37  0.00e+00  7.78e+32  6.58e+37 
2.214e+15  144      0        1  7.92e+09  0.00e+00  0.00e+00  4.75e+45  1.99e-16  1.02e+08  2.80e+04  5.31e+04  1.32e-02  4.24e+15  1.90e+12  0.00e+00  1.90e+12  2.26e+38  3.64e+38  2.54e+38  5.00e+37  9.45e+35  5.94e+37  0.00e+00  4.05e+38  1.45e+38  1.76e+38  0.00e+00  1.51e+37  5.53e+37  3.52e+37  3.12e+37  0.00e+00  7.75e+32  5.85e+37 
2.286e+15  145      0        1  8.02e+09  0.00e+00  0.00e+00  5.23e+45  1.85e-16  9.48e+07  2.80e+04  5.26e+04  1.25e-02  4.20e+15  1.73e+12  0.00e+00  1.73e+12  2.13e+38  3.10e+38  2.34e+38  1.66e+37  8.63e+35  5.84e+37  0.00e+00  3.75e+38  1.35e+38  1.65e+38  0.00e+00  1.44e+37  5.30e+37  3.37e+37  2.48e+37  0.00e+00  3.77e+32  5.76e+37 
2.361e+15  146      0        1  7.99e+09  0.00e+00  0.00e+00  5.75e+45  1.74e-16  8.88e+07  2.74e+04  5.24e+04  1.17e-02  4.18e+15  1.59e+12  0.00e+00  1.59e+12  1.82e+38  2.88e+38  2.21e+38  9.28e+36  7.98e+35  5.59e+37  0.00e+00  3.30e+38  1.25e+38  1.36e+38  0.00e+00  1.37e+37  5.12e+37  3.24e+37  1.99e+37  0.00e+00  4.59e+32  5.53e+37 
2.437e+15  147      0        1  7.88e+09  0.00e+00  0.00e+00  6.32e+45  1.64e-16  8.37e+07  2.76e+04  5.23e+04  1.09e-02  4.17e+15  1.48e+12  0.00e+00  1.48e+12  1.80e+38  2.75e+38  2.13e+38  7.44e+36  7.34e+35  5.42e+37  0.00e+00  3.24e+38  1.21e+38  1.35e+38  0.00e+00  1.35e+37  5.00e+37  3.17e+37  2.04e+37  0.00e+00  4.42e+32  5.36e+37 
2.516e+15  148      0        0  7.78e+09  0.00e+00  0.00e+00  6.95e+45  1.57e-16  8.01e+07  2.68e+04  5.23e+04  1.02e-02  4.17e+15  1.37e+12  0.00e+00  1.37e+12  1.56e+38  2.74e+38  2.09e+38  7.58e+36  7.21e+35  5.68e+37  0.00e+00  2.96e+38  1.16e+38  1.11e+38  0.00e+00  1.33e+37  5.03e+37  3.17e+37  2.14e+37  0.00e+00  3.78e+32  5.62e+37 
2.598e+15  149      0        0  7.71e+09  0.00e+00  0.00e+00  7.64e+45  1.52e-16  7.74e+07  2.68e+04  5.24e+04  9.48e-03  4.18e+15  1.29e+12  0.00e+00  1.29e+12  1.59e+38  2.73e+38  2.08e+38  6.44e+36  6.78e+35  5.80e+37  0.00e+00  2.96e+38  1.15e+38  1.12e+38  0.00e+00  1.37e+37  5.17e+37  3.26e+37  1.97e+37  0.00e+00  3.51e+32  5.73e+37 
2.682e+15  150      0        0  7.60e+09  0.00e+00  0.00e+00  8.40e+45  1.49e-16  7.60e+07  2.72e+04  5.26e+04  8.74e-03  4.20e+15  1.21e+12  0.00e+00  1.21e+12  1.77e+38  2.83e+38  2.13e+38  7.39e+36  6.66e+35  6.22e+37  0.00e+00  3.12e+38  1.19e+38  1.28e+38  0.00e+00  1.46e+37  5.47e+37  3.46e+37  1.28e+37  0.00e+00  4.03e+32  6.13e+37 
2.769e+15  151      0        0  7.35e+09  0.00e+00  0.00e+00  9.22e+45  1.49e-16  7.64e+07  2.70e+04  5.31e+04  8.00e-03  4.24e+15  1.15e+12  0.00e+00  1.15e+12  1.84e+38  3.06e+38  2.25e+38  1.08e+37  6.90e+35  6.89e+37  0.00e+00  3.14e+38  1.23e+38  1.30e+38  0.00e+00  1.61e+37  6.07e+37  3.83e+37  3.69e+36  0.00e+00  4.82e+32  6.79e+37 
2.859e+15  152      0        0  6.94e+09  0.00e+00  0.00e+00  1.01e+46  1.51e-16  7.70e+07  2.70e+04  5.36e+04  7.30e-03  4.28e+15  1.09e+12  0.00e+00  1.09e+12  2.02e+38  3.26e+38  2.39e+38  1.45e+37  7.35e+35  7.25e+37  0.00e+00  3.29e+38  1.29e+38  1.42e+38  0.00e+00  1.79e+37  6.76e+37  4.27e+37 -4.99e+36  0.00e+00  1.10e+33  7.15e+37 
2.952e+15  153     -1        0  6.42e+09  0.00e+00  0.00e+00  0.00e+00  0.00e+00  0.00e+00  0.00e+00  0.00e+00  0.00e+00  0.00e+00  0.00e+00  0.00e+00  0.00e+00  0.00e+00  0.00e+00  0.00e+00  0.00e+00  0.00e+00  0.00e+00  0.00e+00  0.00e+00  0.00e+00  0.00e+00  0.00e+00  0.00e+00  0.00e+00  0.00e+00  0.00e+00  0.00e+00  0.00e+00  0.00e+00 
3.048e+15  154     -1        0  6.42e+09  0.00e+00  0.00e+00  0.00e+00  0.00e+00  0.00e+00  0.00e+00  0.00e+00  0.00e+00  0.00e+00  0.00e+00  0.00e+00  0.00e+00  0.00e+00  0.00e+00  0.00e+00  0.00e+00  0.00e+00  0.00e+00  0.00e+00  0.00e+00  0.00e+00  0.00e+00  0.00e+00  0.00e+00  0.00e+00  0.00e+00  0.00e+00  0.00e+00  0.00e+00  0.00e+00 
