        r    i inwind converge       v_x       v_y       v_z       vol       rho        ne       t_e   t_e_old      dt_e  dt_e_old       t_r   t_r_old         w  heat_tot heat_tot_  cool_tot      ntot        ip    nioniz      gain macro_bf_ macro_bf_ 
2.223e+13    0     -1        0  1.43e+10  0.00e+00  0.00e+00  0.00e+00  0.00e+00  0.00e+00  0.00e+00  0.00e+00  0.00e+00  0.00e+00  0.00e+00  0.00e+00  0.00e+00  0.00e+00  0.00e+00  0.00e+00  0.00e+00  0.00e+00  0.00e+00  0.00e+00  0.00e+00  0.00e+00 
2.296e+13    1      0        0  1.44e+10  0.00e+00  0.00e+00  5.82e+39  6.22e-13  3.19e+11  1.97e+05  1.97e+05 -4.45e+01  1.23e+02  1.60e+05  1.60e+05  9.17e+00  2.27e+41  2.27e+41  2.27e+41  1.09e+07  2.50e+06  1.04e+07  5.60e-01  0.00e+00  0.00e+00 
2.370e+13    2      0        0  1.45e+10  0.00e+00  0.00e+00  6.41e+39  6.23e-13  3.19e+11  1.88e+05  1.88e+05  2.29e+01  4.65e+01  1.50e+05  1.50e+05  9.79e+00  1.96e+41  1.96e+41  1.96e+41  1.08e+07  2.15e+06  1.03e+07  3.19e-01  0.00e+00  0.00e+00 
2.447e+13    3      0        0  1.45e+10  0.00e+00  0.00e+00  7.06e+39  6.23e-13  3.19e+11  1.82e+05  1.82e+05  5.29e+01  9.39e+01  1.44e+05  1.44e+05  9.99e+00  1.83e+41  1.83e+41  1.83e+41  1.08e+07  1.92e+06  1.03e+07  5.22e-01  0.00e+00  0.00e+00 
2.527e+13    4      0        0  1.45e+10  0.00e+00  0.00e+00  7.77e+39  6.21e-13  3.18e+11  1.77e+05  1.77e+05 -4.27e+01  1.93e+02  1.40e+05  1.40e+05  1.00e+01  1.74e+41  1.74e+41  1.74e+41  1.08e+07  1.75e+06  1.03e+07  4.31e-01  0.00e+00  0.00e+00 
2.609e+13    5      0        0  1.46e+10  0.00e+00  0.00e+00  8.56e+39  6.19e-13  3.17e+11  1.73e+05  1.73e+05  5.30e+00  8.95e+01  1.37e+05  1.37e+05  1.00e+01  1.69e+41  1.69e+41  1.69e+41  1.08e+07  1.61e+06  1.02e+07  7.45e-01  0.00e+00  0.00e+00 
2.693e+13    6      0        0  1.46e+10  0.00e+00  0.00e+00  9.42e+39  6.17e-13  3.16e+11  1.69e+05  1.69e+05  4.70e+01  3.79e+01  1.34e+05  1.34e+05  9.94e+00  1.65e+41  1.65e+41  1.65e+41  1.09e+07  1.49e+06  1.02e+07  5.52e-01  0.00e+00  0.00e+00 
2.781e+13    7      0        0  1.45e+10  0.00e+00  0.00e+00  1.04e+40  6.14e-13  3.14e+11  1.66e+05  1.66e+05 -9.26e+00  1.17e+02  1.31e+05  1.31e+05  9.83e+00  1.63e+41  1.63e+41  1.63e+41  1.09e+07  1.39e+06  1.02e+07  3.19e-01  0.00e+00  0.00e+00 
2.871e+13    8      0        0  1.45e+10  0.00e+00  0.00e+00  1.14e+40  6.10e-13  3.13e+11  1.63e+05  1.63e+05 -8.41e+00  8.76e+01  1.29e+05  1.29e+05  9.70e+00  1.62e+41  1.62e+41  1.62e+41  1.09e+07  1.30e+06  1.02e+07  5.60e-01  0.00e+00  0.00e+00 
2.964e+13    9      0        0  1.45e+10  0.00e+00  0.00e+00  1.25e+40  6.06e-13  3.10e+11  1.61e+05  1.61e+05 -4.46e+01  7.74e+01  1.27e+05  1.27e+05  9.55e+00  1.61e+41  1.61e+41  1.61e+41  1.10e+07  1.22e+06  1.02e+07  3.19e-01  0.00e+00  0.00e+00 
3.061e+13   10      0        0  1.44e+10  0.00e+00  0.00e+00  1.38e+40  6.01e-13  3.08e+11  1.58e+05  1.58e+05 -2.52e+01  7.18e+01  1.25e+05  1.25e+05  9.39e+00  1.61e+41  1.61e+41  1.61e+41  1.10e+07  1.15e+06  1.02e+07  3.32e-01  0.00e+00  0.00e+00 
3.160e+13   11      0        0  1.43e+10  0.00e+00  0.00e+00  1.51e+40  5.96e-13  3.05e+11  1.56e+05  1.56e+05  5.47e+00  6.28e+01  1.24e+05  1.24e+05  9.21e+00  1.62e+41  1.62e+41  1.62e+41  1.11e+07  1.09e+06  1.03e+07  3.51e-01  0.00e+00  0.00e+00 
3.262e+13   12      0        0  1.42e+10  0.00e+00  0.00e+00  1.66e+40  5.90e-13  3.02e+11  1.54e+05  1.55e+05 -2.78e+01  1.53e+02  1.22e+05  1.22e+05  9.04e+00  1.63e+41  1.63e+41  1.63e+41  1.11e+07  1.04e+06  1.03e+07  4.74e-01  0.00e+00  0.00e+00 
3.368e+13   13      0        0  1.41e+10  0.00e+00  0.00e+00  1.82e+40  5.84e-13  2.99e+11  1.53e+05  1.53e+05 -2.59e+01  2.44e+02  1.21e+05  1.21e+05  8.85e+00  1.64e+41  1.64e+41  1.64e+41  1.12e+07  9.94e+05  1.03e+07  3.51e-01  0.00e+00  0.00e+00 
3.478e+13   14      0        0  1.40e+10  0.00e+00  0.00e+00  2.00e+40  5.77e-13  2.95e+11  1.51e+05  1.51e+05 -5.94e+01  2.90e+02  1.20e+05  1.20e+05  8.67e+00  1.67e+41  1.67e+41  1.67e+41  1.13e+07  9.52e+05  1.04e+07  3.65e-01  0.00e+00  0.00e+00 
3.591e+13   15      0        0  1.38e+10  0.00e+00  0.00e+00  2.19e+40  5.70e-13  2.92e+11  1.50e+05  1.50e+05 -4.06e+01  2.06e+02  1.19e+05  1.19e+05  8.47e+00  1.69e+41  1.69e+41  1.69e+41  1.14e+07  9.15e+05  1.05e+07  3.32e-01  0.00e+00  0.00e+00 
3.707e+13   16      0        0  1.36e+10  0.00e+00  0.00e+00  2.41e+40  5.62e-13  2.88e+11  1.49e+05  1.49e+05 -4.87e+00  9.85e+01  1.18e+05  1.18e+05  8.26e+00  1.72e+41  1.72e+41  1.72e+41  1.15e+07  8.81e+05  1.05e+07  5.60e-01  0.00e+00  0.00e+00 
3.828e+13   17      0        0  1.34e+10  0.00e+00  0.00e+00  2.64e+40  5.55e-13  2.84e+11  1.48e+05  1.48e+05  1.17e+01  7.57e+01  1.17e+05  1.17e+05  8.07e+00  1.76e+41  1.76e+41  1.76e+41  1.16e+07  8.50e+05  1.06e+07  3.69e-01  0.00e+00  0.00e+00 
3.952e+13   18      0        0  1.32e+10  0.00e+00  0.00e+00  2.89e+40  5.47e-13  2.80e+11  1.47e+05  1.47e+05  2.48e+01  6.22e+01  1.17e+05  1.16e+05  7.87e+00  1.79e+41  1.79e+41  1.80e+41  1.17e+07  8.23e+05  1.07e+07  3.65e-01  0.00e+00  0.00e+00 
4.080e+13   19      0        0  1.30e+10  0.00e+00  0.00e+00  3.17e+40  5.39e-13  2.76e+11  1.46e+05  1.46e+05  4.20e+01  8.63e+01  1.16e+05  1.16e+05  7.68e+00  1.84e+41  1.84e+41  1.84e+41  1.19e+07  7.98e+05  1.08e+07  3.65e-01  0.00e+00  0.00e+00 
4.213e+13   20      0        0  1.27e+10  0.00e+00  0.00e+00  3.47e+40  5.30e-13  2.71e+11  1.45e+05  1.45e+05  8.29e+01  1.21e+02  1.15e+05  1.15e+05  7.50e+00  1.88e+41  1.88e+41  1.88e+41  1.20e+07  7.74e+05  1.09e+07  6.78e-01  0.00e+00  0.00e+00 
4.350e+13   21      0        0  1.25e+10  0.00e+00  0.00e+00  3.81e+40  5.21e-13  2.67e+11  1.44e+05  1.44e+05  1.74e+01  8.03e+01  1.15e+05  1.15e+05  7.31e+00  1.92e+41  1.92e+41  1.92e+41  1.22e+07  7.53e+05  1.10e+07  5.52e-01  0.00e+00  0.00e+00 
4.491e+13   22      0        0  1.22e+10  0.00e+00  0.00e+00  4.17e+40  5.12e-13  2.62e+11  1.43e+05  1.43e+05  1.50e+01  4.40e+01  1.14e+05  1.14e+05  7.12e+00  1.97e+41  1.97e+41  1.97e+41  1.23e+07  7.35e+05  1.11e+07  3.65e-01  0.00e+00  0.00e+00 
4.637e+13   23      0        0  1.20e+10  0.00e+00  0.00e+00  4.57e+40  5.01e-13  2.57e+11  1.43e+05  1.43e+05 -5.81e+01  2.03e+02  1.13e+05  1.13e+05  6.95e+00  2.01e+41  2.01e+41  2.01e+41  1.25e+07  7.18e+05  1.12e+07  5.52e-01  0.00e+00  0.00e+00 
4.787e+13   24      0        0  1.17e+10  0.00e+00  0.00e+00  5.01e+40  4.90e-13  2.51e+11  1.42e+05  1.42e+05  6.39e+00  9.77e+01  1.13e+05  1.13e+05  6.77e+00  2.05e+41  2.05e+41  2.05e+41  1.27e+07  7.03e+05  1.13e+07  8.00e-01  0.00e+00  0.00e+00 
4.942e+13   25      0        0  1.14e+10  0.00e+00  0.00e+00  5.49e+40  4.79e-13  2.45e+11  1.41e+05  1.41e+05 -2.19e+01  2.11e+01  1.12e+05  1.12e+05  6.61e+00  2.09e+41  2.09e+41  2.09e+41  1.28e+07  6.90e+05  1.15e+07  5.22e-01  0.00e+00  0.00e+00 
5.103e+13   26      0        0  1.12e+10  0.00e+00  0.00e+00  6.02e+40  4.67e-13  2.39e+11  1.40e+05  1.40e+05 -1.10e+02  9.95e+01  1.12e+05  1.12e+05  6.44e+00  2.13e+41  2.13e+41  2.13e+41  1.30e+07  6.77e+05  1.16e+07  8.00e-01  0.00e+00  0.00e+00 
5.269e+13   27      0        0  1.09e+10  0.00e+00  0.00e+00  6.61e+40  4.56e-13  2.34e+11  1.39e+05  1.39e+05 -1.74e+02  1.01e+02  1.11e+05  1.11e+05  6.29e+00  2.17e+41  2.17e+41  2.17e+41  1.32e+07  6.64e+05  1.17e+07  7.88e-01  0.00e+00  0.00e+00 
5.440e+13   28      0        0  1.07e+10  0.00e+00  0.00e+00  7.24e+40  4.44e-13  2.27e+11  1.39e+05  1.39e+05 -2.22e+02  4.23e+01  1.11e+05  1.11e+05  6.14e+00  2.20e+41  2.20e+41  2.20e+41  1.34e+07  6.53e+05  1.19e+07  8.00e-01  0.00e+00  0.00e+00 
5.616e+13   29      0        0  1.04e+10  0.00e+00  0.00e+00  7.95e+40  4.32e-13  2.21e+11  1.38e+05  1.38e+05 -2.42e+01 -6.53e+01  1.10e+05  1.10e+05  5.99e+00  2.22e+41  2.22e+41  2.23e+41  1.36e+07  6.43e+05  1.20e+07  3.19e-01  0.00e+00  0.00e+00 
5.799e+13   30      0        0  1.02e+10  0.00e+00  0.00e+00  8.72e+40  4.19e-13  2.14e+11  1.37e+05  1.37e+05 -4.90e+01  4.49e+01  1.09e+05  1.09e+05  5.83e+00  2.24e+41  2.24e+41  2.25e+41  1.38e+07  6.33e+05  1.21e+07  5.22e-01  0.00e+00  0.00e+00 
5.987e+13   31      0        0  9.93e+09  0.00e+00  0.00e+00  9.57e+40  4.06e-13  2.08e+11  1.36e+05  1.36e+05 -6.55e+01  8.42e+01  1.09e+05  1.09e+05  5.69e+00  2.27e+41  2.27e+41  2.27e+41  1.40e+07  6.23e+05  1.23e+07  3.65e-01  0.00e+00  0.00e+00 
6.181e+13   32      0        0  9.69e+09  0.00e+00  0.00e+00  1.05e+41  3.94e-13  2.02e+11  1.35e+05  1.35e+05 -4.20e+01  9.11e+01  1.08e+05  1.08e+05  5.56e+00  2.28e+41  2.28e+41  2.28e+41  1.42e+07  6.14e+05  1.24e+07  3.19e-01  0.00e+00  0.00e+00 
6.382e+13   33      0        0  9.46e+09  0.00e+00  0.00e+00  1.15e+41  3.81e-13  1.95e+11  1.34e+05  1.34e+05 -2.17e+01  6.56e+01  1.08e+05  1.08e+05  5.43e+00  2.30e+41  2.30e+41  2.30e+41  1.45e+07  6.05e+05  1.26e+07  3.19e-01  0.00e+00  0.00e+00 
6.589e+13   34      0        0  9.23e+09  0.00e+00  0.00e+00  1.27e+41  3.69e-13  1.89e+11  1.33e+05  1.33e+05 -2.97e+01  6.73e+01  1.07e+05  1.07e+05  5.28e+00  2.31e+41  2.31e+41  2.31e+41  1.47e+07  5.97e+05  1.27e+07  2.23e-01  0.00e+00  0.00e+00 
6.803e+13   35      0        0  9.01e+09  0.00e+00  0.00e+00  1.39e+41  3.56e-13  1.82e+11  1.32e+05  1.32e+05 -6.60e+01  1.34e+02  1.06e+05  1.06e+05  5.16e+00  2.31e+41  2.31e+41  2.31e+41  1.49e+07  5.89e+05  1.28e+07  5.22e-01  0.00e+00  0.00e+00 
7.024e+13   36      0        0  8.80e+09  0.00e+00  0.00e+00  1.53e+41  3.44e-13  1.76e+11  1.30e+05  1.30e+05 -2.16e+01  8.63e+01  1.06e+05  1.06e+05  5.03e+00  2.31e+41  2.31e+41  2.31e+41  1.51e+07  5.81e+05  1.30e+07  3.32e-01  0.00e+00  0.00e+00 
7.252e+13   37      0        0  8.59e+09  0.00e+00  0.00e+00  1.68e+41  3.31e-13  1.70e+11  1.29e+05  1.29e+05 -8.06e+01  1.21e+02  1.05e+05  1.05e+05  4.91e+00  2.30e+41  2.30e+41  2.30e+41  1.53e+07  5.73e+05  1.31e+07  5.60e-01  0.00e+00  0.00e+00 
7.488e+13   38      0        0  8.39e+09  0.00e+00  0.00e+00  1.84e+41  3.19e-13  1.64e+11  1.28e+05  1.28e+05 -2.11e+01  9.96e+01  1.04e+05  1.04e+05  4.79e+00  2.30e+41  2.30e+41  2.30e+41  1.55e+07  5.66e+05  1.32e+07  4.31e-01  0.00e+00  0.00e+00 
7.731e+13   39      0        0  8.18e+09  0.00e+00  0.00e+00  2.02e+41  3.08e-13  1.58e+11  1.27e+05  1.27e+05 -2.87e+01  5.65e+01  1.03e+05  1.03e+05  4.67e+00  2.29e+41  2.29e+41  2.29e+41  1.57e+07  5.58e+05  1.34e+07  3.32e-01  0.00e+00  0.00e+00 
7.982e+13   40      0        0  7.99e+09  0.00e+00  0.00e+00  2.22e+41  2.96e-13  1.52e+11  1.26e+05  1.26e+05 -1.60e+00  2.54e+01  1.03e+05  1.03e+05  4.55e+00  2.27e+41  2.27e+41  2.27e+41  1.60e+07  5.51e+05  1.35e+07  3.32e-01  0.00e+00  0.00e+00 
8.241e+13   41      0        0  7.80e+09  0.00e+00  0.00e+00  2.44e+41  2.85e-13  1.46e+11  1.25e+05  1.25e+05 -2.17e+01  5.93e+01  1.02e+05  1.02e+05  4.43e+00  2.26e+41  2.26e+41  2.26e+41  1.62e+07  5.44e+05  1.36e+07  3.51e-01  0.00e+00  0.00e+00 
8.508e+13   42      0        0  7.61e+09  0.00e+00  0.00e+00  2.68e+41  2.74e-13  1.40e+11  1.23e+05  1.24e+05 -6.04e+01  1.96e+02  1.01e+05  1.01e+05  4.30e+00  2.23e+41  2.23e+41  2.23e+41  1.64e+07  5.37e+05  1.37e+07  5.52e-01  0.00e+00  0.00e+00 
8.785e+13   43      0        0  7.44e+09  0.00e+00  0.00e+00  2.95e+41  2.63e-13  1.35e+11  1.22e+05  1.22e+05  9.09e+00  1.76e+02  1.01e+05  1.01e+05  4.19e+00  2.21e+41  2.21e+41  2.21e+41  1.66e+07  5.29e+05  1.38e+07  5.22e-01  0.00e+00  0.00e+00 
9.070e+13   44      0        0  7.26e+09  0.00e+00  0.00e+00  3.24e+41  2.52e-13  1.29e+11  1.21e+05  1.21e+05 -1.84e+01  9.97e+01  1.00e+05  1.00e+05  4.07e+00  2.18e+41  2.18e+41  2.18e+41  1.68e+07  5.21e+05  1.39e+07  3.32e-01  0.00e+00  0.00e+00 
9.364e+13   45      0        0  7.10e+09  0.00e+00  0.00e+00  3.56e+41  2.42e-13  1.24e+11  1.20e+05  1.20e+05 -8.76e+01  1.10e+02  9.93e+04  9.93e+04  3.95e+00  2.15e+41  2.15e+41  2.15e+41  1.70e+07  5.14e+05  1.40e+07  3.51e-01  0.00e+00  0.00e+00 
9.668e+13   46      0        0  6.94e+09  0.00e+00  0.00e+00  3.91e+41  2.32e-13  1.19e+11  1.18e+05  1.18e+05 -2.16e+01  8.25e+01  9.86e+04  9.86e+04  3.83e+00  2.12e+41  2.12e+41  2.12e+41  1.71e+07  5.06e+05  1.41e+07  3.32e-01  0.00e+00  0.00e+00 
9.982e+13   47      0        0  6.79e+09  0.00e+00  0.00e+00  4.30e+41  2.23e-13  1.14e+11  1.17e+05  1.17e+05  5.82e+01 -2.37e+01  9.78e+04  9.78e+04  3.72e+00  2.09e+41  2.09e+41  2.09e+41  1.73e+07  4.97e+05  1.42e+07  5.74e-01  0.00e+00  0.00e+00 
1.031e+14   48      0        0  6.63e+09  0.00e+00  0.00e+00  4.73e+41  2.14e-13  1.09e+11  1.16e+05  1.16e+05 -3.55e+01  2.33e+01  9.71e+04  9.71e+04  3.61e+00  2.06e+41  2.06e+41  2.06e+41  1.75e+07  4.89e+05  1.43e+07  5.22e-01  0.00e+00  0.00e+00 
1.064e+14   49      0        0  6.49e+09  0.00e+00  0.00e+00  5.20e+41  2.05e-13  1.05e+11  1.15e+05  1.15e+05 -5.95e+01  9.70e+01  9.64e+04  9.64e+04  3.50e+00  2.02e+41  2.02e+41  2.02e+41  1.76e+07  4.80e+05  1.43e+07  5.60e-01  0.00e+00  0.00e+00 
1.099e+14   50      0        0  6.34e+09  0.00e+00  0.00e+00  5.71e+41  1.96e-13  1.01e+11  1.13e+05  1.13e+05  1.72e+01  7.58e+01  9.57e+04  9.57e+04  3.39e+00  1.98e+41  1.98e+41  1.98e+41  1.78e+07  4.72e+05  1.44e+07  3.65e-01  0.00e+00  0.00e+00 
1.134e+14   51      0        0  6.21e+09  0.00e+00  0.00e+00  6.28e+41  1.88e-13  9.63e+10  1.12e+05  1.12e+05  1.93e+01  6.61e+01  9.50e+04  9.50e+04  3.28e+00  1.94e+41  1.94e+41  1.94e+41  1.79e+07  4.63e+05  1.44e+07  4.74e-01  0.00e+00  0.00e+00 
1.171e+14   52      0        0  6.08e+09  0.00e+00  0.00e+00  6.91e+41  1.80e-13  9.23e+10  1.11e+05  1.11e+05 -1.49e+01  3.90e+01  9.43e+04  9.43e+04  3.17e+00  1.90e+41  1.90e+41  1.90e+41  1.81e+07  4.54e+05  1.44e+07  3.86e-01  0.00e+00  0.00e+00 
1.209e+14   53      0        0  5.97e+09  0.00e+00  0.00e+00  7.60e+41  1.73e-13  8.85e+10  1.09e+05  1.09e+05 -1.72e+02  1.15e+02  9.36e+04  9.35e+04  3.07e+00  1.86e+41  1.86e+41  1.86e+41  1.82e+07  4.45e+05  1.45e+07  8.00e-01  0.00e+00  0.00e+00 
1.248e+14   54      0        0  5.85e+09  0.00e+00  0.00e+00  8.36e+41  1.66e-13  8.48e+10  1.08e+05  1.08e+05 -1.36e+02  1.88e+02  9.29e+04  9.28e+04  2.97e+00  1.82e+41  1.82e+41  1.82e+41  1.83e+07  4.34e+05  1.45e+07  4.31e-01  0.00e+00  0.00e+00 
1.289e+14   55      0        0  5.74e+09  0.00e+00  0.00e+00  9.19e+41  1.59e-13  8.13e+10  1.07e+05  1.07e+05 -8.64e+01  7.31e+01  9.22e+04  9.21e+04  2.86e+00  1.78e+41  1.78e+41  1.78e+41  1.84e+07  4.24e+05  1.45e+07  8.00e-01  0.00e+00  0.00e+00 
1.331e+14   56      0        0  5.63e+09  0.00e+00  0.00e+00  1.01e+42  1.52e-13  7.80e+10  1.06e+05  1.06e+05 -8.47e+01 -1.84e+01  9.14e+04  9.14e+04  2.76e+00  1.73e+41  1.73e+41  1.73e+41  1.85e+07  4.14e+05  1.44e+07  6.16e-01  0.00e+00  0.00e+00 
1.374e+14   57      0        0  5.54e+09  0.00e+00  0.00e+00  1.11e+42  1.46e-13  7.47e+10  1.04e+05  1.04e+05 -1.02e+02  9.72e+01  9.07e+04  9.06e+04  2.67e+00  1.69e+41  1.69e+41  1.69e+41  1.86e+07  4.04e+05  1.44e+07  8.00e-01  0.00e+00  0.00e+00 
1.419e+14   58      0        0  5.45e+09  0.00e+00  0.00e+00  1.22e+42  1.40e-13  7.17e+10  1.03e+05  1.03e+05 -7.35e+01  7.05e+01  9.00e+04  9.00e+04  2.57e+00  1.65e+41  1.65e+41  1.65e+41  1.87e+07  3.93e+05  1.44e+07  4.31e-01  0.00e+00  0.00e+00 
1.465e+14   59      0        0  5.37e+09  0.00e+00  0.00e+00  1.35e+42  1.34e-13  6.88e+10  1.02e+05  1.02e+05 -6.56e+01  3.68e+01  8.93e+04  8.93e+04  2.48e+00  1.61e+41  1.61e+41  1.61e+41  1.87e+07  3.83e+05  1.44e+07  4.31e-01  0.00e+00  0.00e+00 
1.512e+14   60      0        0  5.29e+09  0.00e+00  0.00e+00  1.48e+42  1.29e-13  6.60e+10  1.00e+05  1.00e+05 -1.79e+02  1.67e+02  8.86e+04  8.85e+04  2.39e+00  1.57e+41  1.57e+41  1.57e+41  1.88e+07  3.72e+05  1.43e+07  6.16e-01  0.00e+00  0.00e+00 
1.561e+14   61      0        0  5.21e+09  0.00e+00  0.00e+00  1.63e+42  1.24e-13  6.35e+10  9.92e+04  9.92e+04 -3.84e+01  6.52e+01  8.79e+04  8.79e+04  2.30e+00  1.53e+41  1.53e+41  1.53e+41  1.88e+07  3.61e+05  1.42e+07  2.11e-01  0.00e+00  0.00e+00 
1.612e+14   62      0        0  5.14e+09  0.00e+00  0.00e+00  1.79e+42  1.19e-13  6.10e+10  9.80e+04  9.80e+04 -4.07e+01  4.41e+01  8.72e+04  8.72e+04  2.21e+00  1.49e+41  1.49e+41  1.49e+41  1.88e+07  3.49e+05  1.42e+07  2.11e-01  0.00e+00  0.00e+00 
1.664e+14   63      0        0  5.08e+09  0.00e+00  0.00e+00  1.97e+42  1.15e-13  5.87e+10  9.68e+04  9.68e+04 -1.83e+01  3.91e+01  8.65e+04  8.65e+04  2.12e+00  1.46e+41  1.46e+41  1.46e+41  1.88e+07  3.38e+05  1.41e+07  1.56e-01  0.00e+00  0.00e+00 
1.718e+14   64      0        0  5.01e+09  0.00e+00  0.00e+00  2.17e+42  1.10e-13  5.62e+10  9.55e+04  9.55e+04 -9.35e+00  3.47e+01  8.58e+04  8.58e+04  2.03e+00  1.41e+41  1.41e+41  1.41e+41  1.88e+07  3.28e+05  1.40e+07  1.00e-01  0.00e+00  0.00e+00 
1.774e+14   65      0        0  4.95e+09  0.00e+00  0.00e+00  2.39e+42  1.05e-13  5.39e+10  9.43e+04  9.43e+04 -1.19e+01  3.17e+01  8.52e+04  8.51e+04  1.95e+00  1.37e+41  1.37e+41  1.37e+41  1.88e+07  3.18e+05  1.39e+07  1.56e-01  0.00e+00  0.00e+00 
1.832e+14   66      0        0  4.89e+09  0.00e+00  0.00e+00  2.63e+42  1.01e-13  5.15e+10  9.31e+04  9.31e+04 -3.76e+01  7.84e+01  8.45e+04  8.44e+04  1.86e+00  1.32e+41  1.32e+41  1.32e+41  1.88e+07  3.08e+05  1.38e+07  2.23e-01  0.00e+00  0.00e+00 
1.891e+14   67      0        0  4.85e+09  0.00e+00  0.00e+00  2.89e+42  9.61e-14  4.92e+10  9.19e+04  9.19e+04  5.23e-01  2.86e+01  8.38e+04  8.38e+04  1.78e+00  1.28e+41  1.28e+41  1.28e+41  1.87e+07  2.98e+05  1.37e+07  2.58e-01  0.00e+00  0.00e+00 
1.953e+14   68      0        0  4.80e+09  0.00e+00  0.00e+00  3.18e+42  9.17e-14  4.70e+10  9.07e+04  9.07e+04 -1.10e+01 -2.32e+01  8.32e+04  8.31e+04  1.70e+00  1.23e+41  1.23e+41  1.23e+41  1.87e+07  2.89e+05  1.35e+07  4.06e-01  0.00e+00  0.00e+00 
2.016e+14   69      0        0  4.75e+09  0.00e+00  0.00e+00  3.50e+42  8.73e-14  4.47e+10  8.94e+04  8.95e+04 -3.93e+01  1.19e+01  8.25e+04  8.25e+04  1.63e+00  1.18e+41  1.18e+41  1.18e+41  1.86e+07  2.81e+05  1.34e+07  8.00e-01  0.00e+00  0.00e+00 
2.082e+14   70      0        0  4.70e+09  0.00e+00  0.00e+00  3.85e+42  8.30e-14  4.25e+10  8.83e+04  8.83e+04  2.93e+00  4.71e+01  8.18e+04  8.18e+04  1.55e+00  1.13e+41  1.13e+41  1.13e+41  1.85e+07  2.73e+05  1.32e+07  3.65e-01  0.00e+00  0.00e+00 
2.149e+14   71      0        0  4.66e+09  0.00e+00  0.00e+00  4.23e+42  7.87e-14  4.03e+10  8.72e+04  8.72e+04 -5.54e+00  8.22e+00  8.12e+04  8.12e+04  1.48e+00  1.08e+41  1.08e+41  1.08e+41  1.84e+07  2.66e+05  1.31e+07  2.11e-01  0.00e+00  0.00e+00 
2.219e+14   72      0        0  4.62e+09  0.00e+00  0.00e+00  4.66e+42  7.46e-14  3.82e+10  8.61e+04  8.61e+04  5.37e+01  1.15e+01  8.06e+04  8.06e+04  1.41e+00  1.03e+41  1.03e+41  1.03e+41  1.83e+07  2.59e+05  1.29e+07  4.31e-01  0.00e+00  0.00e+00 
2.291e+14   73      0        0  4.58e+09  0.00e+00  0.00e+00  5.13e+42  7.07e-14  3.62e+10  8.49e+04  8.48e+04 -2.87e+01 -8.67e+00  8.00e+04  7.99e+04  1.34e+00  9.83e+40  9.83e+40  9.83e+40  1.82e+07  2.52e+05  1.28e+07  4.06e-01  0.00e+00  0.00e+00 
2.365e+14   74      0        0  4.54e+09  0.00e+00  0.00e+00  5.64e+42  6.70e-14  3.43e+10  8.37e+04  8.37e+04 -2.94e+01  2.06e+01  7.93e+04  7.93e+04  1.28e+00  9.36e+40  9.36e+40  9.36e+40  1.81e+07  2.45e+05  1.26e+07  3.51e-01  0.00e+00  0.00e+00 
2.442e+14   75      0        0  4.53e+09  0.00e+00  0.00e+00  6.21e+42  6.36e-14  3.26e+10  8.26e+04  8.26e+04  4.46e+01 -9.36e+00  7.87e+04  7.87e+04  1.22e+00  8.95e+40  8.95e+40  8.95e+40  1.80e+07  2.38e+05  1.25e+07  5.22e-01  0.00e+00  0.00e+00 
2.521e+14   76      0        0  4.52e+09  0.00e+00  0.00e+00  6.83e+42  6.05e-14  3.10e+10  8.16e+04  8.16e+04 -1.41e+01 -1.33e+01  7.82e+04  7.81e+04  1.16e+00  8.58e+40  8.58e+40  8.58e+40  1.79e+07  2.31e+05  1.23e+07  5.22e-01  0.00e+00  0.00e+00 
2.603e+14   77      0        0  4.48e+09  0.00e+00  0.00e+00  7.52e+42  5.75e-14  2.95e+10  8.07e+04  8.07e+04 -4.83e+01  2.17e+01  7.76e+04  7.76e+04  1.10e+00  8.22e+40  8.22e+40  8.23e+40  1.78e+07  2.24e+05  1.21e+07  2.23e-01  0.00e+00  0.00e+00 
2.688e+14   78      0        0  4.44e+09  0.00e+00  0.00e+00  8.27e+42  5.47e-14  2.80e+10  7.95e+04  7.96e+04 -3.59e+01 -1.54e+01  7.70e+04  7.70e+04  1.04e+00  7.85e+40  7.85e+40  7.86e+40  1.77e+07  2.16e+05  1.20e+07  5.74e-01  0.00e+00  0.00e+00 
2.775e+14   79      0        0  4.42e+09  0.00e+00  0.00e+00  9.11e+42  5.19e-14  2.66e+10  7.85e+04  7.85e+04  1.74e+01 -9.02e+01  7.65e+04  7.65e+04  9.89e-01  7.49e+40  7.49e+40  7.49e+40  1.75e+07  2.10e+05  1.18e+07  3.86e-01  0.00e+00  0.00e+00 
2.865e+14   80      0        0  4.41e+09  0.00e+00  0.00e+00  1.00e+43  4.92e-14  2.52e+10  7.76e+04  7.75e+04 -7.18e+01 -3.01e+01  7.59e+04  7.59e+04  9.37e-01  7.16e+40  7.16e+40  7.16e+40  1.74e+07  2.03e+05  1.16e+07  5.74e-01  0.00e+00  0.00e+00 
2.958e+14   81      0        0  4.40e+09  0.00e+00  0.00e+00  1.10e+43  4.68e-14  2.39e+10  7.66e+04  7.66e+04 -3.54e+01 -8.83e+01  7.54e+04  7.54e+04  8.88e-01  6.84e+40  6.84e+40  6.85e+40  1.72e+07  1.97e+05  1.15e+07  3.02e-01  0.00e+00  0.00e+00 
3.054e+14   82      0        0  4.38e+09  0.00e+00  0.00e+00  1.21e+43  4.44e-14  2.27e+10  7.57e+04  7.57e+04 -1.35e+01  3.25e+01  7.49e+04  7.49e+04  8.40e-01  6.53e+40  6.53e+40  6.54e+40  1.71e+07  1.91e+05  1.13e+07  3.02e-01  0.00e+00  0.00e+00 
3.153e+14   83      0        0  4.36e+09  0.00e+00  0.00e+00  1.34e+43  4.21e-14  2.16e+10  7.48e+04  7.48e+04 -3.95e+01  6.90e+01  7.44e+04  7.44e+04  7.95e-01  6.24e+40  6.24e+40  6.24e+40  1.69e+07  1.85e+05  1.11e+07  3.19e-01  0.00e+00  0.00e+00 
3.256e+14   84      0        0  4.35e+09  0.00e+00  0.00e+00  1.47e+43  4.00e-14  2.05e+10  7.39e+04  7.38e+04 -6.30e+01 -3.71e+00  7.39e+04  7.39e+04  7.50e-01  5.97e+40  5.97e+40  5.97e+40  1.68e+07  1.78e+05  1.09e+07  8.00e-01  0.00e+00  0.00e+00 
3.362e+14   85      0        0  4.34e+09  0.00e+00  0.00e+00  1.62e+43  3.81e-14  1.95e+10  7.30e+04  7.30e+04 -3.20e+01 -2.77e+01  7.34e+04  7.34e+04  7.07e-01  5.72e+40  5.72e+40  5.72e+40  1.66e+07  1.72e+05  1.08e+07  5.52e-01  0.00e+00  0.00e+00 
3.471e+14   86      0        0  4.33e+09  0.00e+00  0.00e+00  1.78e+43  3.62e-14  1.85e+10  7.22e+04  7.23e+04  3.68e+01 -5.20e+01  7.30e+04  7.30e+04  6.66e-01  5.47e+40  5.47e+40  5.47e+40  1.64e+07  1.66e+05  1.06e+07  5.60e-01  0.00e+00  0.00e+00 
3.583e+14   87      0        0  4.30e+09  0.00e+00  0.00e+00  1.96e+43  3.43e-14  1.76e+10  7.14e+04  7.14e+04  3.56e+00 -3.95e+01  7.25e+04  7.25e+04  6.26e-01  5.21e+40  5.21e+40  5.21e+40  1.62e+07  1.61e+05  1.04e+07  2.11e-01  0.00e+00  0.00e+00 
3.700e+14   88      0        0  4.28e+09  0.00e+00  0.00e+00  2.16e+43  3.24e-14  1.66e+10  7.05e+04  7.05e+04 -4.00e+00 -7.60e+00  7.20e+04  7.21e+04  5.89e-01  4.94e+40  4.94e+40  4.95e+40  1.60e+07  1.55e+05  1.02e+07  1.21e-01  0.00e+00  0.00e+00 
3.820e+14   89      0        0  4.28e+09  0.00e+00  0.00e+00  2.37e+43  3.07e-14  1.57e+10  6.94e+04  6.95e+04 -3.88e+01  6.88e+01  7.16e+04  7.17e+04  5.53e-01  4.68e+40  4.68e+40  4.69e+40  1.58e+07  1.50e+05  1.00e+07  1.92e-01  0.00e+00  0.00e+00 
3.944e+14   90      0        0  4.29e+09  0.00e+00  0.00e+00  2.61e+43  2.90e-14  1.49e+10  6.90e+04  6.90e+04 -2.65e+01 -2.49e+01  7.12e+04  7.12e+04  5.18e-01  4.45e+40  4.45e+40  4.46e+40  1.56e+07  1.45e+05  9.82e+06  2.70e-01  0.00e+00  0.00e+00 
4.072e+14   91      0        0  4.29e+09  0.00e+00  0.00e+00  2.87e+43  2.73e-14  1.40e+10  6.83e+04  6.84e+04 -6.04e+01  7.08e+01  7.08e+04  7.09e+04  4.85e-01  4.21e+40  4.21e+40  4.21e+40  1.54e+07  1.41e+05  9.63e+06  5.02e-01  0.00e+00  0.00e+00 
4.204e+14   92      0        0  4.26e+09  0.00e+00  0.00e+00  3.16e+43  2.56e-14  1.31e+10  6.76e+04  6.77e+04  3.86e+01 -6.36e+00  7.04e+04  7.05e+04  4.53e-01  3.96e+40  3.96e+40  3.96e+40  1.52e+07  1.37e+05  9.44e+06  4.31e-01  0.00e+00  0.00e+00 
4.341e+14   93      0        0  4.24e+09  0.00e+00  0.00e+00  3.48e+43  2.41e-14  1.24e+10  6.62e+04  6.64e+04 -7.19e+01  9.58e+01  7.00e+04  7.00e+04  4.24e-01  3.71e+40  3.71e+40  3.71e+40  1.49e+07  1.33e+05  9.25e+06  5.60e-01  0.00e+00  0.00e+00 
4.482e+14   94      0        0  4.27e+09  0.00e+00  0.00e+00  3.83e+43  2.27e-14  1.16e+10  6.60e+04  6.61e+04  2.38e+01 -7.54e+01  6.96e+04  6.97e+04  3.94e-01  3.52e+40  3.52e+40  3.53e+40  1.47e+07  1.28e+05  9.06e+06  3.92e-01  0.00e+00  0.00e+00 
4.627e+14   95      0        0  4.27e+09  0.00e+00  0.00e+00  4.22e+43  2.13e-14  1.09e+10  6.57e+04  6.58e+04 -4.35e+00  1.01e+02  6.93e+04  6.94e+04  3.67e-01  3.33e+40  3.33e+40  3.33e+40  1.45e+07  1.24e+05  8.86e+06  1.92e-01  0.00e+00  0.00e+00 
4.777e+14   96      0        0  4.23e+09  0.00e+00  0.00e+00  4.64e+43  1.99e-14  1.02e+10  6.52e+04  6.52e+04  3.29e+01  2.46e+01  6.90e+04  6.90e+04  3.40e-01  3.11e+40  3.11e+40  3.11e+40  1.42e+07  1.21e+05  8.67e+06  5.74e-01  0.00e+00  0.00e+00 
4.932e+14   97      0        0  4.20e+09  0.00e+00  0.00e+00  5.11e+43  1.85e-14  9.49e+09  6.38e+04  6.38e+04 -7.22e+01  7.49e+01  6.87e+04  6.86e+04  3.16e-01  2.87e+40  2.87e+40  2.87e+40  1.40e+07  1.18e+05  8.48e+06  2.03e-01  0.00e+00  0.00e+00 
5.093e+14   98      0        0  4.24e+09  0.00e+00  0.00e+00  5.62e+43  1.73e-14  8.84e+09  6.29e+04  6.30e+04 -2.52e+01 -2.60e+01  6.82e+04  6.83e+04  2.94e-01  2.65e+40  2.65e+40  2.66e+40  1.37e+07  1.15e+05  8.28e+06  5.22e-01  0.00e+00  0.00e+00 
5.258e+14   99      0        0  4.30e+09  0.00e+00  0.00e+00  6.19e+43  1.60e-14  8.20e+09  6.33e+04  6.34e+04  6.02e+01 -3.65e+01  6.79e+04  6.80e+04  2.72e-01  2.48e+40  2.48e+40  2.49e+40  1.35e+07  1.12e+05  8.10e+06  7.88e-01  0.00e+00  0.00e+00 
5.429e+14  100      0        0  4.27e+09  0.00e+00  0.00e+00  6.81e+43  1.48e-14  7.57e+09  6.27e+04  6.29e+04  2.05e+02  6.73e+02  6.77e+04  6.78e+04  2.50e-01  2.28e+40  2.28e+40  2.28e+40  1.32e+07  1.10e+05  7.92e+06  8.00e-01  0.00e+00  0.00e+00 
5.605e+14  101      0        0  4.23e+09  0.00e+00  0.00e+00  7.50e+43  1.36e-14  6.96e+09  6.19e+04  6.21e+04 -1.76e+02 -5.52e+02  6.74e+04  6.75e+04  2.31e-01  2.08e+40  2.08e+40  2.09e+40  1.30e+07  1.09e+05  7.74e+06  5.74e-01  0.00e+00  0.00e+00 
5.787e+14  102      0        0  4.26e+09  0.00e+00  0.00e+00  8.25e+43  1.24e-14  6.36e+09  6.06e+04  6.09e+04  1.65e+02  1.89e+02  6.71e+04  6.72e+04  2.13e-01  1.88e+40  1.88e+40  1.88e+40  1.28e+07  1.08e+05  7.57e+06  8.00e-01  0.00e+00  0.00e+00 
5.975e+14  103      0        0  4.33e+09  0.00e+00  0.00e+00  9.08e+43  1.13e-14  5.80e+09  6.07e+04  6.09e+04  3.34e+02  8.85e+02  6.68e+04  6.69e+04  1.96e-01  1.71e+40  1.71e+40  1.71e+40  1.26e+07  1.07e+05  7.41e+06  8.00e-01  0.00e+00  0.00e+00 
6.169e+14  104      0        0  4.35e+09  0.00e+00  0.00e+00  1.00e+44  1.03e-14  5.26e+09  6.05e+04  5.98e+04  1.68e+03  3.56e+03  6.66e+04  6.67e+04  1.81e-01  1.56e+40  1.56e+40  1.55e+40  1.24e+07  1.07e+05  7.26e+06  5.74e-01  0.00e+00  0.00e+00 
6.369e+14  105      0        0  4.33e+09  0.00e+00  0.00e+00  1.10e+44  9.31e-15  4.77e+09  6.02e+04  6.01e+04  1.89e+03  9.09e+03  6.64e+04  6.65e+04  1.66e-01  1.40e+40  1.40e+40  1.40e+40  1.22e+07  1.07e+05  7.13e+06  8.00e-01  0.00e+00  0.00e+00 
6.576e+14  106      0        0  4.34e+09  0.00e+00  0.00e+00  1.21e+44  8.42e-15  4.31e+09  5.65e+04  5.40e+04  5.15e+03  6.40e+03  6.61e+04  6.63e+04  1.53e-01  1.27e+40  1.27e+40  1.20e+40  1.20e+07  1.08e+05  7.00e+06  4.25e-01  0.00e+00  0.00e+00 
6.789e+14  107      0        1  4.40e+09  0.00e+00  0.00e+00  1.33e+44  7.61e-15  3.90e+09  4.59e+04  4.19e+04  4.26e+02  1.52e+01  6.60e+04  6.62e+04  1.41e-01  1.22e+40  1.22e+40  9.15e+39  1.18e+07  1.08e+05  6.88e+06  3.51e-01  0.00e+00  0.00e+00 
7.010e+14  108      0        2  4.45e+09  0.00e+00  0.00e+00  1.47e+44  6.87e-15  3.52e+09  5.73e+04  4.76e+04  7.42e+03 -1.01e+02  6.59e+04  6.59e+04  1.29e-01  3.31e+40  3.31e+40  9.90e+39  1.17e+07  1.10e+05  6.77e+06  7.45e-01  0.00e+00  0.00e+00 
7.237e+14  109      0        2  4.46e+09  0.00e+00  0.00e+00  1.62e+44  6.18e-15  3.17e+09  4.64e+04  4.04e+04 -3.85e+02 -5.73e+02  6.56e+04  6.58e+04  1.19e-01  4.14e+41  4.14e+41  9.32e+39  1.15e+07  1.11e+05  6.66e+06  5.52e-01  0.00e+00  0.00e+00 
7.472e+14  110      0        0  4.48e+09  0.00e+00  0.00e+00  1.78e+44  5.56e-15  2.84e+09  4.01e+04  4.03e+04 -1.49e+02  1.09e+02  6.53e+04  6.56e+04  1.11e-01  1.97e+40  1.97e+40  1.97e+40  1.14e+07  1.13e+05  6.56e+06  8.00e-01  0.00e+00  0.00e+00 
7.715e+14  111      0        0  4.55e+09  0.00e+00  0.00e+00  1.96e+44  5.00e-15  2.56e+09  3.96e+04  3.97e+04 -1.81e+02 -2.26e+02  6.51e+04  6.54e+04  1.02e-01  1.68e+40  1.68e+40  6.19e+40  1.13e+07  1.14e+05  6.46e+06  6.78e-01  0.00e+00  0.00e+00 
7.965e+14  112      0        0  4.61e+09  0.00e+00  0.00e+00  2.16e+44  4.54e-15  2.32e+09  3.84e+04  3.84e+04  6.59e+02  2.73e+03  6.50e+04  6.53e+04  9.40e-02  1.35e+40  1.35e+40  1.35e+40  1.12e+07  1.14e+05  6.38e+06  5.52e-01  0.00e+00  0.00e+00 
8.224e+14  113      0        0  4.63e+09  0.00e+00  0.00e+00  2.37e+44  4.13e-15  2.11e+09  3.82e+04  3.84e+04 -3.01e+02 -2.07e+02  6.49e+04  6.53e+04  8.68e-02  1.20e+40  1.20e+40  1.21e+40  1.11e+07  1.15e+05  6.30e+06  6.16e-01  0.00e+00  0.00e+00 
8.491e+14  114      0        0  4.66e+09  0.00e+00  0.00e+00  2.61e+44  3.74e-15  1.91e+09  3.87e+04  3.89e+04 -4.24e+02 -3.43e+02  6.48e+04  6.52e+04  7.99e-02  1.11e+40  1.11e+40  1.15e+40  1.10e+07  1.17e+05  6.23e+06  3.86e-01  0.00e+00  0.00e+00 
8.767e+14  115      0        0  4.72e+09  0.00e+00  0.00e+00  2.88e+44  3.37e-15  1.72e+09  3.81e+04  3.82e+04  4.86e+02  2.08e+03  6.47e+04  6.52e+04  7.39e-02  9.71e+39  9.71e+39  9.73e+39  1.09e+07  1.19e+05  6.17e+06  7.45e-01  0.00e+00  0.00e+00 
9.051e+14  116      0        1  4.79e+09  0.00e+00  0.00e+00  3.17e+44  3.05e-15  1.56e+09  3.66e+04  3.36e+04 -6.53e+03  5.77e+03  6.46e+04  6.54e+04  6.82e-02  8.69e+39  8.69e+39  7.54e+39  1.08e+07  1.21e+05  6.12e+06  7.45e-01  0.00e+00  0.00e+00 
9.345e+14  117      0        1  4.85e+09  0.00e+00  0.00e+00  3.49e+44  2.77e-15  1.41e+09  3.54e+04  3.49e+04  7.12e+02  3.30e+01  6.46e+04  6.58e+04  6.28e-02  7.84e+39  7.84e+39  6.11e+39  1.08e+07  1.23e+05  6.07e+06  1.89e-01  0.00e+00  0.00e+00 
9.649e+14  118      0        2  4.92e+09  0.00e+00  0.00e+00  3.84e+44  2.49e-15  1.27e+09  3.38e+04  3.88e+04  4.83e+03 -2.93e+01  6.48e+04  6.51e+04  5.75e-02  1.14e+40  1.14e+40  4.69e+39  1.07e+07  1.27e+05  6.04e+06  5.74e-01  0.00e+00  0.00e+00 
9.962e+14  119      0        1  5.01e+09  0.00e+00  0.00e+00  4.23e+44  2.24e-15  1.14e+09  3.43e+04  3.34e+04  1.26e+01  1.62e+01  6.52e+04  6.45e+04  5.19e-02  6.50e+39  6.50e+39  4.42e+39  1.07e+07  1.32e+05  5.99e+06  2.03e-01  0.00e+00  0.00e+00 
1.029e+15  120      0        2  5.09e+09  0.00e+00  0.00e+00  4.65e+44  2.01e-15  1.03e+09  3.64e+04  3.28e+04  1.14e+01 -1.20e+01  6.46e+04  6.41e+04  4.93e-02  3.52e+42  3.52e+42  1.89e+40  1.06e+07  1.35e+05  5.91e+06  2.58e-01  0.00e+00  0.00e+00 
1.062e+15  121      0        0  5.16e+09  0.00e+00  0.00e+00  5.12e+44  1.83e-15  9.37e+08  3.28e+04  3.25e+04  1.22e+01 -2.07e+01  6.40e+04  6.37e+04  4.68e-02  7.61e+39  7.61e+39  3.14e+39  1.05e+07  1.36e+05  5.83e+06  2.58e-01  0.00e+00  0.00e+00 
1.096e+15  122      0        0  5.23e+09  0.00e+00  0.00e+00  5.64e+44  1.68e-15  8.58e+08  3.22e+04  3.22e+04  7.36e+00  1.40e+01  6.36e+04  6.33e+04  4.39e-02  6.06e+39  6.06e+39  6.05e+39  1.04e+07  1.36e+05  5.76e+06  6.16e-01  0.00e+00  0.00e+00 
1.132e+15  123      0        0  5.31e+09  0.00e+00  0.00e+00  6.21e+44  1.55e-15  7.90e+08  3.13e+04  3.13e+04  7.20e-01  1.91e+01  6.31e+04  6.28e+04  4.15e-02  4.98e+39  4.98e+39  4.98e+39  1.04e+07  1.35e+05  5.70e+06  6.16e-01  0.00e+00  0.00e+00 
1.169e+15  124      0        0  5.35e+09  0.00e+00  0.00e+00  6.84e+44  1.43e-15  7.30e+08  3.01e+04  3.01e+04  1.30e+01  1.23e+00  6.28e+04  6.24e+04  3.90e-02  3.97e+39  3.97e+39  3.94e+39  1.03e+07  1.35e+05  5.66e+06  1.89e-01  0.00e+00  0.00e+00 
1.207e+15  125      0        0  5.36e+09  0.00e+00  0.00e+00  7.53e+44  1.33e-15  6.79e+08  3.05e+04  3.05e+04  5.03e+00  5.38e+00  6.27e+04  6.24e+04  3.63e-02  3.98e+39  3.98e+39  3.96e+39  1.03e+07  1.35e+05  5.64e+06  3.32e-01  0.00e+00  0.00e+00 
1.246e+15  126      0        0  5.39e+09  0.00e+00  0.00e+00  8.29e+44  1.24e-15  6.32e+08  3.15e+04  3.15e+04 -1.60e+00 -4.35e-01  6.26e+04  6.23e+04  3.40e-02  4.27e+39  4.27e+39  4.26e+39  1.03e+07  1.35e+05  5.59e+06  2.97e-01  0.00e+00  0.00e+00 
1.286e+15  127      0        0  5.51e+09  0.00e+00  0.00e+00  9.13e+44  1.15e-15  5.87e+08  3.12e+04  3.12e+04  6.41e+00  4.33e+00  6.22e+04  6.18e+04  3.21e-02  3.90e+39  3.90e+39  3.90e+39  1.02e+07  1.33e+05  5.50e+06  4.06e-01  0.00e+00  0.00e+00 
1.328e+15  128      0        0  5.64e+09  0.00e+00  0.00e+00  1.01e+45  1.07e-15  5.45e+08  3.00e+04  3.00e+04  3.32e-01  5.30e-01  6.16e+04  6.12e+04  3.05e-02  3.10e+39  3.10e+39  3.09e+39  1.02e+07  1.31e+05  5.44e+06  1.64e-01  0.00e+00  0.00e+00 
1.371e+15  129      0        0  5.69e+09  0.00e+00  0.00e+00  1.11e+45  9.97e-16  5.09e+08  2.91e+04  2.90e+04  6.85e+00  5.12e+00  6.13e+04  6.09e+04  2.87e-02  2.61e+39  2.61e+39  2.59e+39  1.02e+07  1.30e+05  5.41e+06  1.10e-01  0.00e+00  0.00e+00 
1.416e+15  130      0        0  5.70e+09  0.00e+00  0.00e+00  1.22e+45  9.25e-16  4.73e+08  2.97e+04  2.97e+04  1.43e+01  1.25e+01  6.12e+04  6.08e+04  2.68e-02  2.70e+39  2.70e+39  2.69e+39  1.01e+07  1.31e+05  5.38e+06  2.46e-01  0.00e+00  0.00e+00 
1.462e+15  131      0        0  5.76e+09  0.00e+00  0.00e+00  1.34e+45  8.49e-16  4.34e+08  3.01e+04  3.01e+04  7.61e-01  3.72e+00  6.10e+04  6.06e+04  2.52e-02  2.64e+39  2.64e+39  2.64e+39  1.01e+07  1.32e+05  5.33e+06  2.46e-01  0.00e+00  0.00e+00 
1.509e+15  132      0        0  5.89e+09  0.00e+00  0.00e+00  1.48e+45  7.71e-16  3.94e+08  3.00e+04  3.00e+04  9.31e+00  2.69e+01  6.06e+04  6.02e+04  2.39e-02  2.36e+39  2.36e+39  2.35e+39  1.01e+07  1.35e+05  5.26e+06  6.16e-01  0.00e+00  0.00e+00 
1.558e+15  133      0        0  6.02e+09  0.00e+00  0.00e+00  1.63e+45  6.98e-16  3.57e+08  2.99e+04  2.98e+04 -6.48e+00 -8.44e+00  6.02e+04  5.98e+04  2.26e-02  2.09e+39  2.09e+39  2.08e+39  1.00e+07  1.37e+05  5.18e+06  6.07e-01  0.00e+00  0.00e+00 
1.609e+15  134      0        0  6.15e+09  0.00e+00  0.00e+00  1.79e+45  6.26e-16  3.20e+08  3.00e+04  2.99e+04 -7.89e+00  6.10e+00  5.97e+04  5.93e+04  2.15e-02  1.88e+39  1.88e+39  1.88e+39  9.96e+06  1.41e+05  5.09e+06  6.16e-01  0.00e+00  0.00e+00 
1.661e+15  135      0        0  6.34e+09  0.00e+00  0.00e+00  1.98e+45  5.59e-16  2.86e+08  2.99e+04  2.99e+04 -7.68e+00 -1.25e+01  5.90e+04  5.86e+04  2.06e-02  1.65e+39  1.65e+39  1.65e+39  9.87e+06  1.43e+05  4.95e+06  8.00e-01  0.00e+00  0.00e+00 
1.715e+15  136      0        0  6.59e+09  0.00e+00  0.00e+00  2.18e+45  4.99e-16  2.55e+08  2.95e+04  2.94e+04 -1.46e+01 -5.12e+01  5.82e+04  5.79e+04  1.97e-02  1.36e+39  1.36e+39  1.36e+39  9.78e+06  1.44e+05  4.81e+06  8.00e-01  0.00e+00  0.00e+00 
1.771e+15  137      0        0  6.79e+09  0.00e+00  0.00e+00  2.40e+45  4.38e-16  2.24e+08  2.90e+04  2.90e+04 -3.72e+01 -7.63e+01  5.75e+04  5.72e+04  1.88e-02  1.10e+39  1.10e+39  1.10e+39  9.72e+06  1.48e+05  4.70e+06  7.88e-01  0.00e+00  0.00e+00 
1.828e+15  138      0        0  6.95e+09  0.00e+00  0.00e+00  2.65e+45  3.85e-16  1.97e+08  2.89e+04  2.89e+04 -8.25e+01 -1.10e+02  5.70e+04  5.66e+04  1.78e-02  9.32e+38  9.32e+38  9.32e+38  9.66e+06  1.53e+05  4.60e+06  8.00e-01  0.00e+00  0.00e+00 
1.887e+15  139      0        0  7.11e+09  0.00e+00  0.00e+00  2.92e+45  3.41e-16  1.74e+08  2.89e+04  2.89e+04 -1.32e+02 -2.27e+02  5.64e+04  5.60e+04  1.70e-02  8.20e+38  8.20e+38  8.18e+38  9.59e+06  1.56e+05  4.47e+06  8.00e-01  0.00e+00  0.00e+00 
1.949e+15  140      0        0  7.35e+09  0.00e+00  0.00e+00  3.22e+45  3.05e-16  1.56e+08  2.86e+04  2.86e+04 -2.44e+02 -3.57e+02  5.56e+04  5.52e+04  1.62e-02  6.94e+38  6.94e+38  6.94e+38  9.51e+06  1.54e+05  4.33e+06  7.45e-01  0.00e+00  0.00e+00 
2.012e+15  141      0        0  7.56e+09  0.00e+00  0.00e+00  3.55e+45  2.71e-16  1.38e+08  2.83e+04  2.87e+04 -8.34e+02 -1.32e+03  5.48e+04  5.45e+04  1.55e-02  5.61e+38  5.61e+38  5.81e+38  9.44e+06  1.54e+05  4.21e+06  6.07e-01  0.00e+00  0.00e+00 
2.077e+15  142      0        0  7.70e+09  0.00e+00  0.00e+00  3.91e+45  2.39e-16  1.22e+08  2.83e+04  2.90e+04 -1.67e+03  6.01e+02  5.42e+04  5.38e+04  1.47e-02  4.65e+38  4.65e+38  5.00e+38  9.39e+06  1.56e+05  4.11e+06  6.07e-01  0.00e+00  0.00e+00 
2.145e+15  143      0        1  7.81e+09  0.00e+00  0.00e+00  4.31e+45  2.16e-16  1.10e+08  2.85e+04  2.99e+04  3.67e+02  1.25e+03  5.37e+04  5.32e+04  1.39e-02  4.09e+38  4.09e+38  4.64e+38  9.35e+06  1.55e+05  4.03e+06  6.07e-01  0.00e+00  0.00e+00 
2.214e+15  144      0        1  7.92e+09  0.00e+00  0.00e+00  4.75e+45  1.99e-16  1.02e+08  2.80e+04  3.04e+04 -4.99e+02  4.67e+03  5.31e+04  5.28e+04  1.32e-02  3.64e+38  3.64e+38  4.05e+38  9.31e+06  1.50e+05  3.95e+06  5.02e-01  0.00e+00  0.00e+00 
2.286e+15  145      0        1  8.02e+09  0.00e+00  0.00e+00  5.23e+45  1.85e-16  9.48e+07  2.80e+04  2.97e+04 -7.28e+02  4.98e+03  5.26e+04  5.24e+04  1.25e-02  3.10e+38  3.10e+38  3.75e+38  9.28e+06  1.43e+05  3.89e+06  3.51e-01  0.00e+00  0.00e+00 
2.361e+15  146      0        1  7.99e+09  0.00e+00  0.00e+00  5.75e+45  1.74e-16  8.88e+07  2.74e+04  2.90e+04  2.33e+03 -1.76e+02  5.24e+04  5.22e+04  1.17e-02  2.88e+38  2.88e+38  3.30e+38  9.26e+06  1.38e+05  3.87e+06  6.16e-01  0.00e+00  0.00e+00 
2.437e+15  147      0        1  7.88e+09  0.00e+00  0.00e+00  6.32e+45  1.64e-16  8.37e+07  2.76e+04  2.86e+04  5.79e+02 -2.74e+03  5.23e+04  5.21e+04  1.09e-02  2.75e+38  2.75e+38  3.24e+38  9.24e+06  1.35e+05  3.86e+06  3.02e-01  0.00e+00  0.00e+00 
2.516e+15  148      0        0  7.78e+09  0.00e+00  0.00e+00  6.95e+45  1.57e-16  8.01e+07  2.68e+04  2.74e+04  1.37e+03  1.97e+01  5.23e+04  5.21e+04  1.02e-02  2.74e+38  2.74e+38  2.96e+38  9.23e+06  1.31e+05  3.85e+06  5.22e-01  0.00e+00  0.00e+00 
2.598e+15  149      0        0  7.71e+09  0.00e+00  0.00e+00  7.64e+45  1.52e-16  7.74e+07  2.68e+04  2.80e+04  1.81e+03 -1.76e+02  5.24e+04  5.22e+04  9.48e-03  2.73e+38  2.73e+38  2.96e+38  9.22e+06  1.27e+05  3.85e+06  6.78e-01  0.00e+00  0.00e+00 
2.682e+15  150      0        0  7.60e+09  0.00e+00  0.00e+00  8.40e+45  1.49e-16  7.60e+07  2.72e+04  2.80e+04  6.36e+02 -1.82e+03  5.26e+04  5.25e+04  8.74e-03  2.83e+38  2.83e+38  3.12e+38  9.22e+06  1.22e+05  3.88e+06  3.32e-01  0.00e+00  0.00e+00 
2.769e+15  151      0        0  7.35e+09  0.00e+00  0.00e+00  9.22e+45  1.49e-16  7.64e+07  2.70e+04  2.79e+04  1.22e+03 -1.10e+03  5.31e+04  5.29e+04  8.00e-03  3.06e+38  3.06e+38  3.14e+38  9.19e+06  1.17e+05  3.93e+06  8.00e-01  0.00e+00  0.00e+00 
2.859e+15  152      0        0  6.94e+09  0.00e+00  0.00e+00  1.01e+46  1.51e-16  7.70e+07  2.70e+04  2.70e+04  2.56e+02 -1.51e+02  5.36e+04  5.34e+04  7.30e-03  3.26e+38  3.26e+38  3.29e+38  9.13e+06  1.11e+05  3.98e+06  5.02e-01  0.00e+00  0.00e+00 
2.952e+15  153     -1        0  6.42e+09  0.00e+00  0.00e+00  0.00e+00  0.00e+00  0.00e+00  0.00e+00  0.00e+00  0.00e+00  0.00e+00  0.00e+00  0.00e+00  0.00e+00  0.00e+00  0.00e+00  0.00e+00  0.00e+00  0.00e+00  0.00e+00  0.00e+00  0.00e+00  0.00e+00 
3.048e+15  154     -1        0  6.42e+09  0.00e+00  0.00e+00  0.00e+00  0.00e+00  0.00e+00  0.00e+00  0.00e+00  0.00e+00  0.00e+00  0.00e+00  0.00e+00  0.00e+00  0.00e+00  0.00e+00  0.00e+00  0.00e+00  0.00e+00  0.00e+00  0.00e+00  0.00e+00  0.00e+00 
