        r      rcen    i inwind converge       v_x       v_y       v_z       vol       rho        ne       t_e       t_r        h1       he2        c4        n5        o6  dmo_dt_x  dmo_dt_y  dmo_dt_z        ip        xi      ntot      nrad    nioniz 
2.223e+13 2.260e+13    0     -1        0  1.43e+10  0.00e+00  0.00e+00  0.00e+00  0.00e+00  0.00e+00  0.00e+00  0.00e+00  0.00e+00  0.00e+00  0.00e+00  0.00e+00  0.00e+00  0.00e+00  0.00e+00  0.00e+00  0.00e+00  0.00e+00  0.00e+00  0.00e+00  0.00e+00 
2.296e+13 2.333e+13    1      0        0  1.44e+10  0.00e+00  0.00e+00  5.82e+39  6.22e-13  3.19e+11  1.97e+05  1.60e+05  1.33e-11  2.03e-11  0.00e+00  0.00e+00  3.92e-08  4.36e+32  1.99e+31 -3.92e+31  2.50e+06  6.24e+07  1.09e+07  0.00e+00  1.04e+07 
2.370e+13 2.409e+13    2      0        0  1.45e+10  0.00e+00  0.00e+00  6.41e+39  6.23e-13  3.19e+11  1.88e+05  1.50e+05  1.13e-11  2.20e-11  0.00e+00  0.00e+00  7.78e-08 -2.30e+33  3.90e+31 -1.02e+33  2.15e+06  5.09e+07  1.08e+07  0.00e+00  1.03e+07 
2.447e+13 2.487e+13    3      0        0  1.45e+10  0.00e+00  0.00e+00  7.06e+39  6.23e-13  3.19e+11  1.82e+05  1.44e+05  1.28e-11  4.57e-11  0.00e+00  0.00e+00  1.21e-07 -2.98e+33  2.48e+32 -1.50e+33  1.92e+06  4.42e+07  1.08e+07  0.00e+00  1.03e+07 
2.527e+13 2.568e+13    4      0        0  1.45e+10  0.00e+00  0.00e+00  7.77e+39  6.21e-13  3.18e+11  1.77e+05  1.40e+05  1.43e-11  3.46e-11  0.00e+00  0.00e+00  1.72e-07 -3.43e+33  1.94e+31 -2.29e+33  1.75e+06  3.96e+07  1.08e+07  0.00e+00  1.03e+07 
2.609e+13 2.651e+13    5      0        0  1.46e+10  0.00e+00  0.00e+00  8.56e+39  6.19e-13  3.17e+11  1.73e+05  1.37e+05  1.35e-11  3.29e-11  0.00e+00  0.00e+00  2.31e-07 -3.71e+33  5.20e+31 -2.42e+33  1.61e+06  3.57e+07  1.08e+07  0.00e+00  1.02e+07 
2.693e+13 2.737e+13    6      0        0  1.46e+10  0.00e+00  0.00e+00  9.42e+39  6.17e-13  3.16e+11  1.69e+05  1.34e+05  1.87e-11  3.74e-11  0.00e+00  0.00e+00  3.00e-07 -3.95e+33 -1.26e+32 -2.68e+33  1.49e+06  3.27e+07  1.09e+07  0.00e+00  1.02e+07 
2.781e+13 2.826e+13    7      0        0  1.45e+10  0.00e+00  0.00e+00  1.04e+40  6.14e-13  3.14e+11  1.66e+05  1.31e+05  1.89e-11  5.84e-11  0.00e+00  0.00e+00  3.76e-07 -4.11e+33 -8.30e+31 -2.73e+33  1.39e+06  3.00e+07  1.09e+07  0.00e+00  1.02e+07 
2.871e+13 2.918e+13    8      0        0  1.45e+10  0.00e+00  0.00e+00  1.14e+40  6.10e-13  3.13e+11  1.63e+05  1.29e+05  2.45e-11  4.22e-11  0.00e+00  0.00e+00  4.62e-07 -4.32e+33  1.52e+31 -2.82e+33  1.30e+06  2.76e+07  1.09e+07  0.00e+00  1.02e+07 
2.964e+13 3.012e+13    9      0        0  1.45e+10  0.00e+00  0.00e+00  1.25e+40  6.06e-13  3.10e+11  1.61e+05  1.27e+05  2.16e-11  5.75e-11  0.00e+00  0.00e+00  5.55e-07 -4.69e+33  9.07e+31 -2.93e+33  1.22e+06  2.57e+07  1.10e+07  0.00e+00  1.02e+07 
3.061e+13 3.110e+13   10      0        0  1.44e+10  0.00e+00  0.00e+00  1.38e+40  6.01e-13  3.08e+11  1.58e+05  1.25e+05  2.21e-11  5.41e-11  0.00e+00  0.00e+00  6.57e-07 -4.34e+33 -1.49e+32 -3.03e+33  1.15e+06  2.39e+07  1.10e+07  0.00e+00  1.02e+07 
3.160e+13 3.211e+13   11      0        0  1.43e+10  0.00e+00  0.00e+00  1.51e+40  5.96e-13  3.05e+11  1.56e+05  1.24e+05  1.69e-11  5.80e-11  0.00e+00  0.00e+00  7.48e-07 -4.48e+33  3.18e+30 -2.92e+33  1.09e+06  2.26e+07  1.11e+07  0.00e+00  1.03e+07 
3.262e+13 3.315e+13   12      0        0  1.42e+10  0.00e+00  0.00e+00  1.66e+40  5.90e-13  3.02e+11  1.54e+05  1.22e+05  2.51e-11  6.89e-11  0.00e+00  0.00e+00  8.58e-07 -4.25e+33  1.54e+31 -3.05e+33  1.04e+06  2.13e+07  1.11e+07  0.00e+00  1.03e+07 
3.368e+13 3.423e+13   13      0        0  1.41e+10  0.00e+00  0.00e+00  1.82e+40  5.84e-13  2.99e+11  1.53e+05  1.21e+05  1.91e-11  6.13e-11  0.00e+00  0.00e+00  9.52e-07 -4.61e+33 -1.44e+32 -3.19e+33  9.94e+05  2.01e+07  1.12e+07  0.00e+00  1.03e+07 
3.478e+13 3.534e+13   14      0        0  1.40e+10  0.00e+00  0.00e+00  2.00e+40  5.77e-13  2.95e+11  1.51e+05  1.20e+05  2.56e-11  7.45e-11  0.00e+00  0.00e+00  1.04e-06 -4.39e+33 -1.54e+32 -3.20e+33  9.52e+05  1.92e+07  1.13e+07  0.00e+00  1.04e+07 
3.591e+13 3.649e+13   15      0        0  1.38e+10  0.00e+00  0.00e+00  2.19e+40  5.70e-13  2.92e+11  1.50e+05  1.19e+05  1.20e-11  6.30e-11  0.00e+00  0.00e+00  1.14e-06 -4.73e+33 -1.17e+32 -3.07e+33  9.15e+05  1.83e+07  1.14e+07  0.00e+00  1.05e+07 
3.707e+13 3.767e+13   16      0        0  1.36e+10  0.00e+00  0.00e+00  2.41e+40  5.62e-13  2.88e+11  1.49e+05  1.18e+05  2.27e-11  6.43e-11  0.00e+00  0.00e+00  1.24e-06 -4.56e+33  4.52e+32 -3.03e+33  8.81e+05  1.75e+07  1.15e+07  0.00e+00  1.05e+07 
3.828e+13 3.890e+13   17      0        0  1.34e+10  0.00e+00  0.00e+00  2.64e+40  5.55e-13  2.84e+11  1.48e+05  1.17e+05  2.89e-11  8.25e-11  0.00e+00  0.00e+00  1.32e-06 -4.78e+33 -1.34e+32 -2.89e+33  8.50e+05  1.67e+07  1.16e+07  0.00e+00  1.06e+07 
3.952e+13 4.016e+13   18      0        0  1.32e+10  0.00e+00  0.00e+00  2.89e+40  5.47e-13  2.80e+11  1.47e+05  1.17e+05  2.00e-11  7.46e-11  0.00e+00  0.00e+00  1.39e-06 -4.80e+33  1.32e+32 -3.16e+33  8.23e+05  1.62e+07  1.17e+07  0.00e+00  1.07e+07 
4.080e+13 4.146e+13   19      0        0  1.30e+10  0.00e+00  0.00e+00  3.17e+40  5.39e-13  2.76e+11  1.46e+05  1.16e+05  2.36e-11  6.93e-11  0.00e+00  0.00e+00  1.46e-06 -4.37e+33  4.76e+31 -2.82e+33  7.98e+05  1.57e+07  1.19e+07  0.00e+00  1.08e+07 
4.213e+13 4.281e+13   20      0        0  1.27e+10  0.00e+00  0.00e+00  3.47e+40  5.30e-13  2.71e+11  1.45e+05  1.15e+05  2.36e-11  8.07e-11  0.00e+00  0.00e+00  1.53e-06 -4.75e+33 -1.09e+32 -2.84e+33  7.74e+05  1.52e+07  1.20e+07  0.00e+00  1.09e+07 
4.350e+13 4.420e+13   21      0        0  1.25e+10  0.00e+00  0.00e+00  3.81e+40  5.21e-13  2.67e+11  1.44e+05  1.15e+05  2.45e-11  7.33e-11  0.00e+00  0.00e+00  1.59e-06 -4.84e+33  3.44e+31 -3.02e+33  7.53e+05  1.46e+07  1.22e+07  0.00e+00  1.10e+07 
4.491e+13 4.564e+13   22      0        0  1.22e+10  0.00e+00  0.00e+00  4.17e+40  5.12e-13  2.62e+11  1.43e+05  1.14e+05  2.66e-11  7.75e-11  0.00e+00  0.00e+00  1.65e-06 -4.75e+33  3.18e+31 -3.11e+33  7.35e+05  1.41e+07  1.23e+07  0.00e+00  1.11e+07 
4.637e+13 4.712e+13   23      0        0  1.20e+10  0.00e+00  0.00e+00  4.57e+40  5.01e-13  2.57e+11  1.43e+05  1.13e+05  2.81e-11  9.06e-11  0.00e+00  0.00e+00  1.72e-06 -4.55e+33  1.88e+32 -3.08e+33  7.18e+05  1.38e+07  1.25e+07  0.00e+00  1.12e+07 
4.787e+13 4.865e+13   24      0        0  1.17e+10  0.00e+00  0.00e+00  5.01e+40  4.90e-13  2.51e+11  1.42e+05  1.13e+05  2.26e-11  1.01e-10  0.00e+00  0.00e+00  1.78e-06 -5.26e+33  2.02e+32 -3.17e+33  7.03e+05  1.35e+07  1.27e+07  0.00e+00  1.13e+07 
4.942e+13 5.023e+13   25      0        0  1.14e+10  0.00e+00  0.00e+00  5.49e+40  4.79e-13  2.45e+11  1.41e+05  1.12e+05  1.94e-11  8.21e-11  0.00e+00  0.00e+00  1.82e-06 -4.83e+33 -2.29e+32 -2.93e+33  6.90e+05  1.32e+07  1.28e+07  0.00e+00  1.15e+07 
5.103e+13 5.186e+13   26      0        0  1.12e+10  0.00e+00  0.00e+00  6.02e+40  4.67e-13  2.39e+11  1.40e+05  1.12e+05  3.09e-11  7.78e-11  0.00e+00  0.00e+00  1.88e-06 -4.77e+33  1.46e+32 -3.15e+33  6.77e+05  1.29e+07  1.30e+07  0.00e+00  1.16e+07 
5.269e+13 5.354e+13   27      0        0  1.09e+10  0.00e+00  0.00e+00  6.61e+40  4.56e-13  2.34e+11  1.39e+05  1.11e+05  2.55e-11  7.75e-11  0.00e+00  0.00e+00  1.94e-06 -4.99e+33  8.09e+31 -3.26e+33  6.64e+05  1.27e+07  1.32e+07  0.00e+00  1.17e+07 
5.440e+13 5.528e+13   28      0        0  1.07e+10  0.00e+00  0.00e+00  7.24e+40  4.44e-13  2.27e+11  1.39e+05  1.11e+05  2.70e-11  8.10e-11  0.00e+00  0.00e+00  2.01e-06 -5.02e+33 -1.68e+32 -3.05e+33  6.53e+05  1.24e+07  1.34e+07  0.00e+00  1.19e+07 
5.616e+13 5.708e+13   29      0        0  1.04e+10  0.00e+00  0.00e+00  7.95e+40  4.32e-13  2.21e+11  1.38e+05  1.10e+05  2.51e-11  8.19e-11  0.00e+00  0.00e+00  2.07e-06 -4.78e+33  3.26e+32 -3.00e+33  6.43e+05  1.21e+07  1.36e+07  0.00e+00  1.20e+07 
5.799e+13 5.893e+13   30      0        0  1.02e+10  0.00e+00  0.00e+00  8.72e+40  4.19e-13  2.14e+11  1.37e+05  1.09e+05  1.98e-11  9.68e-11  0.00e+00  0.00e+00  2.17e-06 -4.86e+33 -6.16e+31 -3.22e+33  6.33e+05  1.19e+07  1.38e+07  0.00e+00  1.21e+07 
5.987e+13 6.084e+13   31      0        0  9.93e+09  0.00e+00  0.00e+00  9.57e+40  4.06e-13  2.08e+11  1.36e+05  1.09e+05  2.64e-11  9.27e-11  0.00e+00  0.00e+00  2.22e-06 -4.66e+33 -6.89e+31 -3.15e+33  6.23e+05  1.17e+07  1.40e+07  0.00e+00  1.23e+07 
6.181e+13 6.282e+13   32      0        0  9.69e+09  0.00e+00  0.00e+00  1.05e+41  3.94e-13  2.02e+11  1.35e+05  1.08e+05  2.80e-11  9.47e-11  0.00e+00  0.00e+00  2.29e-06 -5.11e+33  5.71e+31 -3.46e+33  6.14e+05  1.15e+07  1.42e+07  0.00e+00  1.24e+07 
6.382e+13 6.486e+13   33      0        0  9.46e+09  0.00e+00  0.00e+00  1.15e+41  3.81e-13  1.95e+11  1.34e+05  1.08e+05  2.23e-11  1.14e-10  0.00e+00  0.00e+00  2.40e-06 -5.77e+33 -2.91e+32 -3.36e+33  6.05e+05  1.13e+07  1.45e+07  0.00e+00  1.26e+07 
6.589e+13 6.696e+13   34      0        0  9.23e+09  0.00e+00  0.00e+00  1.27e+41  3.69e-13  1.89e+11  1.33e+05  1.07e+05  2.23e-11  1.09e-10  0.00e+00  0.00e+00  2.48e-06 -5.32e+33 -6.77e+31 -3.45e+33  5.97e+05  1.10e+07  1.47e+07  0.00e+00  1.27e+07 
6.803e+13 6.914e+13   35      0        0  9.01e+09  0.00e+00  0.00e+00  1.39e+41  3.56e-13  1.82e+11  1.32e+05  1.06e+05  2.67e-11  1.11e-10  0.00e+00  0.00e+00  2.62e-06 -5.62e+33  3.47e+32 -3.58e+33  5.89e+05  1.08e+07  1.49e+07  0.00e+00  1.28e+07 
7.024e+13 7.138e+13   36      0        0  8.80e+09  0.00e+00  0.00e+00  1.53e+41  3.44e-13  1.76e+11  1.30e+05  1.06e+05  2.74e-11  9.81e-11  0.00e+00  0.00e+00  2.74e-06 -5.30e+33  3.40e+31 -3.22e+33  5.81e+05  1.06e+07  1.51e+07  0.00e+00  1.30e+07 
7.252e+13 7.370e+13   37      0        0  8.59e+09  0.00e+00  0.00e+00  1.68e+41  3.31e-13  1.70e+11  1.29e+05  1.05e+05  2.52e-11  9.86e-11  0.00e+00  0.00e+00  2.86e-06 -5.56e+33 -2.33e+32 -3.59e+33  5.73e+05  1.04e+07  1.53e+07  0.00e+00  1.31e+07 
7.488e+13 7.609e+13   38      0        0  8.39e+09  0.00e+00  0.00e+00  1.84e+41  3.19e-13  1.64e+11  1.28e+05  1.04e+05  2.69e-11  1.12e-10  0.00e+00  0.00e+00  2.97e-06 -5.33e+33  2.70e+32 -3.37e+33  5.66e+05  1.02e+07  1.55e+07  0.00e+00  1.32e+07 
7.731e+13 7.856e+13   39      0        0  8.18e+09  0.00e+00  0.00e+00  2.02e+41  3.08e-13  1.58e+11  1.27e+05  1.03e+05  2.65e-11  1.23e-10  0.00e+00  0.00e+00  3.09e-06 -5.82e+33 -2.13e+32 -2.68e+33  5.58e+05  1.01e+07  1.57e+07  0.00e+00  1.34e+07 
7.982e+13 8.111e+13   40      0        0  7.99e+09  0.00e+00  0.00e+00  2.22e+41  2.96e-13  1.52e+11  1.26e+05  1.03e+05  2.13e-11  1.17e-10  0.00e+00  0.00e+00  3.25e-06 -5.53e+33 -6.00e+31 -3.64e+33  5.51e+05  9.95e+06  1.60e+07  0.00e+00  1.35e+07 
8.241e+13 8.375e+13   41      0        0  7.80e+09  0.00e+00  0.00e+00  2.44e+41  2.85e-13  1.46e+11  1.25e+05  1.02e+05  2.58e-11  1.16e-10  0.00e+00  0.00e+00  3.39e-06 -5.37e+33  2.65e+31 -3.38e+33  5.44e+05  9.72e+06  1.62e+07  0.00e+00  1.36e+07 
8.508e+13 8.647e+13   42      0        0  7.61e+09  0.00e+00  0.00e+00  2.68e+41  2.74e-13  1.40e+11  1.23e+05  1.01e+05  2.29e-11  1.33e-10  0.00e+00  0.00e+00  3.56e-06 -5.39e+33 -1.32e+32 -3.44e+33  5.37e+05  9.55e+06  1.64e+07  0.00e+00  1.37e+07 
8.785e+13 8.927e+13   43      0        0  7.44e+09  0.00e+00  0.00e+00  2.95e+41  2.63e-13  1.35e+11  1.22e+05  1.01e+05  2.58e-11  1.38e-10  0.00e+00  0.00e+00  3.72e-06 -5.85e+33  1.90e+32 -3.50e+33  5.29e+05  9.45e+06  1.66e+07  0.00e+00  1.38e+07 
9.070e+13 9.217e+13   44      0        0  7.26e+09  0.00e+00  0.00e+00  3.24e+41  2.52e-13  1.29e+11  1.21e+05  1.00e+05  2.79e-11  1.43e-10  0.00e+00  0.00e+00  3.97e-06 -6.02e+33 -1.46e+32 -3.47e+33  5.21e+05  9.26e+06  1.68e+07  0.00e+00  1.39e+07 
9.364e+13 9.516e+13   45      0        0  7.10e+09  0.00e+00  0.00e+00  3.56e+41  2.42e-13  1.24e+11  1.20e+05  9.93e+04  2.57e-11  1.47e-10  0.00e+00  0.00e+00  4.21e-06 -5.72e+33  3.03e+32 -3.59e+33  5.14e+05  9.05e+06  1.70e+07  0.00e+00  1.40e+07 
9.668e+13 9.825e+13   46      0        0  6.94e+09  0.00e+00  0.00e+00  3.91e+41  2.32e-13  1.19e+11  1.18e+05  9.86e+04  2.38e-11  1.46e-10  0.00e+00  0.00e+00  4.44e-06 -5.77e+33 -9.53e+31 -3.83e+33  5.06e+05  8.88e+06  1.71e+07  0.00e+00  1.41e+07 
9.982e+13 1.014e+14   47      0        0  6.79e+09  0.00e+00  0.00e+00  4.30e+41  2.23e-13  1.14e+11  1.17e+05  9.78e+04  2.75e-11  1.44e-10  0.00e+00  0.00e+00  4.66e-06 -5.66e+33 -7.88e+31 -3.83e+33  4.97e+05  8.73e+06  1.73e+07  0.00e+00  1.42e+07 
1.031e+14 1.047e+14   48      0        0  6.63e+09  0.00e+00  0.00e+00  4.73e+41  2.14e-13  1.09e+11  1.16e+05  9.71e+04  2.51e-11  1.65e-10  0.00e+00  0.00e+00  4.97e-06 -6.05e+33  3.91e+31 -3.76e+33  4.89e+05  8.53e+06  1.75e+07  0.00e+00  1.43e+07 
1.064e+14 1.081e+14   49      0        0  6.49e+09  0.00e+00  0.00e+00  5.20e+41  2.05e-13  1.05e+11  1.15e+05  9.64e+04  2.74e-11  1.65e-10  0.00e+00  0.00e+00  5.28e-06 -6.05e+33  1.20e+32 -3.87e+33  4.80e+05  8.37e+06  1.76e+07  0.00e+00  1.43e+07 
1.099e+14 1.116e+14   50      0        0  6.34e+09  0.00e+00  0.00e+00  5.71e+41  1.96e-13  1.01e+11  1.13e+05  9.57e+04  2.11e-11  1.62e-10  0.00e+00  0.00e+00  5.61e-06 -6.10e+33 -3.32e+32 -3.63e+33  4.72e+05  8.20e+06  1.78e+07  0.00e+00  1.44e+07 
1.134e+14 1.153e+14   51      0        0  6.21e+09  0.00e+00  0.00e+00  6.28e+41  1.88e-13  9.63e+10  1.12e+05  9.50e+04  2.06e-11  1.81e-10  0.00e+00  0.00e+00  5.89e-06 -6.12e+33  7.24e+31 -4.10e+33  4.63e+05  7.93e+06  1.79e+07  0.00e+00  1.44e+07 
1.171e+14 1.190e+14   52      0        0  6.08e+09  0.00e+00  0.00e+00  6.91e+41  1.80e-13  9.23e+10  1.11e+05  9.43e+04  2.79e-11  1.88e-10  0.00e+00  0.00e+00  6.30e-06 -6.26e+33 -1.33e+31 -4.16e+33  4.54e+05  7.75e+06  1.81e+07  0.00e+00  1.44e+07 
1.209e+14 1.229e+14   53      0        0  5.97e+09  0.00e+00  0.00e+00  7.60e+41  1.73e-13  8.85e+10  1.09e+05  9.36e+04  2.04e-11  2.05e-10  0.00e+00  0.00e+00  6.78e-06 -5.88e+33  1.46e+32 -3.60e+33  4.45e+05  7.57e+06  1.82e+07  0.00e+00  1.45e+07 
1.248e+14 1.269e+14   54      0        0  5.85e+09  0.00e+00  0.00e+00  8.36e+41  1.66e-13  8.48e+10  1.08e+05  9.29e+04  2.09e-11  2.07e-10  0.00e+00  0.00e+00  7.38e-06 -5.90e+33 -1.15e+32 -3.71e+33  4.34e+05  7.37e+06  1.83e+07  0.00e+00  1.45e+07 
1.289e+14 1.310e+14   55      0        0  5.74e+09  0.00e+00  0.00e+00  9.19e+41  1.59e-13  8.13e+10  1.07e+05  9.22e+04  2.39e-11  2.21e-10  0.00e+00  0.00e+00  7.85e-06 -6.06e+33 -2.98e+32 -4.36e+33  4.24e+05  7.13e+06  1.84e+07  0.00e+00  1.45e+07 
1.331e+14 1.352e+14   56      0        0  5.63e+09  0.00e+00  0.00e+00  1.01e+42  1.52e-13  7.80e+10  1.06e+05  9.14e+04  2.89e-11  2.34e-10  0.00e+00  0.00e+00  8.30e-06 -6.18e+33  1.93e+31 -3.72e+33  4.14e+05  6.93e+06  1.85e+07  0.00e+00  1.44e+07 
1.374e+14 1.396e+14   57      0        0  5.54e+09  0.00e+00  0.00e+00  1.11e+42  1.46e-13  7.47e+10  1.04e+05  9.07e+04  2.06e-11  2.50e-10  0.00e+00  0.00e+00  8.93e-06 -6.23e+33 -1.18e+31 -4.17e+33  4.04e+05  6.80e+06  1.86e+07  0.00e+00  1.44e+07 
1.419e+14 1.442e+14   58      0        0  5.45e+09  0.00e+00  0.00e+00  1.22e+42  1.40e-13  7.17e+10  1.03e+05  9.00e+04  2.15e-11  2.69e-10  0.00e+00  0.00e+00  9.64e-06 -6.14e+33 -1.32e+32 -4.28e+33  3.93e+05  6.60e+06  1.87e+07  0.00e+00  1.44e+07 
1.465e+14 1.488e+14   59      0        0  5.37e+09  0.00e+00  0.00e+00  1.35e+42  1.34e-13  6.88e+10  1.02e+05  8.93e+04  2.80e-11  2.83e-10  0.00e+00  0.00e+00  1.07e-05 -6.28e+33 -1.01e+32 -3.91e+33  3.83e+05  6.33e+06  1.87e+07  0.00e+00  1.44e+07 
1.512e+14 1.537e+14   60      0        0  5.29e+09  0.00e+00  0.00e+00  1.48e+42  1.29e-13  6.60e+10  1.00e+05  8.86e+04  2.15e-11  3.00e-10  0.00e+00  0.00e+00  1.14e-05 -6.23e+33 -2.41e+30 -3.77e+33  3.72e+05  6.13e+06  1.88e+07  0.00e+00  1.43e+07 
1.561e+14 1.587e+14   61      0        0  5.21e+09  0.00e+00  0.00e+00  1.63e+42  1.24e-13  6.35e+10  9.92e+04  8.79e+04  2.31e-11  3.23e-10  0.00e+00  0.00e+00  1.26e-05 -6.41e+33 -1.54e+31 -3.75e+33  3.61e+05  5.92e+06  1.88e+07  0.00e+00  1.42e+07 
1.612e+14 1.638e+14   62      0        0  5.14e+09  0.00e+00  0.00e+00  1.79e+42  1.19e-13  6.10e+10  9.80e+04  8.72e+04  2.17e-11  3.56e-10  0.00e+00  0.00e+00  1.44e-05 -6.31e+33  8.49e+31 -3.65e+33  3.49e+05  5.71e+06  1.88e+07  0.00e+00  1.42e+07 
1.664e+14 1.691e+14   63      0        0  5.08e+09  0.00e+00  0.00e+00  1.97e+42  1.15e-13  5.87e+10  9.68e+04  8.65e+04  2.98e-11  3.75e-10  0.00e+00  0.00e+00  1.59e-05 -6.21e+33  4.52e+31 -3.98e+33  3.38e+05  5.51e+06  1.88e+07  0.00e+00  1.41e+07 
1.718e+14 1.746e+14   64      0        0  5.01e+09  0.00e+00  0.00e+00  2.17e+42  1.10e-13  5.62e+10  9.55e+04  8.58e+04  2.49e-11  4.00e-10  0.00e+00  0.00e+00  1.70e-05 -6.24e+33 -1.25e+32 -3.90e+33  3.28e+05  5.35e+06  1.88e+07  0.00e+00  1.40e+07 
1.774e+14 1.803e+14   65      0        0  4.95e+09  0.00e+00  0.00e+00  2.39e+42  1.05e-13  5.39e+10  9.43e+04  8.52e+04  2.32e-11  4.33e-10  0.00e+00  0.00e+00  1.80e-05 -6.21e+33 -1.26e+32 -4.17e+33  3.18e+05  5.08e+06  1.88e+07  0.00e+00  1.39e+07 
1.832e+14 1.862e+14   66      0        0  4.89e+09  0.00e+00  0.00e+00  2.63e+42  1.01e-13  5.15e+10  9.31e+04  8.45e+04  2.34e-11  4.71e-10  0.00e+00  0.00e+00  1.97e-05 -6.29e+33  4.27e+32 -3.75e+33  3.08e+05  4.92e+06  1.88e+07  0.00e+00  1.38e+07 
1.891e+14 1.922e+14   67      0        0  4.85e+09  0.00e+00  0.00e+00  2.89e+42  9.61e-14  4.92e+10  9.19e+04  8.38e+04  3.25e-11  5.22e-10  0.00e+00  0.00e+00  2.18e-05 -6.14e+33  7.29e+31 -4.15e+33  2.98e+05  4.79e+06  1.87e+07  0.00e+00  1.37e+07 
1.953e+14 1.984e+14   68      0        0  4.80e+09  0.00e+00  0.00e+00  3.18e+42  9.17e-14  4.70e+10  9.07e+04  8.32e+04  2.55e-11  5.67e-10  0.00e+00  0.00e+00  2.34e-05 -6.06e+33 -2.16e+32 -3.71e+33  2.89e+05  4.62e+06  1.87e+07  0.00e+00  1.35e+07 
2.016e+14 2.049e+14   69      0        0  4.75e+09  0.00e+00  0.00e+00  3.50e+42  8.73e-14  4.47e+10  8.94e+04  8.25e+04  3.39e-11  6.09e-10  0.00e+00  0.00e+00  2.55e-05 -6.13e+33 -1.04e+32 -4.00e+33  2.81e+05  4.48e+06  1.86e+07  0.00e+00  1.34e+07 
2.082e+14 2.115e+14   70      0        0  4.70e+09  0.00e+00  0.00e+00  3.85e+42  8.30e-14  4.25e+10  8.83e+04  8.18e+04  2.56e-11  6.57e-10  0.00e+00  0.00e+00  2.77e-05 -6.11e+33 -1.60e+32 -3.88e+33  2.73e+05  4.34e+06  1.85e+07  0.00e+00  1.32e+07 
2.149e+14 2.184e+14   71      0        0  4.66e+09  0.00e+00  0.00e+00  4.23e+42  7.87e-14  4.03e+10  8.72e+04  8.12e+04  2.55e-11  7.24e-10  0.00e+00  0.00e+00  3.00e-05 -6.02e+33 -1.91e+32 -3.97e+33  2.66e+05  4.23e+06  1.84e+07  0.00e+00  1.31e+07 
2.219e+14 2.255e+14   72      0        0  4.62e+09  0.00e+00  0.00e+00  4.66e+42  7.46e-14  3.82e+10  8.61e+04  8.06e+04  2.40e-11  7.86e-10  0.00e+00  0.00e+00  3.28e-05 -5.84e+33 -4.02e+31 -3.55e+33  2.59e+05  4.10e+06  1.83e+07  0.00e+00  1.29e+07 
2.291e+14 2.328e+14   73      0        0  4.58e+09  0.00e+00  0.00e+00  5.13e+42  7.07e-14  3.62e+10  8.49e+04  8.00e+04  3.17e-11  8.41e-10  0.00e+00  0.00e+00  3.46e-05 -5.81e+33 -2.50e+32 -3.71e+33  2.52e+05  3.98e+06  1.82e+07  0.00e+00  1.28e+07 
2.365e+14 2.404e+14   74      0        0  4.54e+09  0.00e+00  0.00e+00  5.64e+42  6.70e-14  3.43e+10  8.37e+04  7.93e+04  2.67e-11  9.01e-10  0.00e+00  0.00e+00  3.84e-05 -5.95e+33  2.05e+32 -3.74e+33  2.45e+05  3.84e+06  1.81e+07  0.00e+00  1.26e+07 
2.442e+14 2.482e+14   75      0        0  4.53e+09  0.00e+00  0.00e+00  6.21e+42  6.36e-14  3.26e+10  8.26e+04  7.87e+04  3.52e-11  9.80e-10  0.00e+00  0.00e+00  4.16e-05 -5.77e+33 -1.84e+32 -3.62e+33  2.38e+05  3.70e+06  1.80e+07  0.00e+00  1.25e+07 
2.521e+14 2.562e+14   76      0        0  4.52e+09  0.00e+00  0.00e+00  6.83e+42  6.05e-14  3.10e+10  8.16e+04  7.82e+04  2.49e-11  1.11e-09  0.00e+00  0.00e+00  4.44e-05 -5.47e+33 -1.26e+32 -3.82e+33  2.31e+05  3.58e+06  1.79e+07  0.00e+00  1.23e+07 
2.603e+14 2.646e+14   77      0        0  4.48e+09  0.00e+00  0.00e+00  7.52e+42  5.75e-14  2.95e+10  8.07e+04  7.76e+04  2.50e-11  1.20e-09  0.00e+00  0.00e+00  5.02e-05 -5.44e+33  1.00e+32 -3.43e+33  2.24e+05  3.46e+06  1.78e+07  0.00e+00  1.21e+07 
2.688e+14 2.731e+14   78      0        0  4.44e+09  0.00e+00  0.00e+00  8.27e+42  5.47e-14  2.80e+10  7.95e+04  7.70e+04  2.35e-11  1.27e-09  0.00e+00  0.00e+00  5.16e-05 -5.73e+33  6.23e+31 -3.49e+33  2.16e+05  3.35e+06  1.77e+07  0.00e+00  1.20e+07 
2.775e+14 2.820e+14   79      0        0  4.42e+09  0.00e+00  0.00e+00  9.11e+42  5.19e-14  2.66e+10  7.85e+04  7.65e+04  2.62e-11  1.37e-09  0.00e+00  0.00e+00  5.87e-05 -5.30e+33 -1.19e+32 -3.17e+33  2.10e+05  3.20e+06  1.75e+07  0.00e+00  1.18e+07 
2.865e+14 2.912e+14   80      0        0  4.41e+09  0.00e+00  0.00e+00  1.00e+43  4.92e-14  2.52e+10  7.76e+04  7.59e+04  2.67e-11  1.52e-09  0.00e+00  0.00e+00  5.90e-05 -5.06e+33 -7.30e+31 -3.40e+33  2.03e+05  3.11e+06  1.74e+07  0.00e+00  1.16e+07 
2.958e+14 3.006e+14   81      0        0  4.40e+09  0.00e+00  0.00e+00  1.10e+43  4.68e-14  2.39e+10  7.66e+04  7.54e+04  3.60e-11  1.68e-09  0.00e+00  0.00e+00  6.48e-05 -5.18e+33 -6.69e+31 -3.37e+33  1.97e+05  3.01e+06  1.72e+07  0.00e+00  1.15e+07 
3.054e+14 3.104e+14   82      0        0  4.38e+09  0.00e+00  0.00e+00  1.21e+43  4.44e-14  2.27e+10  7.57e+04  7.49e+04  3.16e-11  1.84e-09  0.00e+00  0.00e+00  7.47e-05 -4.95e+33 -9.26e+31 -3.24e+33  1.91e+05  2.91e+06  1.71e+07  0.00e+00  1.13e+07 
3.153e+14 3.205e+14   83      0        0  4.36e+09  0.00e+00  0.00e+00  1.34e+43  4.21e-14  2.16e+10  7.48e+04  7.44e+04  3.83e-11  1.97e-09  0.00e+00  0.00e+00  7.96e-05 -5.13e+33  8.25e+31 -3.26e+33  1.85e+05  2.81e+06  1.69e+07  0.00e+00  1.11e+07 
3.256e+14 3.309e+14   84      0        0  4.35e+09  0.00e+00  0.00e+00  1.47e+43  4.00e-14  2.05e+10  7.39e+04  7.39e+04  2.84e-11  2.16e-09  0.00e+00  0.00e+00  8.40e-05 -4.95e+33 -1.84e+31 -3.02e+33  1.78e+05  2.69e+06  1.68e+07  0.00e+00  1.09e+07 
3.362e+14 3.416e+14   85      0        0  4.34e+09  0.00e+00  0.00e+00  1.62e+43  3.81e-14  1.95e+10  7.30e+04  7.34e+04  3.88e-11  2.34e-09  0.00e+00  0.00e+00  9.28e-05 -4.91e+33  1.10e+32 -3.26e+33  1.72e+05  2.60e+06  1.66e+07  0.00e+00  1.08e+07 
3.471e+14 3.527e+14   86      0        0  4.33e+09  0.00e+00  0.00e+00  1.78e+43  3.62e-14  1.85e+10  7.22e+04  7.30e+04  4.09e-11  2.62e-09  0.00e+00  0.00e+00  1.04e-04 -4.75e+33 -9.75e+30 -2.84e+33  1.66e+05  2.49e+06  1.64e+07  0.00e+00  1.06e+07 
3.583e+14 3.642e+14   87      0        0  4.30e+09  0.00e+00  0.00e+00  1.96e+43  3.43e-14  1.76e+10  7.14e+04  7.25e+04  3.85e-11  2.83e-09  0.00e+00  0.00e+00  1.14e-04 -4.62e+33  1.06e+32 -2.96e+33  1.61e+05  2.42e+06  1.62e+07  0.00e+00  1.04e+07 
3.700e+14 3.760e+14   88      0        0  4.28e+09  0.00e+00  0.00e+00  2.16e+43  3.24e-14  1.66e+10  7.05e+04  7.20e+04  4.19e-11  2.94e-09  0.00e+00  0.00e+00  1.23e-04 -4.70e+33  9.36e+31 -2.93e+33  1.55e+05  2.34e+06  1.60e+07  0.00e+00  1.02e+07 
3.820e+14 3.882e+14   89      0        0  4.28e+09  0.00e+00  0.00e+00  2.37e+43  3.07e-14  1.57e+10  6.94e+04  7.16e+04  3.41e-11  3.09e-09  0.00e+00  0.00e+00  1.28e-04 -4.67e+33 -1.19e+31 -2.90e+33  1.50e+05  2.23e+06  1.58e+07  0.00e+00  1.00e+07 
3.944e+14 4.008e+14   90      0        0  4.29e+09  0.00e+00  0.00e+00  2.61e+43  2.90e-14  1.49e+10  6.90e+04  7.12e+04  3.82e-11  3.61e-09  0.00e+00  0.00e+00  1.42e-04 -4.43e+33  2.85e+31 -2.83e+33  1.45e+05  2.15e+06  1.56e+07  0.00e+00  9.82e+06 
4.072e+14 4.138e+14   91      0        0  4.29e+09  0.00e+00  0.00e+00  2.87e+43  2.73e-14  1.40e+10  6.83e+04  7.08e+04  3.91e-11  3.94e-09  0.00e+00  0.00e+00  1.58e-04 -4.32e+33 -3.31e+31 -2.76e+33  1.41e+05  2.08e+06  1.54e+07  0.00e+00  9.63e+06 
4.204e+14 4.272e+14   92      0        0  4.26e+09  0.00e+00  0.00e+00  3.16e+43  2.56e-14  1.31e+10  6.76e+04  7.04e+04  3.76e-11  4.23e-09  0.00e+00  0.00e+00  1.54e-04 -4.21e+33  1.73e+32 -2.76e+33  1.37e+05  2.02e+06  1.52e+07  0.00e+00  9.44e+06 
4.341e+14 4.411e+14   93      0        0  4.24e+09  0.00e+00  0.00e+00  3.48e+43  2.41e-14  1.24e+10  6.62e+04  7.00e+04  4.28e-11  4.18e-09  0.00e+00  0.00e+00  1.79e-04 -4.14e+33  5.67e+31 -2.52e+33  1.33e+05  1.94e+06  1.49e+07  0.00e+00  9.25e+06 
4.482e+14 4.554e+14   94      0        0  4.27e+09  0.00e+00  0.00e+00  3.83e+43  2.27e-14  1.16e+10  6.60e+04  6.96e+04  3.93e-11  4.78e-09  0.00e+00  0.00e+00  1.85e-04 -3.74e+33  2.21e+30 -2.54e+33  1.28e+05  1.87e+06  1.47e+07  0.00e+00  9.06e+06 
4.627e+14 4.702e+14   95      0        0  4.27e+09  0.00e+00  0.00e+00  4.22e+43  2.13e-14  1.09e+10  6.57e+04  6.93e+04  3.84e-11  5.34e-09  0.00e+00  0.00e+00  2.04e-04 -3.92e+33  1.10e+32 -2.62e+33  1.24e+05  1.81e+06  1.45e+07  0.00e+00  8.86e+06 
4.777e+14 4.855e+14   96      0        0  4.23e+09  0.00e+00  0.00e+00  4.64e+43  1.99e-14  1.02e+10  6.52e+04  6.90e+04  4.08e-11  5.71e-09  0.00e+00  0.00e+00  2.09e-04 -3.84e+33 -2.80e+31 -2.40e+33  1.21e+05  1.77e+06  1.42e+07  0.00e+00  8.67e+06 
4.932e+14 5.012e+14   97      0        0  4.20e+09  0.00e+00  0.00e+00  5.11e+43  1.85e-14  9.49e+09  6.38e+04  6.87e+04  4.54e-11  5.50e-09  0.00e+00  0.00e+00  2.21e-04 -3.79e+33 -1.14e+31 -2.59e+33  1.18e+05  1.73e+06  1.40e+07  0.00e+00  8.48e+06 
5.093e+14 5.175e+14   98      0        0  4.24e+09  0.00e+00  0.00e+00  5.62e+43  1.73e-14  8.84e+09  6.29e+04  6.82e+04  5.18e-11  5.86e-09  0.00e+00  0.00e+00  2.48e-04 -3.60e+33 -4.49e+31 -2.38e+33  1.15e+05  1.67e+06  1.37e+07  0.00e+00  8.28e+06 
5.258e+14 5.343e+14   99      0        0  4.30e+09  0.00e+00  0.00e+00  6.19e+43  1.60e-14  8.20e+09  6.33e+04  6.79e+04  3.90e-11  6.93e-09  0.00e+00  0.00e+00  2.57e-04 -3.44e+33  2.32e+31 -2.20e+33  1.12e+05  1.63e+06  1.35e+07  0.00e+00  8.10e+06 
5.429e+14 5.517e+14  100      0        0  4.27e+09  0.00e+00  0.00e+00  6.81e+43  1.48e-14  7.57e+09  6.27e+04  6.77e+04  4.21e-11  7.23e-09  0.00e+00  0.00e+00  2.85e-04 -3.30e+33  1.48e+32 -2.14e+33  1.10e+05  1.60e+06  1.32e+07  0.00e+00  7.92e+06 
5.605e+14 5.696e+14  101      0        0  4.23e+09  0.00e+00  0.00e+00  7.50e+43  1.36e-14  6.96e+09  6.19e+04  6.74e+04  4.05e-11  7.15e-09  0.00e+00  0.00e+00  2.81e-04 -3.19e+33  5.04e+31 -2.15e+33  1.09e+05  1.58e+06  1.30e+07  0.00e+00  7.74e+06 
5.787e+14 5.881e+14  102      0        0  4.26e+09  0.00e+00  0.00e+00  8.25e+43  1.24e-14  6.36e+09  6.06e+04  6.71e+04  4.98e-11  7.10e-09  0.00e+00  0.00e+00  3.11e-04 -3.10e+33 -1.96e+31 -1.94e+33  1.08e+05  1.57e+06  1.28e+07  0.00e+00  7.57e+06 
5.975e+14 6.072e+14  103      0        0  4.33e+09  0.00e+00  0.00e+00  9.08e+43  1.13e-14  5.80e+09  6.07e+04  6.68e+04  4.12e-11  7.83e-09  0.00e+00  0.00e+00  3.30e-04 -2.77e+33 -1.16e+32 -1.82e+33  1.07e+05  1.55e+06  1.26e+07  0.00e+00  7.41e+06 
6.169e+14 6.269e+14  104      0        0  4.35e+09  0.00e+00  0.00e+00  1.00e+44  1.03e-14  5.26e+09  6.05e+04  6.66e+04  3.53e-11  8.34e-09  0.00e+00  0.00e+00  3.37e-04 -2.62e+33 -1.12e+31 -1.71e+33  1.07e+05  1.55e+06  1.24e+07  0.00e+00  7.26e+06 
6.369e+14 6.472e+14  105      0        0  4.33e+09  0.00e+00  0.00e+00  1.10e+44  9.31e-15  4.77e+09  6.02e+04  6.64e+04  3.86e-11  8.29e-09  0.00e+00  0.00e+00  3.29e-04 -2.50e+33  7.25e+30 -1.49e+33  1.07e+05  1.53e+06  1.22e+07  0.00e+00  7.13e+06 
6.576e+14 6.683e+14  106      0        0  4.34e+09  0.00e+00  0.00e+00  1.21e+44  8.42e-15  4.31e+09  5.65e+04  6.61e+04  4.23e-11  8.38e-09  0.00e+00  0.00e+00  3.50e-04 -2.40e+33  6.99e+31 -1.48e+33  1.08e+05  1.53e+06  1.20e+07  0.00e+00  7.00e+06 
6.789e+14 6.900e+14  107      0        1  4.40e+09  0.00e+00  0.00e+00  1.33e+44  7.61e-15  3.90e+09  4.59e+04  6.60e+04  4.64e-11  9.85e-09  0.00e+00  0.00e+00  3.90e-04 -2.26e+33  4.12e+31 -1.41e+33  1.08e+05  1.56e+06  1.18e+07  0.00e+00  6.88e+06 
7.010e+14 7.124e+14  108      0        2  4.45e+09  0.00e+00  0.00e+00  1.47e+44  6.87e-15  3.52e+09  5.73e+04  6.59e+04  3.36e-11  8.83e-09  0.00e+00  0.00e+00  3.69e-04 -2.11e+33  1.96e+31 -1.37e+33  1.10e+05  1.57e+06  1.17e+07  0.00e+00  6.77e+06 
7.237e+14 7.355e+14  109      0        2  4.46e+09  0.00e+00  0.00e+00  1.62e+44  6.18e-15  3.17e+09  4.64e+04  6.56e+04  4.29e-11  1.00e-08  0.00e+00  0.00e+00  1.67e-02 -2.05e+33  1.08e+29 -1.25e+33  1.11e+05  1.59e+06  1.15e+07  0.00e+00  6.66e+06 
7.472e+14 7.594e+14  110      0        0  4.48e+09  0.00e+00  0.00e+00  1.78e+44  5.56e-15  2.84e+09  4.01e+04  6.53e+04  4.79e-11  1.08e-08  0.00e+00  0.00e+00  7.49e-14 -1.93e+33  3.63e+31 -1.22e+33  1.13e+05  1.61e+06  1.14e+07  0.00e+00  6.56e+06 
7.715e+14 7.840e+14  111      0        0  4.55e+09  0.00e+00  0.00e+00  1.96e+44  5.00e-15  2.56e+09  3.96e+04  6.51e+04  4.54e-11  1.08e-08  0.00e+00  0.00e+00  1.00e+00 -1.79e+33 -4.34e+31 -1.12e+33  1.14e+05  1.61e+06  1.13e+07  0.00e+00  6.46e+06 
7.965e+14 8.095e+14  112      0        0  4.61e+09  0.00e+00  0.00e+00  2.16e+44  4.54e-15  2.32e+09  3.84e+04  6.50e+04  4.20e-11  1.12e-08  0.00e+00  0.00e+00  1.73e-14 -1.69e+33  2.93e+30 -1.05e+33  1.14e+05  1.62e+06  1.12e+07  0.00e+00  6.38e+06 
8.224e+14 8.358e+14  113      0        0  4.63e+09  0.00e+00  0.00e+00  2.37e+44  4.13e-15  2.11e+09  3.82e+04  6.49e+04  4.17e-11  1.11e-08  0.00e+00  0.00e+00  1.53e-14 -1.54e+33  7.37e+31 -1.00e+33  1.15e+05  1.62e+06  1.11e+07  0.00e+00  6.30e+06 
8.491e+14 8.629e+14  114      0        0  4.66e+09  0.00e+00  0.00e+00  2.61e+44  3.74e-15  1.91e+09  3.87e+04  6.48e+04  3.99e-11  1.07e-08  0.00e+00  0.00e+00  2.33e-14 -1.46e+33  8.82e+30 -9.48e+32  1.17e+05  1.65e+06  1.10e+07  0.00e+00  6.23e+06 
8.767e+14 8.909e+14  115      0        0  4.72e+09  0.00e+00  0.00e+00  2.88e+44  3.37e-15  1.72e+09  3.81e+04  6.47e+04  4.02e-11  1.05e-08  0.00e+00  0.00e+00  1.37e-14 -1.41e+33  1.42e+31 -8.62e+32  1.19e+05  1.67e+06  1.09e+07  0.00e+00  6.17e+06 
9.051e+14 9.198e+14  116      0        1  4.79e+09  0.00e+00  0.00e+00  3.17e+44  3.05e-15  1.56e+09  3.66e+04  6.46e+04  3.82e-11  1.06e-08  0.00e+00  0.00e+00  3.20e-15 -1.24e+33  2.15e+31 -7.67e+32  1.21e+05  1.70e+06  1.08e+07  0.00e+00  6.12e+06 
9.345e+14 9.497e+14  117      0        1  4.85e+09  0.00e+00  0.00e+00  3.49e+44  2.77e-15  1.41e+09  3.54e+04  6.46e+04  3.77e-11  1.04e-08  0.00e+00  0.00e+00  9.80e-16 -1.26e+33 -1.04e+31 -8.05e+32  1.23e+05  1.72e+06  1.08e+07  0.00e+00  6.07e+06 
9.649e+14 9.805e+14  118      0        2  4.92e+09  0.00e+00  0.00e+00  3.84e+44  2.49e-15  1.27e+09  3.38e+04  6.48e+04  3.93e-11  1.01e-08  0.00e+00  0.00e+00  1.69e-16 -1.22e+33  3.56e+31 -7.92e+32  1.27e+05  1.78e+06  1.07e+07  0.00e+00  6.04e+06 
9.962e+14 1.012e+15  119      0        1  5.01e+09  0.00e+00  0.00e+00  4.23e+44  2.24e-15  1.14e+09  3.43e+04  6.52e+04  3.48e-11  9.26e-09  0.00e+00  0.00e+00  2.99e-16 -1.42e+33  5.85e+30 -9.49e+32  1.32e+05  1.84e+06  1.07e+07  0.00e+00  5.99e+06 
1.029e+15 1.045e+15  120      0        2  5.09e+09  0.00e+00  0.00e+00  4.65e+44  2.01e-15  1.03e+09  3.64e+04  6.46e+04  3.07e-11  8.79e-09  0.00e+00  0.00e+00  9.99e-01 -1.59e+33 -1.23e+31 -9.47e+32  1.35e+05  1.89e+06  1.06e+07  0.00e+00  5.91e+06 
1.062e+15 1.079e+15  121      0        0  5.16e+09  0.00e+00  0.00e+00  5.12e+44  1.83e-15  9.37e+08  3.28e+04  6.40e+04  3.29e-11  9.70e-09  0.00e+00  0.00e+00  5.34e-17 -1.21e+33  3.94e+31 -7.81e+32  1.36e+05  1.90e+06  1.05e+07  0.00e+00  5.83e+06 
1.096e+15 1.114e+15  122      0        0  5.23e+09  0.00e+00  0.00e+00  5.64e+44  1.68e-15  8.58e+08  3.22e+04  6.36e+04  3.25e-11  1.01e-08  0.00e+00  0.00e+00  1.00e-20 -1.15e+33 -1.93e+30 -8.00e+32  1.36e+05  1.90e+06  1.04e+07  0.00e+00  5.76e+06 
1.132e+15 1.150e+15  123      0        0  5.31e+09  0.00e+00  0.00e+00  6.21e+44  1.55e-15  7.90e+08  3.13e+04  6.31e+04  3.21e-11  1.08e-08  0.00e+00  0.00e+00  1.00e-20 -8.83e+32  3.14e+31 -5.58e+32  1.35e+05  1.85e+06  1.04e+07  0.00e+00  5.70e+06 
1.169e+15 1.188e+15  124      0        0  5.35e+09  0.00e+00  0.00e+00  6.84e+44  1.43e-15  7.30e+08  3.01e+04  6.28e+04  2.94e-11  1.17e-08  0.00e+00  0.00e+00  1.00e-20 -8.22e+32 -4.45e+31 -4.81e+32  1.35e+05  1.84e+06  1.03e+07  0.00e+00  5.66e+06 
1.207e+15 1.226e+15  125      0        0  5.36e+09  0.00e+00  0.00e+00  7.53e+44  1.33e-15  6.79e+08  3.05e+04  6.27e+04  2.89e-11  1.17e-08  0.00e+00  0.00e+00  1.00e-20 -8.74e+32 -3.53e+31 -5.79e+32  1.35e+05  1.82e+06  1.03e+07  0.00e+00  5.64e+06 
1.246e+15 1.266e+15  126      0        0  5.39e+09  0.00e+00  0.00e+00  8.29e+44  1.24e-15  6.32e+08  3.15e+04  6.26e+04  2.96e-11  1.15e-08  0.00e+00  0.00e+00  1.00e-20 -1.10e+33 -3.68e+31 -7.12e+32  1.35e+05  1.82e+06  1.03e+07  0.00e+00  5.59e+06 
1.286e+15 1.307e+15  127      0        0  5.51e+09  0.00e+00  0.00e+00  9.13e+44  1.15e-15  5.87e+08  3.12e+04  6.22e+04  3.16e-11  1.23e-08  0.00e+00  0.00e+00  1.00e-20 -1.23e+33  2.86e+31 -7.10e+32  1.33e+05  1.83e+06  1.02e+07  0.00e+00  5.50e+06 
1.328e+15 1.350e+15  128      0        0  5.64e+09  0.00e+00  0.00e+00  1.01e+45  1.07e-15  5.45e+08  3.00e+04  6.16e+04  3.02e-11  1.38e-08  0.00e+00  0.00e+00  1.00e-20 -9.04e+32 -2.45e+31 -5.44e+32  1.31e+05  1.79e+06  1.02e+07  0.00e+00  5.44e+06 
1.371e+15 1.393e+15  129      0        0  5.69e+09  0.00e+00  0.00e+00  1.11e+45  9.97e-16  5.09e+08  2.91e+04  6.13e+04  2.79e-11  1.51e-08  0.00e+00  0.00e+00  1.00e-20 -7.15e+32  4.09e+30 -4.62e+32  1.30e+05  1.76e+06  1.02e+07  0.00e+00  5.41e+06 
1.416e+15 1.439e+15  130      0        0  5.70e+09  0.00e+00  0.00e+00  1.22e+45  9.25e-16  4.73e+08  2.97e+04  6.12e+04  2.80e-11  1.51e-08  0.00e+00  0.00e+00  1.00e-20 -8.30e+32 -1.01e+31 -5.10e+32  1.31e+05  1.77e+06  1.01e+07  0.00e+00  5.38e+06 
1.462e+15 1.485e+15  131      0        0  5.76e+09  0.00e+00  0.00e+00  1.34e+45  8.49e-16  4.34e+08  3.01e+04  6.10e+04  2.78e-11  1.54e-08  0.00e+00  0.00e+00  1.00e-20 -9.46e+32 -1.72e+31 -5.81e+32  1.32e+05  1.76e+06  1.01e+07  0.00e+00  5.33e+06 
1.509e+15 1.534e+15  132      0        0  5.89e+09  0.00e+00  0.00e+00  1.48e+45  7.71e-16  3.94e+08  3.00e+04  6.06e+04  2.66e-11  1.64e-08  0.00e+00  0.00e+00  1.00e-20 -9.58e+32 -5.78e+31 -6.26e+32  1.35e+05  1.79e+06  1.01e+07  0.00e+00  5.26e+06 
1.558e+15 1.583e+15  133      0        0  6.02e+09  0.00e+00  0.00e+00  1.63e+45  6.98e-16  3.57e+08  2.99e+04  6.02e+04  2.51e-11  1.77e-08  0.00e+00  0.00e+00  1.00e-20 -9.12e+32  3.57e+31 -6.21e+32  1.37e+05  1.83e+06  1.00e+07  0.00e+00  5.18e+06 
1.609e+15 1.635e+15  134      0        0  6.15e+09  0.00e+00  0.00e+00  1.79e+45  6.26e-16  3.20e+08  3.00e+04  5.97e+04  2.40e-11  1.93e-08  0.00e+00  0.00e+00  1.00e-20 -9.99e+32  3.28e+31 -7.32e+32  1.41e+05  1.86e+06  9.96e+06  0.00e+00  5.09e+06 
1.661e+15 1.688e+15  135      0        0  6.34e+09  0.00e+00  0.00e+00  1.98e+45  5.59e-16  2.86e+08  2.99e+04  5.90e+04  2.35e-11  2.22e-08  0.00e+00  0.00e+00  1.00e-20 -1.24e+33  2.21e+31 -7.77e+32  1.43e+05  1.89e+06  9.87e+06  0.00e+00  4.95e+06 
1.715e+15 1.743e+15  136      0        0  6.59e+09  0.00e+00  0.00e+00  2.18e+45  4.99e-16  2.55e+08  2.95e+04  5.82e+04  2.32e-11  2.67e-08  0.00e+00  0.00e+00  1.00e-20 -1.03e+33 -7.19e+31 -6.68e+32  1.44e+05  1.89e+06  9.78e+06  0.00e+00  4.81e+06 
1.771e+15 1.799e+15  137      0        0  6.79e+09  0.00e+00  0.00e+00  2.40e+45  4.38e-16  2.24e+08  2.90e+04  5.75e+04  2.20e-11  3.09e-08  0.00e+00  0.00e+00  1.00e-20 -8.86e+32  3.93e+30 -5.83e+32  1.48e+05  1.93e+06  9.72e+06  0.00e+00  4.70e+06 
1.828e+15 1.858e+15  138      0        0  6.95e+09  0.00e+00  0.00e+00  2.65e+45  3.85e-16  1.97e+08  2.89e+04  5.70e+04  2.06e-11  3.50e-08  0.00e+00  0.00e+00  1.00e-20 -8.09e+32 -5.60e+30 -5.19e+32  1.53e+05  2.00e+06  9.66e+06  0.00e+00  4.60e+06 
1.887e+15 1.918e+15  139      0        0  7.11e+09  0.00e+00  0.00e+00  2.92e+45  3.41e-16  1.74e+08  2.89e+04  5.64e+04  2.03e-11  4.13e-08  0.00e+00  0.00e+00  1.00e-20 -9.93e+32 -2.51e+31 -6.44e+32  1.56e+05  2.02e+06  9.59e+06  0.00e+00  4.47e+06 
1.949e+15 1.980e+15  140      0        0  7.35e+09  0.00e+00  0.00e+00  3.22e+45  3.05e-16  1.56e+08  2.86e+04  5.56e+04  2.04e-11  5.20e-08  0.00e+00  0.00e+00  1.00e-20 -9.03e+32 -4.46e+31 -5.03e+32  1.54e+05  2.01e+06  9.51e+06  0.00e+00  4.33e+06 
2.012e+15 2.045e+15  141      0        0  7.56e+09  0.00e+00  0.00e+00  3.55e+45  2.71e-16  1.38e+08  2.83e+04  5.48e+04  2.01e-11  6.46e-08  0.00e+00  0.00e+00  1.00e-20 -6.91e+32  1.83e+31 -4.87e+32  1.54e+05  1.99e+06  9.44e+06  0.00e+00  4.21e+06 
2.077e+15 2.111e+15  142      0        0  7.70e+09  0.00e+00  0.00e+00  3.91e+45  2.39e-16  1.22e+08  2.83e+04  5.42e+04  1.94e-11  7.66e-08  0.00e+00  0.00e+00  1.00e-20 -5.03e+32  1.11e+31 -3.57e+32  1.56e+05  2.01e+06  9.39e+06  0.00e+00  4.11e+06 
2.145e+15 2.180e+15  143      0        1  7.81e+09  0.00e+00  0.00e+00  4.31e+45  2.16e-16  1.10e+08  2.85e+04  5.37e+04  1.92e-11  9.23e-08  0.00e+00  0.00e+00  1.00e-20 -5.49e+32 -3.97e+30 -3.46e+32  1.55e+05  2.02e+06  9.35e+06  0.00e+00  4.03e+06 
2.214e+15 2.250e+15  144      0        1  7.92e+09  0.00e+00  0.00e+00  4.75e+45  1.99e-16  1.02e+08  2.80e+04  5.31e+04  2.02e-11  1.18e-07  0.00e+00  0.00e+00  1.00e-20 -5.04e+32 -1.61e+31 -3.19e+32  1.50e+05  1.95e+06  9.31e+06  0.00e+00  3.95e+06 
2.286e+15 2.323e+15  145      0        1  8.02e+09  0.00e+00  0.00e+00  5.23e+45  1.85e-16  9.48e+07  2.80e+04  5.26e+04  1.97e-11  1.47e-07  0.00e+00  0.00e+00  1.00e-20 -2.42e+32  1.02e+31 -1.09e+32  1.43e+05  1.87e+06  9.28e+06  0.00e+00  3.89e+06 
2.361e+15 2.399e+15  146      0        1  7.99e+09  0.00e+00  0.00e+00  5.75e+45  1.74e-16  8.88e+07  2.74e+04  5.24e+04  2.10e-11  1.67e-07  0.00e+00  0.00e+00  1.00e-20 -1.76e+32 -4.97e+30 -1.26e+32  1.38e+05  1.81e+06  9.26e+06  0.00e+00  3.87e+06 
2.437e+15 2.477e+15  147      0        1  7.88e+09  0.00e+00  0.00e+00  6.32e+45  1.64e-16  8.37e+07  2.76e+04  5.23e+04  2.13e-11  1.77e-07  0.00e+00  0.00e+00  1.00e-20 -1.80e+32 -1.45e+31 -1.10e+32  1.35e+05  1.78e+06  9.24e+06  0.00e+00  3.86e+06 
2.516e+15 2.557e+15  148      0        0  7.78e+09  0.00e+00  0.00e+00  6.95e+45  1.57e-16  8.01e+07  2.68e+04  5.23e+04  2.22e-11  1.87e-07  0.00e+00  0.00e+00  1.00e-20 -1.86e+32  1.14e+31 -1.04e+32  1.31e+05  1.72e+06  9.23e+06  0.00e+00  3.85e+06 
2.598e+15 2.640e+15  149      0        0  7.71e+09  0.00e+00  0.00e+00  7.64e+45  1.52e-16  7.74e+07  2.68e+04  5.24e+04  2.27e-11  1.84e-07  0.00e+00  0.00e+00  1.00e-20 -1.38e+32 -8.67e+30 -1.05e+32  1.27e+05  1.67e+06  9.22e+06  0.00e+00  3.85e+06 
2.682e+15 2.726e+15  150      0        0  7.60e+09  0.00e+00  0.00e+00  8.40e+45  1.49e-16  7.60e+07  2.72e+04  5.26e+04  2.33e-11  1.60e-07  0.00e+00  0.00e+00  1.00e-20 -2.24e+32  1.21e+31 -1.39e+32  1.22e+05  1.62e+06  9.22e+06  0.00e+00  3.88e+06 
2.769e+15 2.814e+15  151      0        0  7.35e+09  0.00e+00  0.00e+00  9.22e+45  1.49e-16  7.64e+07  2.70e+04  5.31e+04  2.46e-11  1.39e-07  0.00e+00  0.00e+00  1.00e-20 -3.55e+32 -4.28e+30 -2.27e+32  1.17e+05  1.54e+06  9.19e+06  0.00e+00  3.93e+06 
2.859e+15 2.906e+15  152      0        0  6.94e+09  0.00e+00  0.00e+00  1.01e+46  1.51e-16  7.70e+07  2.70e+04  5.36e+04  2.75e-11  1.18e-07  0.00e+00  0.00e+00  1.00e-20 -5.91e+32 -3.06e+31 -3.40e+32  1.11e+05  1.46e+06  9.13e+06  0.00e+00  3.98e+06 
2.952e+15 3.000e+15  153     -1        0  6.42e+09  0.00e+00  0.00e+00  0.00e+00  0.00e+00  0.00e+00  0.00e+00  0.00e+00  0.00e+00  0.00e+00  0.00e+00  0.00e+00  0.00e+00  0.00e+00  0.00e+00  0.00e+00  0.00e+00  0.00e+00  0.00e+00  0.00e+00  0.00e+00 
3.048e+15 3.063e+15  154     -1        0  6.42e+09  0.00e+00  0.00e+00  0.00e+00  0.00e+00  0.00e+00  0.00e+00  0.00e+00  0.00e+00  0.00e+00  0.00e+00  0.00e+00  0.00e+00  0.00e+00  0.00e+00  0.00e+00  0.00e+00  0.00e+00  0.00e+00  0.00e+00  0.00e+00 
