       r    i inwind      i01      i02      i03      i04      i05      i06      i07      i08      i09 
2.22e+13    0     -1 0.00e+00 0.00e+00 0.00e+00 0.00e+00 0.00e+00 0.00e+00 0.00e+00 0.00e+00 0.00e+00 
2.30e+13    1      0 1.00e-20 1.00e-20 1.00e-20 1.00e-20 2.43e-15 3.92e-08 1.00e+00 8.09e-19 1.00e-20 
2.37e+13    2      0 1.00e-20 1.00e-20 1.00e-20 1.00e-20 8.31e-15 7.78e-08 1.00e+00 9.31e-20 1.00e-20 
2.45e+13    3      0 1.00e-20 1.00e-20 1.00e-20 1.00e-20 1.86e-14 1.21e-07 1.00e+00 2.01e-20 1.00e-20 
2.53e+13    4      0 1.00e-20 1.00e-20 1.00e-20 1.00e-20 3.53e-14 1.72e-07 1.00e+00 1.00e-20 1.00e-20 
2.61e+13    5      0 1.00e-20 1.00e-20 1.00e-20 1.00e-20 6.06e-14 2.31e-07 1.00e+00 1.00e-20 1.00e-20 
2.69e+13    6      0 1.00e-20 1.00e-20 1.00e-20 1.00e-20 9.84e-14 3.00e-07 1.00e+00 1.00e-20 1.00e-20 
2.78e+13    7      0 1.00e-20 1.00e-20 1.00e-20 1.00e-20 1.50e-13 3.76e-07 1.00e+00 1.00e-20 1.00e-20 
2.87e+13    8      0 1.00e-20 1.00e-20 1.00e-20 1.00e-20 2.22e-13 4.62e-07 1.00e+00 1.00e-20 1.00e-20 
2.96e+13    9      0 1.00e-20 1.00e-20 1.00e-20 1.14e-20 3.14e-13 5.55e-07 1.00e+00 1.00e-20 1.00e-20 
3.06e+13   10      0 1.00e-20 1.00e-20 1.00e-20 1.76e-20 4.32e-13 6.57e-07 1.00e+00 1.00e-20 1.00e-20 
3.16e+13   11      0 1.00e-20 1.00e-20 1.00e-20 2.55e-20 5.62e-13 7.48e-07 1.00e+00 1.00e-20 1.00e-20 
3.26e+13   12      0 1.00e-20 1.00e-20 1.00e-20 3.65e-20 7.31e-13 8.58e-07 1.00e+00 1.00e-20 1.00e-20 
3.37e+13   13      0 1.00e-20 1.00e-20 1.00e-20 4.94e-20 9.04e-13 9.52e-07 1.00e+00 1.00e-20 1.00e-20 
3.48e+13   14      0 1.00e-20 1.00e-20 1.00e-20 6.52e-20 1.10e-12 1.04e-06 1.00e+00 1.00e-20 1.00e-20 
3.59e+13   15      0 1.00e-20 1.00e-20 1.00e-20 8.40e-20 1.31e-12 1.14e-06 1.00e+00 1.00e-20 1.00e-20 
3.71e+13   16      0 1.00e-20 1.00e-20 1.00e-20 1.05e-19 1.53e-12 1.24e-06 1.00e+00 1.00e-20 1.00e-20 
3.83e+13   17      0 1.00e-20 1.00e-20 1.00e-20 1.27e-19 1.75e-12 1.32e-06 1.00e+00 1.00e-20 1.00e-20 
3.95e+13   18      0 1.00e-20 1.00e-20 1.00e-20 1.51e-19 1.97e-12 1.39e-06 1.00e+00 1.00e-20 1.00e-20 
4.08e+13   19      0 1.00e-20 1.00e-20 1.00e-20 1.77e-19 2.19e-12 1.46e-06 1.00e+00 1.00e-20 1.00e-20 
4.21e+13   20      0 1.00e-20 1.00e-20 1.00e-20 2.07e-19 2.44e-12 1.53e-06 1.00e+00 1.00e-20 1.00e-20 
4.35e+13   21      0 1.00e-20 1.00e-20 1.00e-20 2.37e-19 2.66e-12 1.59e-06 1.00e+00 1.00e-20 1.00e-20 
4.49e+13   22      0 1.00e-20 1.00e-20 1.00e-20 2.66e-19 2.88e-12 1.65e-06 1.00e+00 1.00e-20 1.00e-20 
4.64e+13   23      0 1.00e-20 1.00e-20 1.00e-20 3.01e-19 3.13e-12 1.72e-06 1.00e+00 1.00e-20 1.00e-20 
4.79e+13   24      0 1.00e-20 1.00e-20 1.00e-20 3.37e-19 3.38e-12 1.78e-06 1.00e+00 1.00e-20 1.00e-20 
4.94e+13   25      0 1.00e-20 1.00e-20 1.00e-20 3.71e-19 3.58e-12 1.82e-06 1.00e+00 1.00e-20 1.00e-20 
5.10e+13   26      0 1.00e-20 1.00e-20 1.00e-20 4.13e-19 3.85e-12 1.88e-06 1.00e+00 1.00e-20 1.00e-20 
5.27e+13   27      0 1.00e-20 1.00e-20 1.00e-20 4.59e-19 4.14e-12 1.94e-06 1.00e+00 1.00e-20 1.00e-20 
5.44e+13   28      0 1.00e-20 1.00e-20 1.00e-20 5.14e-19 4.48e-12 2.01e-06 1.00e+00 1.00e-20 1.00e-20 
5.62e+13   29      0 1.00e-20 1.00e-20 1.00e-20 5.71e-19 4.79e-12 2.07e-06 1.00e+00 1.00e-20 1.00e-20 
5.80e+13   30      0 1.00e-20 1.00e-20 1.00e-20 6.46e-19 5.25e-12 2.17e-06 1.00e+00 1.00e-20 1.00e-20 
5.99e+13   31      0 1.00e-20 1.00e-20 1.00e-20 7.12e-19 5.59e-12 2.22e-06 1.00e+00 1.00e-20 1.00e-20 
6.18e+13   32      0 1.00e-20 1.00e-20 1.00e-20 7.95e-19 6.02e-12 2.29e-06 1.00e+00 1.00e-20 1.00e-20 
6.38e+13   33      0 1.00e-20 1.00e-20 1.00e-20 9.00e-19 6.59e-12 2.40e-06 1.00e+00 1.00e-20 1.00e-20 
6.59e+13   34      0 1.00e-20 1.00e-20 1.00e-20 9.98e-19 7.06e-12 2.48e-06 1.00e+00 1.00e-20 1.00e-20 
6.80e+13   35      0 1.00e-20 1.00e-20 1.00e-20 1.15e-18 7.85e-12 2.62e-06 1.00e+00 1.00e-20 1.00e-20 
7.02e+13   36      0 1.00e-20 1.00e-20 1.00e-20 1.30e-18 8.58e-12 2.74e-06 1.00e+00 1.00e-20 1.00e-20 
7.25e+13   37      0 1.00e-20 1.00e-20 1.00e-20 1.48e-18 9.41e-12 2.86e-06 1.00e+00 1.00e-20 1.00e-20 
7.49e+13   38      0 1.00e-20 1.00e-20 1.00e-20 1.68e-18 1.03e-11 2.97e-06 1.00e+00 1.00e-20 1.00e-20 
7.73e+13   39      0 1.00e-20 1.00e-20 1.00e-20 1.89e-18 1.11e-11 3.09e-06 1.00e+00 1.00e-20 1.00e-20 
7.98e+13   40      0 1.00e-20 1.00e-20 1.00e-20 2.16e-18 1.23e-11 3.25e-06 1.00e+00 1.00e-20 1.00e-20 
8.24e+13   41      0 1.00e-20 1.00e-20 1.00e-20 2.46e-18 1.34e-11 3.39e-06 1.00e+00 1.00e-20 1.00e-20 
8.51e+13   42      0 1.00e-20 1.00e-20 1.00e-20 2.81e-18 1.48e-11 3.56e-06 1.00e+00 1.00e-20 1.00e-20 
8.78e+13   43      0 1.00e-20 1.00e-20 1.00e-20 3.22e-18 1.63e-11 3.72e-06 1.00e+00 1.00e-20 1.00e-20 
9.07e+13   44      0 1.00e-20 1.00e-20 1.00e-20 3.77e-18 1.84e-11 3.97e-06 1.00e+00 1.00e-20 1.00e-20 
9.36e+13   45      0 1.00e-20 1.00e-20 1.00e-20 4.35e-18 2.05e-11 4.21e-06 1.00e+00 1.00e-20 1.00e-20 
9.67e+13   46      0 1.00e-20 1.00e-20 1.00e-20 5.03e-18 2.27e-11 4.44e-06 1.00e+00 1.00e-20 1.00e-20 
9.98e+13   47      0 1.00e-20 1.00e-20 1.00e-20 5.83e-18 2.53e-11 4.66e-06 1.00e+00 1.00e-20 1.00e-20 
1.03e+14   48      0 1.00e-20 1.00e-20 1.00e-20 6.88e-18 2.85e-11 4.97e-06 1.00e+00 1.00e-20 1.00e-20 
1.06e+14   49      0 1.00e-20 1.00e-20 1.00e-20 8.13e-18 3.23e-11 5.28e-06 1.00e+00 1.00e-20 1.00e-20 
1.10e+14   50      0 1.00e-20 1.00e-20 1.00e-20 9.56e-18 3.63e-11 5.61e-06 1.00e+00 1.00e-20 1.00e-20 
1.13e+14   51      0 1.00e-20 1.00e-20 1.00e-20 1.10e-17 4.02e-11 5.89e-06 1.00e+00 1.00e-20 1.00e-20 
1.17e+14   52      0 1.00e-20 1.00e-20 1.00e-20 1.31e-17 4.56e-11 6.30e-06 1.00e+00 1.00e-20 1.00e-20 
1.21e+14   53      0 1.00e-20 1.00e-20 1.00e-20 1.58e-17 5.24e-11 6.78e-06 1.00e+00 1.00e-20 1.00e-20 
1.25e+14   54      0 1.00e-20 1.00e-20 1.00e-20 1.94e-17 6.12e-11 7.38e-06 1.00e+00 1.00e-20 1.00e-20 
1.29e+14   55      0 1.00e-20 1.00e-20 1.00e-20 2.30e-17 6.93e-11 7.85e-06 1.00e+00 1.00e-20 1.00e-20 
1.33e+14   56      0 1.00e-20 1.00e-20 1.00e-20 2.75e-17 7.85e-11 8.30e-06 1.00e+00 1.00e-20 1.00e-20 
1.37e+14   57      0 1.00e-20 1.00e-20 1.00e-20 3.34e-17 9.05e-11 8.93e-06 1.00e+00 1.00e-20 1.00e-20 
1.42e+14   58      0 1.00e-20 1.00e-20 1.00e-20 4.07e-17 1.05e-10 9.64e-06 1.00e+00 1.00e-20 1.00e-20 
1.46e+14   59      0 1.00e-20 1.00e-20 1.00e-20 5.11e-17 1.25e-10 1.07e-05 1.00e+00 1.00e-20 1.00e-20 
1.51e+14   60      0 1.00e-20 1.00e-20 1.00e-20 6.28e-17 1.44e-10 1.14e-05 1.00e+00 1.00e-20 1.00e-20 
1.56e+14   61      0 1.00e-20 1.00e-20 1.00e-20 7.96e-17 1.73e-10 1.26e-05 1.00e+00 1.00e-20 1.00e-20 
1.61e+14   62      0 1.00e-20 1.00e-20 1.00e-20 1.04e-16 2.13e-10 1.44e-05 1.00e+00 1.00e-20 1.00e-20 
1.66e+14   63      0 1.00e-20 1.00e-20 1.00e-20 1.31e-16 2.54e-10 1.59e-05 1.00e+00 1.00e-20 1.00e-20 
1.72e+14   64      0 1.00e-20 1.00e-20 1.00e-20 1.59e-16 2.90e-10 1.70e-05 1.00e+00 1.00e-20 1.00e-20 
1.77e+14   65      0 1.00e-20 1.00e-20 1.00e-20 1.91e-16 3.29e-10 1.80e-05 1.00e+00 1.00e-20 1.00e-20 
1.83e+14   66      0 1.00e-20 1.00e-20 1.00e-20 2.40e-16 3.91e-10 1.97e-05 1.00e+00 1.00e-20 1.00e-20 
1.89e+14   67      0 1.00e-20 1.00e-20 1.00e-20 3.03e-16 4.67e-10 2.18e-05 1.00e+00 1.00e-20 1.00e-20 
1.95e+14   68      0 1.00e-20 1.00e-20 1.00e-20 3.70e-16 5.40e-10 2.34e-05 1.00e+00 1.00e-20 1.00e-20 
2.02e+14   69      0 1.00e-20 1.00e-20 1.00e-20 4.59e-16 6.33e-10 2.55e-05 1.00e+00 1.00e-20 1.00e-20 
2.08e+14   70      0 1.00e-20 1.00e-20 1.00e-20 5.68e-16 7.41e-10 2.77e-05 1.00e+00 1.00e-20 1.00e-20 
2.15e+14   71      0 1.00e-20 1.00e-20 1.00e-20 6.96e-16 8.61e-10 3.00e-05 1.00e+00 1.00e-20 1.00e-20 
2.22e+14   72      0 1.00e-20 1.00e-20 1.00e-20 8.68e-16 1.02e-09 3.28e-05 1.00e+00 1.00e-20 1.00e-20 
2.29e+14   73      0 1.00e-20 1.00e-20 1.00e-20 1.02e-15 1.14e-09 3.46e-05 1.00e+00 1.00e-20 1.00e-20 
2.37e+14   74      0 1.00e-20 1.00e-20 1.00e-20 1.29e-15 1.37e-09 3.84e-05 1.00e+00 1.00e-20 1.00e-20 
2.44e+14   75      0 1.00e-20 1.00e-20 1.00e-20 1.60e-15 1.60e-09 4.16e-05 1.00e+00 1.00e-20 1.00e-20 
2.52e+14   76      0 1.00e-20 1.00e-20 1.00e-20 1.92e-15 1.82e-09 4.44e-05 1.00e+00 1.00e-20 1.00e-20 
2.60e+14   77      0 1.00e-20 1.00e-20 1.00e-20 2.50e-15 2.24e-09 5.02e-05 1.00e+00 1.00e-20 1.00e-20 
2.69e+14   78      0 1.00e-20 1.00e-20 1.00e-20 2.93e-15 2.48e-09 5.16e-05 1.00e+00 1.00e-20 1.00e-20 
2.78e+14   79      0 1.00e-20 1.00e-20 1.00e-20 3.74e-15 3.01e-09 5.87e-05 1.00e+00 1.00e-20 1.00e-20 
2.87e+14   80      0 1.00e-20 1.00e-20 1.00e-20 4.25e-15 3.23e-09 5.90e-05 1.00e+00 1.00e-20 1.00e-20 
2.96e+14   81      0 1.00e-20 1.00e-20 1.00e-20 5.34e-15 3.84e-09 6.48e-05 1.00e+00 1.00e-20 1.00e-20 
3.05e+14   82      0 1.00e-20 1.00e-20 1.00e-20 6.99e-15 4.77e-09 7.47e-05 1.00e+00 1.00e-20 1.00e-20 
3.15e+14   83      0 1.00e-20 1.00e-20 1.00e-20 8.40e-15 5.43e-09 7.96e-05 1.00e+00 1.00e-20 1.00e-20 
3.26e+14   84      0 1.00e-20 1.00e-20 1.00e-20 9.97e-15 6.10e-09 8.40e-05 1.00e+00 1.00e-20 1.00e-20 
3.36e+14   85      0 1.00e-20 1.00e-20 1.00e-20 1.25e-14 7.24e-09 9.28e-05 1.00e+00 1.00e-20 1.00e-20 
3.47e+14   86      0 1.00e-20 1.00e-20 1.00e-20 1.58e-14 8.69e-09 1.04e-04 1.00e+00 1.00e-20 1.00e-20 
3.58e+14   87      0 1.00e-20 1.00e-20 1.00e-20 1.95e-14 1.02e-08 1.14e-04 1.00e+00 1.00e-20 1.00e-20 
3.70e+14   88      0 1.00e-20 1.00e-20 1.00e-20 2.34e-14 1.17e-08 1.23e-04 1.00e+00 1.00e-20 1.00e-20 
3.82e+14   89      0 1.00e-20 1.00e-20 1.00e-20 2.77e-14 1.31e-08 1.28e-04 1.00e+00 1.00e-20 1.00e-20 
3.94e+14   90      0 1.00e-20 1.00e-20 1.00e-20 3.50e-14 1.56e-08 1.42e-04 1.00e+00 1.00e-20 1.00e-20 
4.07e+14   91      0 1.00e-20 1.00e-20 1.00e-20 4.34e-14 1.85e-08 1.58e-04 1.00e+00 1.00e-20 1.00e-20 
4.20e+14   92      0 1.00e-20 1.00e-20 1.00e-20 4.56e-14 1.87e-08 1.54e-04 1.00e+00 1.00e-20 1.00e-20 
4.34e+14   93      0 1.00e-20 1.00e-20 1.00e-20 5.87e-14 2.30e-08 1.79e-04 1.00e+00 1.00e-20 1.00e-20 
4.48e+14   94      0 1.00e-20 1.00e-20 1.00e-20 6.82e-14 2.54e-08 1.85e-04 1.00e+00 1.00e-20 1.00e-20 
4.63e+14   95      0 1.00e-20 1.00e-20 1.00e-20 8.23e-14 2.94e-08 2.04e-04 1.00e+00 1.00e-20 1.00e-20 
4.78e+14   96      0 1.00e-20 1.00e-20 1.00e-20 9.05e-14 3.12e-08 2.09e-04 1.00e+00 1.00e-20 1.00e-20 
4.93e+14   97      0 1.00e-20 1.00e-20 1.00e-20 1.03e-13 3.46e-08 2.21e-04 1.00e+00 1.00e-20 1.00e-20 
5.09e+14   98      0 1.00e-20 1.00e-20 1.17e-20 1.29e-13 4.13e-08 2.48e-04 1.00e+00 1.00e-20 1.00e-20 
5.26e+14   99      0 1.00e-20 1.00e-20 1.39e-20 1.47e-13 4.50e-08 2.57e-04 1.00e+00 1.00e-20 1.00e-20 
5.43e+14  100      0 1.00e-20 1.00e-20 1.63e-20 1.70e-13 5.13e-08 2.85e-04 1.00e+00 1.00e-20 1.00e-20 
5.60e+14  101      0 1.00e-20 1.00e-20 1.67e-20 1.73e-13 5.12e-08 2.81e-04 1.00e+00 1.00e-20 1.00e-20 
5.79e+14  102      0 1.00e-20 1.00e-20 1.91e-20 1.98e-13 5.82e-08 3.11e-04 1.00e+00 1.00e-20 1.00e-20 
5.97e+14  103      0 1.00e-20 1.00e-20 2.12e-20 2.16e-13 6.24e-08 3.30e-04 1.00e+00 1.00e-20 1.00e-20 
6.17e+14  104      0 1.00e-20 1.00e-20 2.19e-20 2.23e-13 6.43e-08 3.37e-04 1.00e+00 1.00e-20 1.00e-20 
6.37e+14  105      0 1.00e-20 1.00e-20 2.10e-20 2.15e-13 6.20e-08 3.29e-04 1.00e+00 1.00e-20 1.00e-20 
6.58e+14  106      0 1.00e-20 1.00e-20 1.89e-20 2.09e-13 6.32e-08 3.50e-04 1.00e+00 1.00e-20 1.00e-20 
6.79e+14  107      0 1.00e-20 1.00e-20 1.17e-20 1.75e-13 5.94e-08 3.90e-04 1.00e+00 1.00e-20 1.00e-20 
7.01e+14  108      0 1.00e-20 1.00e-20 1.78e-20 1.97e-13 6.20e-08 3.69e-04 1.00e+00 1.00e-20 1.00e-20 
7.24e+14  109      0 1.00e-20 1.00e-20 6.23e-19 9.30e-12 3.21e-06 1.67e-02 9.83e-01 1.00e-20 1.00e-20 
7.47e+14  110      0 1.00e-20 1.00e-20 1.49e-13 2.77e-06 1.00e+00 7.49e-14 1.00e-20 1.00e-20 1.00e-20 
7.71e+14  111      0 1.00e-20 1.00e-20 2.96e-17 5.56e-10 1.97e-04 1.00e+00 7.88e-17 1.00e-20 1.00e-20 
7.97e+14  112      0 1.00e-20 1.00e-20 1.40e-13 2.77e-06 1.00e+00 1.73e-14 1.00e-20 1.00e-20 1.00e-20 
8.22e+14  113      0 1.00e-20 1.00e-20 1.38e-13 2.77e-06 1.00e+00 1.53e-14 1.00e-20 1.00e-20 1.00e-20 
8.49e+14  114      0 1.00e-20 1.00e-20 1.35e-13 2.71e-06 1.00e+00 2.33e-14 1.00e-20 1.00e-20 1.00e-20 
8.77e+14  115      0 1.00e-20 1.00e-20 1.28e-13 2.67e-06 1.00e+00 1.37e-14 1.00e-20 1.00e-20 1.00e-20 
9.05e+14  116      0 1.00e-20 1.00e-20 1.17e-13 2.62e-06 1.00e+00 3.20e-15 1.00e-20 1.00e-20 1.00e-20 
9.35e+14  117      0 1.00e-20 1.00e-20 1.06e-13 2.52e-06 1.00e+00 9.80e-16 1.00e-20 1.00e-20 1.00e-20 
9.65e+14  118      0 1.00e-20 1.00e-20 9.31e-14 2.41e-06 1.00e+00 1.69e-16 1.00e-20 1.00e-20 1.00e-20 
9.96e+14  119      0 1.00e-20 1.00e-20 8.15e-14 2.23e-06 1.00e+00 2.99e-16 1.00e-20 1.00e-20 1.00e-20 
1.03e+15  120      0 1.00e-20 1.00e-20 9.30e-17 2.24e-09 7.94e-04 9.99e-01 1.95e-18 1.00e-20 1.00e-20 
1.06e+15  121      0 1.00e-20 1.00e-20 1.59e-13 4.24e-06 1.00e+00 5.34e-17 1.00e-20 1.00e-20 1.00e-20 
1.10e+15  122      0 1.00e-20 2.93e-17 3.50e-08 1.00e+00 5.75e-11 1.00e-20 1.00e-20 1.00e-20 1.00e-20 
1.13e+15  123      0 1.00e-20 3.01e-17 3.69e-08 1.00e+00 2.56e-11 1.00e-20 1.00e-20 1.00e-20 1.00e-20 
1.17e+15  124      0 1.00e-20 3.02e-17 3.84e-08 1.00e+00 7.88e-12 1.00e-20 1.00e-20 1.00e-20 1.00e-20 
1.21e+15  125      0 1.00e-20 3.14e-17 3.92e-08 1.00e+00 1.22e-11 1.00e-20 1.00e-20 1.00e-20 1.00e-20 
1.25e+15  126      0 1.00e-20 3.39e-17 4.04e-08 1.00e+00 2.93e-11 1.00e-20 1.00e-20 1.00e-20 1.00e-20 
1.29e+15  127      0 1.00e-20 3.66e-17 4.31e-08 1.00e+00 2.37e-11 1.00e-20 1.00e-20 1.00e-20 1.00e-20 
1.33e+15  128      0 1.00e-20 3.89e-17 4.67e-08 1.00e+00 6.98e-12 1.00e-20 1.00e-20 1.00e-20 1.00e-20 
1.37e+15  129      0 1.00e-20 3.79e-17 4.95e-08 1.00e+00 2.61e-12 1.00e-20 1.00e-20 1.00e-20 1.00e-20 
1.42e+15  130      0 1.00e-20 3.93e-17 5.01e-08 1.00e+00 5.43e-12 1.00e-20 1.00e-20 1.00e-20 1.00e-20 
1.46e+15  131      0 1.00e-20 4.09e-17 5.15e-08 1.00e+00 8.18e-12 1.00e-20 1.00e-20 1.00e-20 1.00e-20 
1.51e+15  132      0 1.00e-20 4.26e-17 5.41e-08 1.00e+00 7.21e-12 1.00e-20 1.00e-20 1.00e-20 1.00e-20 
1.56e+15  133      0 1.00e-20 4.45e-17 5.71e-08 1.00e+00 6.28e-12 1.00e-20 1.00e-20 1.00e-20 1.00e-20 
1.61e+15  134      0 1.00e-20 4.76e-17 6.13e-08 1.00e+00 6.84e-12 1.00e-20 1.00e-20 1.00e-20 1.00e-20 
1.66e+15  135      0 1.00e-20 5.35e-17 6.89e-08 1.00e+00 6.54e-12 1.00e-20 1.00e-20 1.00e-20 1.00e-20 
1.71e+15  136      0 1.00e-20 6.03e-17 7.83e-08 1.00e+00 4.10e-12 1.00e-20 1.00e-20 1.00e-20 1.00e-20 
1.77e+15  137      0 1.00e-20 6.48e-17 8.63e-08 1.00e+00 2.59e-12 1.00e-20 1.00e-20 1.00e-20 1.00e-20 
1.83e+15  138      0 1.00e-20 6.87e-17 9.36e-08 1.00e+00 2.25e-12 1.00e-20 1.00e-20 1.00e-20 1.00e-20 
1.89e+15  139      0 1.00e-20 7.70e-17 1.05e-07 1.00e+00 2.34e-12 1.00e-20 1.00e-20 1.00e-20 1.00e-20 
1.95e+15  140      0 1.00e-20 9.17e-17 1.24e-07 1.00e+00 1.60e-12 1.00e-20 1.00e-20 1.00e-20 1.00e-20 
2.01e+15  141      0 1.00e-20 1.09e-16 1.48e-07 1.00e+00 1.16e-12 1.00e-20 1.00e-20 1.00e-20 1.00e-20 
2.08e+15  142      0 1.00e-20 1.23e-16 1.68e-07 1.00e+00 1.12e-12 1.00e-20 1.00e-20 1.00e-20 1.00e-20 
2.14e+15  143      0 1.00e-20 1.46e-16 1.95e-07 1.00e+00 1.49e-12 1.00e-20 1.00e-20 1.00e-20 1.00e-20 
2.21e+15  144      0 1.00e-20 1.77e-16 2.32e-07 1.00e+00 8.30e-13 1.00e-20 1.00e-20 1.00e-20 1.00e-20 
2.29e+15  145      0 1.00e-20 2.17e-16 2.71e-07 1.00e+00 8.05e-13 1.00e-20 1.00e-20 1.00e-20 1.00e-20 
2.36e+15  146      0 1.00e-20 2.39e-16 2.95e-07 1.00e+00 3.96e-13 1.00e-20 1.00e-20 1.00e-20 1.00e-20 
2.44e+15  147      0 1.00e-20 2.53e-16 3.07e-07 1.00e+00 4.69e-13 1.00e-20 1.00e-20 1.00e-20 1.00e-20 
2.52e+15  148      0 1.00e-20 2.63e-16 3.16e-07 1.00e+00 1.85e-13 1.00e-20 1.00e-20 1.00e-20 1.00e-20 
2.60e+15  149      0 1.00e-20 2.70e-16 3.14e-07 1.00e+00 1.91e-13 1.00e-20 1.00e-20 1.00e-20 1.00e-20 
2.68e+15  150      0 1.00e-20 2.66e-16 2.98e-07 1.00e+00 3.16e-13 1.00e-20 1.00e-20 1.00e-20 1.00e-20 
2.77e+15  151      0 1.00e-20 2.57e-16 2.81e-07 1.00e+00 2.25e-13 1.00e-20 1.00e-20 1.00e-20 1.00e-20 
2.86e+15  152      0 1.00e-20 2.76e-16 2.90e-07 1.00e+00 2.29e-13 1.00e-20 1.00e-20 1.00e-20 1.00e-20 
2.95e+15  153     -1 0.00e+00 0.00e+00 0.00e+00 0.00e+00 0.00e+00 0.00e+00 0.00e+00 0.00e+00 0.00e+00 
3.05e+15  154     -1 0.00e+00 0.00e+00 0.00e+00 0.00e+00 0.00e+00 0.00e+00 0.00e+00 0.00e+00 0.00e+00 
