       r    i inwind      i01      i02      i03      i04      i05      i06      i07      i08      i09 
2.22e+13    0     -1 0.00e+00 0.00e+00 0.00e+00 0.00e+00 0.00e+00 0.00e+00 0.00e+00 0.00e+00 0.00e+00 
2.30e+13    1      0 1.00e-20 1.00e-20 1.00e-20 1.00e-20 1.09e-14 7.74e-08 1.00e+00 2.28e-11 1.00e-20 
2.37e+13    2      0 1.00e-20 1.00e-20 1.00e-20 1.00e-20 8.89e-15 6.76e-08 1.00e+00 1.63e-11 1.00e-20 
2.45e+13    3      0 1.00e-20 1.00e-20 1.00e-20 1.00e-20 7.66e-15 6.13e-08 1.00e+00 1.16e-11 1.00e-20 
2.53e+13    4      0 1.00e-20 1.00e-20 1.00e-20 1.00e-20 6.82e-15 5.69e-08 1.00e+00 8.30e-12 1.00e-20 
2.61e+13    5      0 1.00e-20 1.00e-20 1.00e-20 1.00e-20 6.20e-15 5.35e-08 1.00e+00 6.09e-12 1.00e-20 
2.69e+13    6      0 1.00e-20 1.00e-20 1.00e-20 1.00e-20 5.76e-15 5.10e-08 1.00e+00 4.62e-12 1.00e-20 
2.78e+13    7      0 1.00e-20 1.00e-20 1.00e-20 1.00e-20 5.43e-15 4.92e-08 1.00e+00 3.51e-12 1.00e-20 
2.87e+13    8      0 1.00e-20 1.00e-20 1.00e-20 1.00e-20 5.21e-15 4.79e-08 1.00e+00 2.67e-12 1.00e-20 
2.96e+13    9      0 1.00e-20 1.00e-20 1.00e-20 1.00e-20 5.02e-15 4.68e-08 1.00e+00 2.08e-12 1.00e-20 
3.06e+13   10      0 1.00e-20 1.00e-20 1.00e-20 1.00e-20 4.86e-15 4.58e-08 1.00e+00 1.67e-12 1.00e-20 
3.16e+13   11      0 1.00e-20 1.00e-20 1.00e-20 1.00e-20 4.77e-15 4.52e-08 1.00e+00 1.32e-12 1.00e-20 
3.26e+13   12      0 1.00e-20 1.00e-20 1.00e-20 1.00e-20 4.76e-15 4.51e-08 1.00e+00 1.07e-12 1.00e-20 
3.37e+13   13      0 1.00e-20 1.00e-20 1.00e-20 1.00e-20 4.85e-15 4.56e-08 1.00e+00 8.62e-13 1.00e-20 
3.48e+13   14      0 1.00e-20 1.00e-20 1.00e-20 1.00e-20 5.01e-15 4.63e-08 1.00e+00 6.89e-13 1.00e-20 
3.59e+13   15      0 1.00e-20 1.00e-20 1.00e-20 1.00e-20 5.25e-15 4.72e-08 1.00e+00 5.61e-13 1.00e-20 
3.71e+13   16      0 1.00e-20 1.00e-20 1.00e-20 1.00e-20 5.54e-15 4.85e-08 1.00e+00 4.51e-13 1.00e-20 
3.83e+13   17      0 1.00e-20 1.00e-20 1.00e-20 1.00e-20 5.97e-15 5.04e-08 1.00e+00 3.54e-13 1.00e-20 
3.95e+13   18      0 1.00e-20 1.00e-20 1.00e-20 1.00e-20 6.47e-15 5.25e-08 1.00e+00 2.77e-13 1.00e-20 
4.08e+13   19      0 1.00e-20 1.00e-20 1.00e-20 1.00e-20 7.13e-15 5.53e-08 1.00e+00 2.13e-13 1.00e-20 
4.21e+13   20      0 1.00e-20 1.00e-20 1.00e-20 1.00e-20 7.96e-15 5.86e-08 1.00e+00 1.63e-13 1.00e-20 
4.35e+13   21      0 1.00e-20 1.00e-20 1.00e-20 1.00e-20 9.01e-15 6.25e-08 1.00e+00 1.20e-13 1.00e-20 
4.49e+13   22      0 1.00e-20 1.00e-20 1.00e-20 1.00e-20 1.03e-14 6.71e-08 1.00e+00 8.63e-14 1.00e-20 
4.64e+13   23      0 1.00e-20 1.00e-20 1.00e-20 1.00e-20 1.20e-14 7.25e-08 1.00e+00 6.00e-14 1.00e-20 
4.79e+13   24      0 1.00e-20 1.00e-20 1.00e-20 1.00e-20 1.43e-14 7.97e-08 1.00e+00 3.91e-14 1.00e-20 
4.94e+13   25      0 1.00e-20 1.00e-20 1.00e-20 1.00e-20 1.76e-14 8.86e-08 1.00e+00 2.46e-14 1.00e-20 
5.10e+13   26      0 1.00e-20 1.00e-20 1.00e-20 1.00e-20 2.20e-14 9.98e-08 1.00e+00 1.41e-14 1.00e-20 
5.27e+13   27      0 1.00e-20 1.00e-20 1.00e-20 1.00e-20 2.79e-14 1.13e-07 1.00e+00 8.01e-15 1.00e-20 
5.44e+13   28      0 1.00e-20 1.00e-20 1.00e-20 1.00e-20 3.59e-14 1.29e-07 1.00e+00 4.41e-15 1.00e-20 
5.62e+13   29      0 1.00e-20 1.00e-20 1.00e-20 1.00e-20 4.69e-14 1.49e-07 1.00e+00 2.31e-15 1.00e-20 
5.80e+13   30      0 1.00e-20 1.00e-20 1.00e-20 1.00e-20 6.18e-14 1.73e-07 1.00e+00 1.19e-15 1.00e-20 
5.99e+13   31      0 1.00e-20 1.00e-20 1.00e-20 1.00e-20 8.13e-14 2.00e-07 1.00e+00 5.84e-16 1.00e-20 
6.18e+13   32      0 1.00e-20 1.00e-20 1.00e-20 1.00e-20 1.06e-13 2.31e-07 1.00e+00 2.81e-16 1.00e-20 
6.38e+13   33      0 1.00e-20 1.00e-20 1.00e-20 1.15e-20 1.38e-13 2.66e-07 1.00e+00 1.38e-16 1.00e-20 
6.59e+13   34      0 1.00e-20 1.00e-20 1.00e-20 1.58e-20 1.76e-13 3.04e-07 1.00e+00 6.79e-17 1.00e-20 
6.80e+13   35      0 1.00e-20 1.00e-20 1.00e-20 2.17e-20 2.24e-13 3.48e-07 1.00e+00 3.35e-17 1.00e-20 
7.02e+13   36      0 1.00e-20 1.00e-20 1.00e-20 2.94e-20 2.84e-13 3.96e-07 1.00e+00 1.57e-17 1.00e-20 
7.25e+13   37      0 1.00e-20 1.00e-20 1.00e-20 3.86e-20 3.51e-13 4.48e-07 1.00e+00 7.91e-18 1.00e-20 
7.49e+13   38      0 1.00e-20 1.00e-20 1.00e-20 4.78e-20 4.17e-13 4.95e-07 1.00e+00 4.07e-18 1.00e-20 
7.73e+13   39      0 1.00e-20 1.00e-20 1.00e-20 5.78e-20 4.86e-13 5.40e-07 1.00e+00 2.26e-18 1.00e-20 
7.98e+13   40      0 1.00e-20 1.00e-20 1.00e-20 6.77e-20 5.53e-13 5.83e-07 1.00e+00 1.30e-18 1.00e-20 
8.24e+13   41      0 1.00e-20 1.00e-20 1.00e-20 7.63e-20 6.13e-13 6.20e-07 1.00e+00 7.40e-19 1.00e-20 
8.51e+13   42      0 1.00e-20 1.00e-20 1.00e-20 8.26e-20 6.60e-13 6.52e-07 1.00e+00 5.07e-19 1.00e-20 
8.78e+13   43      0 1.00e-20 1.00e-20 1.00e-20 8.63e-20 6.93e-13 6.76e-07 1.00e+00 3.57e-19 1.00e-20 
9.07e+13   44      0 1.00e-20 1.00e-20 1.00e-20 8.93e-20 7.18e-13 6.93e-07 1.00e+00 2.54e-19 1.00e-20 
9.36e+13   45      0 1.00e-20 1.00e-20 1.00e-20 8.78e-20 7.18e-13 6.98e-07 1.00e+00 2.01e-19 1.00e-20 
9.67e+13   46      0 1.00e-20 1.00e-20 1.00e-20 8.22e-20 6.90e-13 6.85e-07 1.00e+00 1.74e-19 1.00e-20 
9.98e+13   47      0 1.00e-20 1.00e-20 1.00e-20 7.56e-20 6.54e-13 6.68e-07 1.00e+00 1.52e-19 1.00e-20 
1.03e+14   48      0 1.00e-20 1.00e-20 1.00e-20 6.99e-20 6.24e-13 6.57e-07 1.00e+00 1.46e-19 1.00e-20 
1.06e+14   49      0 1.00e-20 1.00e-20 1.00e-20 6.27e-20 5.80e-13 6.34e-07 1.00e+00 1.42e-19 1.00e-20 
1.10e+14   50      0 1.00e-20 1.00e-20 1.00e-20 5.50e-20 5.29e-13 6.06e-07 1.00e+00 1.54e-19 1.00e-20 
1.13e+14   51      0 1.00e-20 1.00e-20 1.00e-20 4.86e-20 4.85e-13 5.80e-07 1.00e+00 1.56e-19 1.00e-20 
1.17e+14   52      0 1.00e-20 1.00e-20 1.00e-20 4.36e-20 4.48e-13 5.57e-07 1.00e+00 1.61e-19 1.00e-20 
1.21e+14   53      0 1.00e-20 1.00e-20 1.00e-20 3.93e-20 4.15e-13 5.34e-07 1.00e+00 1.70e-19 1.00e-20 
1.25e+14   54      0 1.00e-20 1.00e-20 1.00e-20 3.66e-20 3.95e-13 5.21e-07 1.00e+00 1.68e-19 1.00e-20 
1.29e+14   55      0 1.00e-20 1.00e-20 1.00e-20 3.41e-20 3.75e-13 5.07e-07 1.00e+00 1.66e-19 1.00e-20 
1.33e+14   56      0 1.00e-20 1.00e-20 1.00e-20 3.28e-20 3.65e-13 5.00e-07 1.00e+00 1.63e-19 1.00e-20 
1.37e+14   57      0 1.00e-20 1.00e-20 1.00e-20 3.21e-20 3.60e-13 4.97e-07 1.00e+00 1.50e-19 1.00e-20 
1.42e+14   58      0 1.00e-20 1.00e-20 1.00e-20 3.15e-20 3.56e-13 4.96e-07 1.00e+00 1.45e-19 1.00e-20 
1.46e+14   59      0 1.00e-20 1.00e-20 1.00e-20 3.18e-20 3.59e-13 4.99e-07 1.00e+00 1.37e-19 1.00e-20 
1.51e+14   60      0 1.00e-20 1.00e-20 1.00e-20 3.26e-20 3.65e-13 5.04e-07 1.00e+00 1.19e-19 1.00e-20 
1.56e+14   61      0 1.00e-20 1.00e-20 1.00e-20 3.41e-20 3.77e-13 5.14e-07 1.00e+00 1.07e-19 1.00e-20 
1.61e+14   62      0 1.00e-20 1.00e-20 1.00e-20 3.63e-20 3.95e-13 5.27e-07 1.00e+00 8.96e-20 1.00e-20 
1.66e+14   63      0 1.00e-20 1.00e-20 1.00e-20 3.86e-20 4.12e-13 5.39e-07 1.00e+00 7.66e-20 1.00e-20 
1.72e+14   64      0 1.00e-20 1.00e-20 1.00e-20 4.18e-20 4.38e-13 5.57e-07 1.00e+00 6.48e-20 1.00e-20 
1.77e+14   65      0 1.00e-20 1.00e-20 1.00e-20 4.64e-20 4.71e-13 5.79e-07 1.00e+00 5.32e-20 1.00e-20 
1.83e+14   66      0 1.00e-20 1.00e-20 1.00e-20 5.06e-20 5.00e-13 5.97e-07 1.00e+00 4.43e-20 1.00e-20 
1.89e+14   67      0 1.00e-20 1.00e-20 1.00e-20 5.71e-20 5.44e-13 6.23e-07 1.00e+00 3.53e-20 1.00e-20 
1.95e+14   68      0 1.00e-20 1.00e-20 1.00e-20 6.64e-20 6.08e-13 6.63e-07 1.00e+00 2.63e-20 1.00e-20 
2.02e+14   69      0 1.00e-20 1.00e-20 1.00e-20 7.83e-20 6.84e-13 7.06e-07 1.00e+00 1.98e-20 1.00e-20 
2.08e+14   70      0 1.00e-20 1.00e-20 1.00e-20 9.55e-20 7.90e-13 7.64e-07 1.00e+00 1.43e-20 1.00e-20 
2.15e+14   71      0 1.00e-20 1.00e-20 1.00e-20 1.16e-19 9.08e-13 8.22e-07 1.00e+00 1.02e-20 1.00e-20 
2.22e+14   72      0 1.00e-20 1.00e-20 1.00e-20 1.40e-19 1.04e-12 8.83e-07 1.00e+00 1.00e-20 1.00e-20 
2.29e+14   73      0 1.00e-20 1.00e-20 1.00e-20 1.72e-19 1.20e-12 9.50e-07 1.00e+00 1.00e-20 1.00e-20 
2.37e+14   74      0 1.00e-20 1.00e-20 1.00e-20 2.15e-19 1.41e-12 1.03e-06 1.00e+00 1.00e-20 1.00e-20 
2.44e+14   75      0 1.00e-20 1.00e-20 1.00e-20 2.74e-19 1.68e-12 1.13e-06 1.00e+00 1.00e-20 1.00e-20 
2.52e+14   76      0 1.00e-20 1.00e-20 1.00e-20 3.57e-19 2.03e-12 1.25e-06 1.00e+00 1.00e-20 1.00e-20 
2.60e+14   77      0 1.00e-20 1.00e-20 1.00e-20 4.80e-19 2.51e-12 1.40e-06 1.00e+00 1.00e-20 1.00e-20 
2.69e+14   78      0 1.00e-20 1.00e-20 1.00e-20 6.47e-19 3.11e-12 1.56e-06 1.00e+00 1.00e-20 1.00e-20 
2.78e+14   79      0 1.00e-20 1.00e-20 1.00e-20 8.88e-19 3.90e-12 1.75e-06 1.00e+00 1.00e-20 1.00e-20 
2.87e+14   80      0 1.00e-20 1.00e-20 1.00e-20 1.29e-18 5.09e-12 2.01e-06 1.00e+00 1.00e-20 1.00e-20 
2.96e+14   81      0 1.00e-20 1.00e-20 1.00e-20 1.97e-18 6.95e-12 2.39e-06 1.00e+00 1.00e-20 1.00e-20 
3.05e+14   82      0 1.00e-20 1.00e-20 1.00e-20 3.20e-18 9.93e-12 2.89e-06 1.00e+00 1.00e-20 1.00e-20 
3.15e+14   83      0 1.00e-20 1.00e-20 1.00e-20 5.21e-18 1.42e-11 3.49e-06 1.00e+00 1.00e-20 1.00e-20 
3.26e+14   84      0 1.00e-20 1.00e-20 1.00e-20 9.10e-18 2.14e-11 4.35e-06 1.00e+00 1.00e-20 1.00e-20 
3.36e+14   85      0 1.00e-20 1.00e-20 1.00e-20 1.80e-17 3.50e-11 5.61e-06 1.00e+00 1.00e-20 1.00e-20 
3.47e+14   86      0 1.00e-20 1.00e-20 1.00e-20 3.92e-17 6.16e-11 7.52e-06 1.00e+00 1.00e-20 1.00e-20 
3.58e+14   87      0 1.00e-20 1.00e-20 1.00e-20 8.67e-17 1.11e-10 1.03e-05 1.00e+00 1.00e-20 1.00e-20 
3.70e+14   88      0 1.00e-20 1.00e-20 1.00e-20 1.94e-16 2.01e-10 1.41e-05 1.00e+00 1.00e-20 1.00e-20 
3.82e+14   89      0 1.00e-20 1.00e-20 1.00e-20 4.86e-16 4.02e-10 2.07e-05 1.00e+00 1.00e-20 1.00e-20 
3.94e+14   90      0 1.00e-20 1.00e-20 1.00e-20 1.33e-15 8.62e-10 3.16e-05 1.00e+00 1.00e-20 1.00e-20 
4.07e+14   91      0 1.00e-20 1.00e-20 1.00e-20 3.59e-15 1.85e-09 4.89e-05 1.00e+00 1.00e-20 1.00e-20 
4.20e+14   92      0 1.00e-20 1.00e-20 1.00e-20 1.04e-14 4.19e-09 7.77e-05 1.00e+00 1.00e-20 1.00e-20 
4.34e+14   93      0 1.00e-20 1.00e-20 1.00e-20 3.49e-14 1.07e-08 1.35e-04 1.00e+00 1.00e-20 1.00e-20 
4.48e+14   94      0 1.00e-20 1.00e-20 2.97e-20 1.30e-13 3.06e-08 2.58e-04 1.00e+00 1.00e-20 1.00e-20 
4.63e+14   95      0 1.00e-20 1.00e-20 1.27e-19 4.68e-13 8.51e-08 4.85e-04 1.00e+00 1.00e-20 1.00e-20 
4.78e+14   96      0 1.00e-20 1.00e-20 7.67e-19 2.43e-12 3.42e-07 1.27e-03 9.99e-01 1.00e-20 1.00e-20 
4.93e+14   97      0 1.00e-20 1.00e-20 1.10e-17 3.49e-11 3.95e-06 9.47e-03 9.91e-01 1.00e-20 1.00e-20 
5.09e+14   98      0 1.00e-20 1.00e-20 1.27e-16 3.73e-10 3.26e-05 5.28e-02 9.47e-01 1.00e-20 1.00e-20 
5.26e+14   99      0 1.00e-20 1.00e-20 1.84e-16 3.87e-10 2.84e-05 7.13e-02 9.29e-01 1.00e-20 1.00e-20 
5.43e+14  100      0 1.00e-20 1.00e-20 3.34e-16 7.12e-10 4.67e-05 1.02e-01 8.98e-01 1.00e-20 1.00e-20 
5.60e+14  101      0 1.00e-20 1.00e-20 8.05e-16 1.91e-09 1.16e-04 2.42e-01 7.57e-01 1.00e-20 1.00e-20 
5.79e+14  102      0 1.00e-20 1.00e-20 1.48e-15 3.99e-09 2.34e-04 5.07e-01 4.93e-01 1.00e-20 1.00e-20 
5.97e+14  103      0 1.00e-20 1.00e-20 2.67e-15 7.73e-09 4.51e-04 1.00e+00 1.63e-19 1.00e-20 1.00e-20 
6.17e+14  104      0 1.00e-20 1.00e-20 1.97e-15 6.30e-09 3.96e-04 1.00e+00 1.98e-20 1.00e-20 1.00e-20 
6.37e+14  105      0 1.00e-20 1.00e-20 1.30e-15 4.72e-09 3.26e-04 1.00e+00 1.00e-20 1.00e-20 1.00e-20 
6.58e+14  106      0 1.00e-20 1.00e-20 8.97e-16 3.70e-09 2.98e-04 1.00e+00 1.00e-20 1.00e-20 1.00e-20 
6.79e+14  107      0 1.00e-20 1.00e-20 4.73e-16 2.28e-09 2.24e-04 1.00e+00 1.00e-20 1.00e-20 1.00e-20 
7.01e+14  108      0 1.00e-20 1.00e-20 7.08e-16 4.36e-09 4.75e-04 1.00e+00 2.55e-19 1.00e-20 1.00e-20 
7.24e+14  109      0 1.00e-20 1.00e-20 9.18e-13 6.35e-06 1.00e+00 2.09e-16 1.00e-20 1.00e-20 1.00e-20 
7.47e+14  110      0 1.00e-20 1.00e-20 6.20e-13 5.17e-06 1.00e+00 1.93e-16 1.00e-20 1.00e-20 1.00e-20 
7.71e+14  111      0 1.00e-20 1.00e-20 4.16e-13 4.21e-06 1.00e+00 1.58e-16 1.00e-20 1.00e-20 1.00e-20 
7.97e+14  112      0 1.00e-20 1.00e-20 2.68e-13 3.34e-06 1.00e+00 1.83e-16 1.00e-20 1.00e-20 1.00e-20 
8.22e+14  113      0 1.00e-20 1.00e-20 1.83e-13 3.04e-06 1.00e+00 3.61e-16 1.00e-20 1.00e-20 1.00e-20 
8.49e+14  114      0 1.00e-20 1.00e-20 1.16e-13 2.39e-06 1.00e+00 2.32e-16 1.00e-20 1.00e-20 1.00e-20 
8.77e+14  115      0 1.00e-20 1.00e-20 7.17e-14 1.85e-06 1.00e+00 2.03e-16 1.00e-20 1.00e-20 1.00e-20 
9.05e+14  116      0 1.00e-20 1.00e-20 4.62e-14 1.44e-06 1.00e+00 5.11e-16 1.00e-20 1.00e-20 1.00e-20 
9.35e+14  117      0 1.00e-20 1.00e-20 5.37e-14 1.79e-06 1.00e+00 1.02e-16 1.00e-20 1.00e-20 1.00e-20 
9.65e+14  118      0 1.00e-20 1.00e-20 7.34e-14 2.30e-06 1.00e+00 1.66e-14 1.00e-20 1.00e-20 1.00e-20 
9.96e+14  119      0 1.00e-20 9.91e-18 2.16e-08 1.00e+00 2.94e-11 1.00e-20 1.00e-20 1.00e-20 1.00e-20 
1.03e+15  120      0 1.00e-20 9.23e-18 2.14e-08 1.00e+00 3.59e-11 1.00e-20 1.00e-20 1.00e-20 1.00e-20 
1.06e+15  121      0 1.00e-20 1.00e-20 7.67e-14 2.56e-06 1.00e+00 2.29e-14 1.00e-20 1.00e-20 1.00e-20 
1.10e+15  122      0 1.00e-20 1.00e-20 9.21e-14 3.11e-06 1.00e+00 1.23e-15 1.00e-20 1.00e-20 1.00e-20 
1.13e+15  123      0 1.00e-20 1.00e-20 9.72e-14 3.28e-06 1.00e+00 7.30e-16 1.00e-20 1.00e-20 1.00e-20 
1.17e+15  124      0 1.00e-20 1.00e-20 1.00e-13 3.35e-06 1.00e+00 8.12e-16 1.00e-20 1.00e-20 1.00e-20 
1.21e+15  125      0 1.00e-20 1.00e-20 1.10e-13 3.50e-06 1.00e+00 9.66e-16 1.00e-20 1.00e-20 1.00e-20 
1.25e+15  126      0 1.00e-20 1.00e-20 1.20e-13 3.71e-06 1.00e+00 4.65e-16 1.00e-20 1.00e-20 1.00e-20 
1.29e+15  127      0 1.00e-20 1.00e-20 1.30e-13 3.87e-06 1.00e+00 4.12e-16 1.00e-20 1.00e-20 1.00e-20 
1.33e+15  128      0 1.00e-20 1.00e-20 1.40e-13 4.01e-06 1.00e+00 3.60e-16 1.00e-20 1.00e-20 1.00e-20 
1.37e+15  129      0 1.00e-20 1.00e-20 1.53e-13 4.21e-06 1.00e+00 2.81e-16 1.00e-20 1.00e-20 1.00e-20 
1.42e+15  130      0 1.00e-20 1.00e-20 1.57e-13 4.23e-06 1.00e+00 3.02e-16 1.00e-20 1.00e-20 1.00e-20 
1.46e+15  131      0 1.00e-20 1.00e-20 1.70e-13 4.41e-06 1.00e+00 3.12e-16 1.00e-20 1.00e-20 1.00e-20 
1.51e+15  132      0 1.00e-20 1.00e-20 1.83e-13 4.62e-06 1.00e+00 2.37e-16 1.00e-20 1.00e-20 1.00e-20 
1.56e+15  133      0 1.00e-20 1.00e-20 1.89e-13 4.71e-06 1.00e+00 2.05e-16 1.00e-20 1.00e-20 1.00e-20 
1.61e+15  134      0 1.00e-20 1.00e-20 2.01e-13 4.86e-06 1.00e+00 1.92e-16 1.00e-20 1.00e-20 1.00e-20 
1.66e+15  135      0 1.00e-20 1.00e-20 1.92e-13 4.73e-06 1.00e+00 1.94e-16 1.00e-20 1.00e-20 1.00e-20 
1.71e+15  136      0 1.00e-20 1.00e-20 1.96e-13 4.84e-06 1.00e+00 2.22e-16 1.00e-20 1.00e-20 1.00e-20 
1.77e+15  137      0 1.00e-20 1.00e-20 1.85e-13 4.74e-06 1.00e+00 2.40e-16 1.00e-20 1.00e-20 1.00e-20 
1.83e+15  138      0 1.00e-20 1.00e-20 1.71e-13 4.58e-06 1.00e+00 3.01e-16 1.00e-20 1.00e-20 1.00e-20 
1.89e+15  139      0 1.00e-20 1.00e-20 1.60e-13 4.48e-06 1.00e+00 3.66e-16 1.00e-20 1.00e-20 1.00e-20 
1.95e+15  140      0 1.00e-20 1.00e-20 1.51e-13 4.40e-06 1.00e+00 4.47e-16 1.00e-20 1.00e-20 1.00e-20 
2.01e+15  141      0 1.00e-20 1.00e-20 1.21e-13 3.55e-06 1.00e+00 4.89e-16 1.00e-20 1.00e-20 1.00e-20 
2.08e+15  142      0 1.00e-20 1.00e-20 1.11e-13 3.37e-06 1.00e+00 5.67e-16 1.00e-20 1.00e-20 1.00e-20 
2.14e+15  143      0 1.00e-20 1.00e-20 1.08e-13 3.33e-06 1.00e+00 5.31e-16 1.00e-20 1.00e-20 1.00e-20 
2.21e+15  144      0 1.00e-20 1.00e-20 1.06e-13 3.29e-06 1.00e+00 5.17e-16 1.00e-20 1.00e-20 1.00e-20 
2.29e+15  145      0 1.00e-20 1.00e-20 1.04e-13 3.25e-06 1.00e+00 5.84e-16 1.00e-20 1.00e-20 1.00e-20 
2.36e+15  146      0 1.00e-20 1.00e-20 1.04e-13 3.25e-06 1.00e+00 5.96e-16 1.00e-20 1.00e-20 1.00e-20 
2.44e+15  147      0 1.00e-20 1.00e-20 1.00e-13 3.18e-06 1.00e+00 6.72e-16 1.00e-20 1.00e-20 1.00e-20 
2.52e+15  148      0 1.00e-20 1.00e-20 9.97e-14 3.17e-06 1.00e+00 6.12e-16 1.00e-20 1.00e-20 1.00e-20 
2.60e+15  149      0 1.00e-20 1.00e-20 1.03e-13 3.22e-06 1.00e+00 6.30e-16 1.00e-20 1.00e-20 1.00e-20 
2.68e+15  150      0 1.00e-20 1.00e-20 1.05e-13 3.25e-06 1.00e+00 7.21e-16 1.00e-20 1.00e-20 1.00e-20 
2.77e+15  151      0 1.00e-20 1.00e-20 1.09e-13 3.33e-06 1.00e+00 4.51e-16 1.00e-20 1.00e-20 1.00e-20 
2.86e+15  152      0 1.00e-20 1.00e-20 1.22e-13 3.54e-06 1.00e+00 3.62e-16 1.00e-20 1.00e-20 1.00e-20 
2.95e+15  153     -1 0.00e+00 0.00e+00 0.00e+00 0.00e+00 0.00e+00 0.00e+00 0.00e+00 0.00e+00 0.00e+00 
3.05e+15  154     -1 0.00e+00 0.00e+00 0.00e+00 0.00e+00 0.00e+00 0.00e+00 0.00e+00 0.00e+00 0.00e+00 
