       r    i inwind      i01      i02      i03 
2.22e+13    0     -1 0.00e+00 0.00e+00 0.00e+00 
2.30e+13    1      0 1.00e-20 3.11e+02 6.52e+11 
2.37e+13    2      0 1.00e-20 2.88e+02 6.37e+11 
2.45e+13    3      0 1.00e-20 2.87e+02 6.23e+11 
2.53e+13    4      0 1.00e-20 3.77e+02 6.10e+11 
2.61e+13    5      0 1.00e-20 4.00e+02 5.97e+11 
2.69e+13    6      0 1.00e-20 3.93e+02 5.86e+11 
2.78e+13    7      0 1.00e-20 3.95e+02 5.74e+11 
2.87e+13    8      0 1.00e-20 3.88e+02 5.63e+11 
2.96e+13    9      0 1.00e-20 4.71e+02 5.52e+11 
3.06e+13   10      0 1.00e-20 4.60e+02 5.42e+11 
3.16e+13   11      0 1.00e-20 4.54e+02 5.33e+11 
3.26e+13   12      0 1.00e-20 3.83e+02 5.27e+11 
3.37e+13   13      0 1.00e-20 5.41e+02 5.22e+11 
3.48e+13   14      0 1.00e-20 5.45e+02 5.18e+11 
3.59e+13   15      0 1.00e-20 6.01e+02 5.15e+11 
3.71e+13   16      0 1.00e-20 6.32e+02 5.13e+11 
3.83e+13   17      0 1.00e-20 7.07e+02 5.11e+11 
3.95e+13   18      0 1.00e-20 6.82e+02 5.09e+11 
4.08e+13   19      0 1.00e-20 7.60e+02 5.08e+11 
4.21e+13   20      0 1.00e-20 7.16e+02 5.05e+11 
4.35e+13   21      0 1.00e-20 5.88e+02 5.03e+11 
4.49e+13   22      0 1.00e-20 8.07e+02 4.99e+11 
4.64e+13   23      0 1.00e-20 6.77e+02 4.94e+11 
4.79e+13   24      0 1.00e-20 8.48e+02 4.86e+11 
4.94e+13   25      0 1.00e-20 9.13e+02 4.79e+11 
5.10e+13   26      0 1.00e-20 9.95e+02 4.70e+11 
5.27e+13   27      0 1.00e-20 1.07e+03 4.62e+11 
5.44e+13   28      0 1.00e-20 8.02e+02 4.51e+11 
5.62e+13   29      0 1.00e-20 1.13e+03 4.42e+11 
5.80e+13   30      0 1.00e-20 1.19e+03 4.31e+11 
5.99e+13   31      0 1.00e-20 1.26e+03 4.18e+11 
6.18e+13   32      0 1.00e-20 1.12e+03 4.05e+11 
6.38e+13   33      0 1.00e-20 1.20e+03 3.89e+11 
6.59e+13   34      0 1.00e-20 1.23e+03 3.72e+11 
6.80e+13   35      0 1.00e-20 1.05e+03 3.55e+11 
7.02e+13   36      0 1.00e-20 1.07e+03 3.37e+11 
7.25e+13   37      0 1.00e-20 9.90e+02 3.18e+11 
7.49e+13   38      0 1.00e-20 9.06e+02 2.98e+11 
7.73e+13   39      0 1.00e-20 8.06e+02 2.79e+11 
7.98e+13   40      0 1.00e-20 6.75e+02 2.61e+11 
8.24e+13   41      0 1.00e-20 7.17e+02 2.43e+11 
8.51e+13   42      0 1.00e-20 5.32e+02 2.26e+11 
8.78e+13   43      0 1.00e-20 4.43e+02 2.10e+11 
9.07e+13   44      0 1.00e-20 3.74e+02 1.97e+11 
9.36e+13   45      0 1.00e-20 3.68e+02 1.83e+11 
9.67e+13   46      0 1.00e-20 3.06e+02 1.70e+11 
9.98e+13   47      0 1.00e-20 2.69e+02 1.59e+11 
1.03e+14   48      0 1.00e-20 2.35e+02 1.49e+11 
1.06e+14   49      0 1.00e-20 1.52e+02 1.39e+11 
1.10e+14   50      0 1.00e-20 1.93e+02 1.30e+11 
1.13e+14   51      0 1.00e-20 1.53e+02 1.22e+11 
1.17e+14   52      0 1.00e-20 1.38e+02 1.15e+11 
1.21e+14   53      0 1.00e-20 9.08e+01 1.09e+11 
1.25e+14   54      0 1.00e-20 7.08e+01 1.03e+11 
1.29e+14   55      0 1.00e-20 9.18e+01 9.76e+10 
1.33e+14   56      0 1.00e-20 9.59e+01 9.27e+10 
1.37e+14   57      0 1.00e-20 6.61e+01 8.80e+10 
1.42e+14   58      0 1.00e-20 7.90e+01 8.36e+10 
1.46e+14   59      0 1.00e-20 6.09e+01 7.97e+10 
1.51e+14   60      0 1.00e-20 7.21e+01 7.61e+10 
1.56e+14   61      0 1.00e-20 6.49e+01 7.28e+10 
1.61e+14   62      0 1.00e-20 6.14e+01 6.97e+10 
1.66e+14   63      0 1.00e-20 5.54e+01 6.68e+10 
1.72e+14   64      0 1.00e-20 5.84e+01 6.41e+10 
1.77e+14   65      0 1.00e-20 4.55e+01 6.19e+10 
1.83e+14   66      0 1.00e-20 5.20e+01 5.95e+10 
1.89e+14   67      0 1.00e-20 5.19e+01 5.75e+10 
1.95e+14   68      0 1.00e-20 4.71e+01 5.55e+10 
2.02e+14   69      0 1.00e-20 4.56e+01 5.39e+10 
2.08e+14   70      0 1.00e-20 4.63e+01 5.24e+10 
2.15e+14   71      0 1.00e-20 4.25e+01 5.08e+10 
2.22e+14   72      0 1.00e-20 4.37e+01 4.92e+10 
2.29e+14   73      0 1.00e-20 4.36e+01 4.78e+10 
2.37e+14   74      0 1.00e-20 4.19e+01 4.63e+10 
2.44e+14   75      0 1.00e-20 4.31e+01 4.49e+10 
2.52e+14   76      0 1.00e-20 4.18e+01 4.37e+10 
2.60e+14   77      0 1.00e-20 4.36e+01 4.26e+10 
2.69e+14   78      0 1.00e-20 4.39e+01 4.13e+10 
2.78e+14   79      0 1.00e-20 4.57e+01 4.01e+10 
2.87e+14   80      0 1.00e-20 5.14e+01 3.92e+10 
2.96e+14   81      0 4.63e-10 4.78e+01 3.83e+10 
3.05e+14   82      0 5.32e-10 5.33e+01 3.77e+10 
3.15e+14   83      0 7.32e-10 5.50e+01 3.66e+10 
3.26e+14   84      0 2.10e-09 5.32e+01 3.58e+10 
3.36e+14   85      0 2.89e-09 6.61e+01 3.57e+10 
3.47e+14   86      0 3.95e-09 7.79e+01 3.57e+10 
3.58e+14   87      0 7.28e-09 9.01e+01 3.49e+10 
3.70e+14   88      0 1.05e-08 1.01e+02 3.38e+10 
3.82e+14   89      0 1.33e-08 1.21e+02 3.33e+10 
3.94e+14   90      0 1.77e-08 1.45e+02 3.31e+10 
4.07e+14   91      0 2.61e-08 1.71e+02 3.26e+10 
4.20e+14   92      0 4.22e-08 2.10e+02 3.19e+10 
4.34e+14   93      0 5.84e-08 2.67e+02 3.13e+10 
4.48e+14   94      0 8.12e-08 3.40e+02 3.08e+10 
4.63e+14   95      0 1.09e-07 4.20e+02 3.00e+10 
4.78e+14   96      0 1.64e-07 5.42e+02 2.88e+10 
4.93e+14   97      0 3.26e-07 8.27e+02 2.72e+10 
5.09e+14   98      0 4.55e-07 1.01e+03 2.40e+10 
5.26e+14   99      0 4.82e-07 1.03e+03 2.03e+10 
5.43e+14  100      0 4.58e-07 9.70e+02 1.53e+10 
5.60e+14  101      0 4.59e-07 9.11e+02 1.14e+10 
5.79e+14  102      0 3.88e-07 7.63e+02 7.99e+09 
5.97e+14  103      0 2.75e-07 5.65e+02 5.52e+09 
6.17e+14  104      0 1.70e-07 3.80e+02 3.74e+09 
6.37e+14  105      0 1.08e-07 2.56e+02 2.58e+09 
6.58e+14  106      0 5.51e-08 1.52e+02 1.74e+09 
6.79e+14  107      0 2.57e-08 8.52e+01 1.17e+09 
7.01e+14  108      0 1.08e-08 4.52e+01 7.98e+08 
7.24e+14  109      0 5.28e-09 2.64e+01 5.58e+08 
7.47e+14  110      0 2.65e-09 1.57e+01 3.98e+08 
7.71e+14  111      0 1.31e-09 9.25e+00 2.86e+08 
7.97e+14  112      0 6.31e-10 5.39e+00 2.07e+08 
8.22e+14  113      0 3.02e-10 3.13e+00 1.52e+08 
8.49e+14  114      0 1.51e-10 1.86e+00 1.13e+08 
8.77e+14  115      0 7.72e-11 1.13e+00 8.48e+07 
9.05e+14  116      0 3.82e-11 6.72e-01 6.48e+07 
9.35e+14  117      0 2.18e-11 4.55e-01 4.92e+07 
9.65e+14  118      0 1.11e-11 3.02e-01 3.84e+07 
9.96e+14  119      0 8.89e-12 2.48e-01 3.05e+07 
1.03e+15  120      0 6.79e-12 2.06e-01 2.57e+07 
1.06e+15  121      0 4.43e-12 1.61e-01 2.21e+07 
1.10e+15  122      0 4.41e-12 1.60e-01 1.92e+07 
1.13e+15  123      0 3.85e-12 1.45e-01 1.70e+07 
1.17e+15  124      0 3.49e-12 1.33e-01 1.55e+07 
1.21e+15  125      0 3.56e-12 1.32e-01 1.48e+07 
1.25e+15  126      0 3.82e-12 1.35e-01 1.43e+07 
1.29e+15  127      0 4.15e-12 1.39e-01 1.40e+07 
1.33e+15  128      0 4.36e-12 1.40e-01 1.35e+07 
1.37e+15  129      0 4.75e-12 1.44e-01 1.32e+07 
1.42e+15  130      0 4.96e-12 1.44e-01 1.29e+07 
1.46e+15  131      0 5.36e-12 1.48e-01 1.27e+07 
1.51e+15  132      0 5.73e-12 1.50e-01 1.24e+07 
1.56e+15  133      0 6.00e-12 1.48e-01 1.20e+07 
1.61e+15  134      0 6.33e-12 1.49e-01 1.17e+07 
1.66e+15  135      0 5.90e-12 1.38e-01 1.10e+07 
1.71e+15  136      0 5.45e-12 1.28e-01 1.03e+07 
1.77e+15  137      0 4.67e-12 1.12e-01 9.42e+06 
1.83e+15  138      0 3.88e-12 9.74e-02 8.59e+06 
1.89e+15  139      0 3.18e-12 8.30e-02 7.74e+06 
1.95e+15  140      0 2.68e-12 7.24e-02 7.02e+06 
2.01e+15  141      0 2.30e-12 6.39e-02 6.38e+06 
2.08e+15  142      0 1.91e-12 5.52e-02 5.72e+06 
2.14e+15  143      0 1.75e-12 5.08e-02 5.30e+06 
2.21e+15  144      0 1.60e-12 4.67e-02 4.92e+06 
2.29e+15  145      0 1.45e-12 4.28e-02 4.57e+06 
2.36e+15  146      0 1.37e-12 4.03e-02 4.28e+06 
2.44e+15  147      0 1.21e-12 3.63e-02 3.93e+06 
2.52e+15  148      0 1.14e-12 3.40e-02 3.68e+06 
2.60e+15  149      0 1.12e-12 3.28e-02 3.50e+06 
2.68e+15  150      0 1.07e-12 3.10e-02 3.29e+06 
2.77e+15  151      0 1.09e-12 3.07e-02 3.14e+06 
2.86e+15  152      0 1.19e-12 3.18e-02 3.08e+06 
2.95e+15  153     -1 0.00e+00 0.00e+00 0.00e+00 
3.05e+15  154     -1 0.00e+00 0.00e+00 0.00e+00 
