        r      rcen    i inwind converge       v_x       v_y       v_z       vol       rho        ne       t_e       t_r        h1       he2        c4        n5        o6  dmo_dt_x  dmo_dt_y  dmo_dt_z        ip        xi      ntot      nrad    nioniz 
2.223e+13 2.260e+13    0     -1        0  4.63e+08  0.00e+00  0.00e+00  0.00e+00  0.00e+00  0.00e+00  0.00e+00  0.00e+00  0.00e+00  0.00e+00  0.00e+00  0.00e+00  0.00e+00  0.00e+00  0.00e+00  0.00e+00  0.00e+00  0.00e+00  0.00e+00  0.00e+00  0.00e+00 
2.296e+13 2.333e+13    1      0        0  4.41e+08  0.00e+00  0.00e+00  5.10e+39  1.56e-11  8.01e+12  3.17e+05  2.01e+05  2.34e-10  4.76e-10  0.00e+00  0.00e+00  7.74e-08 -5.42e+32 -1.93e+33 -1.89e+33  2.69e+05  8.23e+06  2.01e+07  0.00e+00  1.97e+07 
2.370e+13 2.409e+13    2      0        0  4.18e+08  0.00e+00  0.00e+00  5.61e+39  1.53e-11  7.83e+12  3.14e+05  2.05e+05  3.26e-10  4.52e-10  0.00e+00  0.00e+00  6.76e-08 -9.22e+32  6.98e+32  3.06e+32  2.72e+05  8.49e+06  2.13e+07  0.00e+00  2.09e+07 
2.447e+13 2.487e+13    3      0        0  3.95e+08  0.00e+00  0.00e+00  6.18e+39  1.49e-11  7.65e+12  3.10e+05  2.09e+05  3.19e-10  4.61e-10  0.00e+00  0.00e+00  6.13e-08 -6.79e+33 -1.38e+33 -2.93e+33  2.72e+05  8.61e+06  2.22e+07  0.00e+00  2.18e+07 
2.527e+13 2.568e+13    4      0        0  3.73e+08  0.00e+00  0.00e+00  6.80e+39  1.46e-11  7.49e+12  3.06e+05  2.13e+05  4.69e-10  6.19e-10  0.00e+00  0.00e+00  5.69e-08  1.43e+33  4.91e+32  5.50e+32  2.72e+05  8.74e+06  2.31e+07  0.00e+00  2.27e+07 
2.609e+13 2.651e+13    5      0        0  3.51e+08  0.00e+00  0.00e+00  7.48e+39  1.43e-11  7.34e+12  3.03e+05  2.16e+05  3.85e-10  6.70e-10  0.00e+00  0.00e+00  5.35e-08 -3.68e+33 -1.17e+33 -1.84e+33  2.71e+05  8.90e+06  2.40e+07  0.00e+00  2.37e+07 
2.693e+13 2.737e+13    6      0        0  3.32e+08  0.00e+00  0.00e+00  8.23e+39  1.40e-11  7.19e+12  3.00e+05  2.18e+05  4.36e-10  6.71e-10  0.00e+00  0.00e+00  5.10e-08 -4.70e+33  2.34e+33 -2.15e+33  2.69e+05  9.02e+06  2.49e+07  0.00e+00  2.46e+07 
2.781e+13 2.826e+13    7      0        0  3.16e+08  0.00e+00  0.00e+00  9.06e+39  1.38e-11  7.05e+12  2.98e+05  2.21e+05  4.67e-10  6.88e-10  0.00e+00  0.00e+00  4.92e-08 -8.21e+33  1.13e+33 -7.00e+33  2.67e+05  8.92e+06  2.58e+07  0.00e+00  2.54e+07 
2.871e+13 2.918e+13    8      0        0  3.01e+08  0.00e+00  0.00e+00  9.97e+39  1.35e-11  6.92e+12  2.95e+05  2.23e+05  5.49e-10  6.90e-10  0.00e+00  0.00e+00  4.79e-08 -7.76e+33 -3.55e+32 -8.43e+33  2.64e+05  8.85e+06  2.67e+07  0.00e+00  2.63e+07 
2.964e+13 3.012e+13    9      0        0  2.88e+08  0.00e+00  0.00e+00  1.10e+40  1.32e-11  6.78e+12  2.93e+05  2.26e+05  5.91e-10  8.53e-10  0.00e+00  0.00e+00  4.68e-08 -7.23e+33  1.31e+32 -2.95e+33  2.61e+05  8.90e+06  2.76e+07  0.00e+00  2.72e+07 
3.061e+13 3.110e+13   10      0        0  2.75e+08  0.00e+00  0.00e+00  1.21e+40  1.30e-11  6.66e+12  2.90e+05  2.28e+05  5.70e-10  8.50e-10  0.00e+00  0.00e+00  4.58e-08 -3.85e+33  1.98e+32 -6.57e+33  2.58e+05  8.94e+06  2.85e+07  0.00e+00  2.81e+07 
3.160e+13 3.211e+13   11      0        0  2.62e+08  0.00e+00  0.00e+00  1.33e+40  1.28e-11  6.55e+12  2.88e+05  2.29e+05  6.39e-10  8.52e-10  0.00e+00  0.00e+00  4.52e-08 -5.82e+33  5.19e+32 -3.63e+33  2.54e+05  9.01e+06  2.93e+07  0.00e+00  2.90e+07 
3.262e+13 3.315e+13   12      0        0  2.51e+08  0.00e+00  0.00e+00  1.46e+40  1.26e-11  6.47e+12  2.86e+05  2.31e+05  7.00e-10  7.28e-10  0.00e+00  0.00e+00  4.51e-08 -1.70e+34  1.12e+33 -1.04e+34  2.48e+05  8.88e+06  3.02e+07  0.00e+00  2.98e+07 
3.368e+13 3.423e+13   13      0        0  2.40e+08  0.00e+00  0.00e+00  1.61e+40  1.25e-11  6.41e+12  2.84e+05  2.32e+05  7.39e-10  1.04e-09  0.00e+00  0.00e+00  4.56e-08 -1.65e+34  2.62e+33 -1.19e+34  2.42e+05  8.69e+06  3.11e+07  0.00e+00  3.07e+07 
3.478e+13 3.534e+13   14      0        0  2.30e+08  0.00e+00  0.00e+00  1.77e+40  1.24e-11  6.36e+12  2.82e+05  2.34e+05  8.24e-10  1.05e-09  0.00e+00  0.00e+00  4.63e-08 -1.68e+34 -1.03e+33 -1.11e+34  2.34e+05  8.44e+06  3.19e+07  0.00e+00  3.15e+07 
3.591e+13 3.649e+13   15      0        0  2.20e+08  0.00e+00  0.00e+00  1.95e+40  1.24e-11  6.33e+12  2.81e+05  2.35e+05  7.80e-10  1.17e-09  0.00e+00  0.00e+00  4.72e-08 -1.89e+34 -5.54e+32 -1.48e+34  2.27e+05  8.26e+06  3.27e+07  0.00e+00  3.23e+07 
3.707e+13 3.767e+13   16      0        0  2.11e+08  0.00e+00  0.00e+00  2.15e+40  1.23e-11  6.30e+12  2.79e+05  2.36e+05  8.47e-10  1.23e-09  0.00e+00  0.00e+00  4.85e-08 -1.78e+34  1.18e+33 -1.20e+34  2.18e+05  7.97e+06  3.34e+07  0.00e+00  3.30e+07 
3.828e+13 3.890e+13   17      0        0  2.03e+08  0.00e+00  0.00e+00  2.36e+40  1.23e-11  6.28e+12  2.77e+05  2.36e+05  8.40e-10  1.38e-09  0.00e+00  0.00e+00  5.04e-08 -2.12e+34 -4.87e+32 -7.43e+33  2.10e+05  7.78e+06  3.40e+07  0.00e+00  3.36e+07 
3.952e+13 4.016e+13   18      0        0  1.95e+08  0.00e+00  0.00e+00  2.60e+40  1.22e-11  6.26e+12  2.74e+05  2.37e+05  9.24e-10  1.34e-09  0.00e+00  0.00e+00  5.25e-08 -1.90e+34  3.93e+32 -1.51e+34  2.01e+05  7.58e+06  3.47e+07  0.00e+00  3.42e+07 
4.080e+13 4.146e+13   19      0        0  1.88e+08  0.00e+00  0.00e+00  2.86e+40  1.22e-11  6.24e+12  2.72e+05  2.37e+05  9.68e-10  1.50e-09  0.00e+00  0.00e+00  5.53e-08 -2.28e+34 -2.81e+32 -1.50e+34  1.92e+05  7.16e+06  3.52e+07  0.00e+00  3.47e+07 
4.213e+13 4.281e+13   20      0        0  1.82e+08  0.00e+00  0.00e+00  3.15e+40  1.21e-11  6.20e+12  2.70e+05  2.37e+05  1.14e-09  1.42e-09  0.00e+00  0.00e+00  5.86e-08 -3.03e+34 -6.38e+32 -1.66e+34  1.84e+05  6.86e+06  3.56e+07  0.00e+00  3.51e+07 
4.350e+13 4.420e+13   21      0        0  1.75e+08  0.00e+00  0.00e+00  3.47e+40  1.21e-11  6.17e+12  2.68e+05  2.37e+05  1.23e-09  1.17e-09  0.00e+00  0.00e+00  6.25e-08 -3.60e+34  1.86e+33 -1.79e+34  1.75e+05  6.62e+06  3.58e+07  0.00e+00  3.54e+07 
4.491e+13 4.564e+13   22      0        0  1.69e+08  0.00e+00  0.00e+00  3.82e+40  1.20e-11  6.13e+12  2.65e+05  2.37e+05  1.21e-09  1.62e-09  0.00e+00  0.00e+00  6.71e-08 -2.67e+34 -4.95e+32 -2.32e+34  1.66e+05  6.26e+06  3.59e+07  0.00e+00  3.55e+07 
4.637e+13 4.712e+13   23      0        0  1.63e+08  0.00e+00  0.00e+00  4.20e+40  1.18e-11  6.07e+12  2.62e+05  2.36e+05  1.26e-09  1.37e-09  0.00e+00  0.00e+00  7.25e-08 -4.51e+34  1.77e+33 -2.70e+34  1.57e+05  5.70e+06  3.59e+07  0.00e+00  3.55e+07 
4.787e+13 4.865e+13   24      0        0  1.58e+08  0.00e+00  0.00e+00  4.62e+40  1.17e-11  5.97e+12  2.59e+05  2.35e+05  1.33e-09  1.74e-09  0.00e+00  0.00e+00  7.97e-08 -4.43e+34 -1.77e+33 -2.72e+34  1.48e+05  5.37e+06  3.57e+07  0.00e+00  3.53e+07 
4.942e+13 5.023e+13   25      0        0  1.55e+08  0.00e+00  0.00e+00  5.09e+40  1.15e-11  5.89e+12  2.55e+05  2.34e+05  1.36e-09  1.91e-09  0.00e+00  0.00e+00  8.86e-08 -4.73e+34  1.44e+32 -2.56e+34  1.40e+05  5.16e+06  3.53e+07  0.00e+00  3.49e+07 
5.103e+13 5.186e+13   26      0        0  1.53e+08  0.00e+00  0.00e+00  5.60e+40  1.13e-11  5.78e+12  2.51e+05  2.32e+05  1.53e-09  2.12e-09  0.00e+00  0.00e+00  9.98e-08 -5.26e+34 -4.32e+32 -2.78e+34  1.31e+05  4.82e+06  3.48e+07  0.00e+00  3.44e+07 
5.269e+13 5.354e+13   27      0        0  1.54e+08  0.00e+00  0.00e+00  6.16e+40  1.11e-11  5.67e+12  2.47e+05  2.29e+05  1.67e-09  2.31e-09  0.00e+00  0.00e+00  1.13e-07 -4.81e+34  6.69e+32 -2.95e+34  1.24e+05  4.56e+06  3.42e+07  0.00e+00  3.38e+07 
5.440e+13 5.528e+13   28      0        0  1.57e+08  0.00e+00  0.00e+00  6.78e+40  1.08e-11  5.55e+12  2.43e+05  2.27e+05  1.65e-09  1.78e-09  0.00e+00  0.00e+00  1.29e-07 -4.03e+34 -6.66e+32 -3.02e+34  1.16e+05  4.29e+06  3.35e+07  0.00e+00  3.31e+07 
5.616e+13 5.708e+13   29      0        0  1.61e+08  0.00e+00  0.00e+00  7.47e+40  1.06e-11  5.43e+12  2.39e+05  2.25e+05  1.69e-09  2.55e-09  0.00e+00  0.00e+00  1.49e-07 -5.27e+34 -1.01e+31 -3.52e+34  1.09e+05  3.89e+06  3.28e+07  0.00e+00  3.24e+07 
5.799e+13 5.893e+13   30      0        0  1.67e+08  0.00e+00  0.00e+00  8.22e+40  1.03e-11  5.30e+12  2.35e+05  2.22e+05  1.91e-09  2.75e-09  0.00e+00  0.00e+00  1.73e-07 -5.06e+34 -4.95e+32 -2.89e+34  1.02e+05  3.58e+06  3.20e+07  0.00e+00  3.16e+07 
5.987e+13 6.084e+13   31      0        0  1.75e+08  0.00e+00  0.00e+00  9.04e+40  1.00e-11  5.14e+12  2.31e+05  2.19e+05  1.97e-09  3.02e-09  0.00e+00  0.00e+00  2.00e-07 -4.36e+34 -2.53e+33 -3.04e+34  9.63e+04  3.33e+06  3.12e+07  0.00e+00  3.08e+07 
6.181e+13 6.282e+13   32      0        0  1.84e+08  0.00e+00  0.00e+00  9.95e+40  9.71e-12  4.97e+12  2.26e+05  2.17e+05  1.83e-09  2.77e-09  0.00e+00  0.00e+00  2.31e-07 -4.92e+34  1.55e+33 -3.55e+34  9.11e+04  3.10e+06  3.04e+07  0.00e+00  3.00e+07 
6.382e+13 6.486e+13   33      0        0  1.93e+08  0.00e+00  0.00e+00  1.10e+41  9.34e-12  4.78e+12  2.22e+05  2.14e+05  2.08e-09  3.09e-09  0.00e+00  0.00e+00  2.66e-07 -3.71e+34 -1.73e+33 -2.36e+34  8.68e+04  3.08e+06  2.97e+07  0.00e+00  2.93e+07 
6.589e+13 6.696e+13   34      0        0  2.02e+08  0.00e+00  0.00e+00  1.21e+41  8.94e-12  4.58e+12  2.18e+05  2.11e+05  2.22e-09  3.29e-09  0.00e+00  0.00e+00  3.04e-07 -4.18e+34  4.59e+32 -2.87e+34  8.34e+04  2.95e+06  2.91e+07  0.00e+00  2.87e+07 
6.803e+13 6.914e+13   35      0        0  2.09e+08  0.00e+00  0.00e+00  1.33e+41  8.52e-12  4.36e+12  2.15e+05  2.09e+05  2.03e-09  2.97e-09  0.00e+00  0.00e+00  3.48e-07 -3.89e+34  2.94e+32 -2.57e+34  8.05e+04  2.68e+06  2.86e+07  0.00e+00  2.82e+07 
7.024e+13 7.138e+13   36      0        0  2.15e+08  0.00e+00  0.00e+00  1.46e+41  8.09e-12  4.14e+12  2.11e+05  2.06e+05  2.29e-09  3.17e-09  0.00e+00  0.00e+00  3.96e-07 -3.62e+34  1.83e+33 -2.54e+34  7.82e+04  2.59e+06  2.81e+07  0.00e+00  2.76e+07 
7.252e+13 7.370e+13   37      0        0  2.23e+08  0.00e+00  0.00e+00  1.61e+41  7.62e-12  3.90e+12  2.07e+05  2.03e+05  1.82e-09  3.12e-09  0.00e+00  0.00e+00  4.48e-07 -3.19e+34  5.34e+32 -1.93e+34  7.68e+04  2.58e+06  2.77e+07  0.00e+00  2.72e+07 
7.488e+13 7.609e+13   38      0        0  2.31e+08  0.00e+00  0.00e+00  1.77e+41  7.15e-12  3.66e+12  2.04e+05  2.01e+05  2.23e-09  3.04e-09  0.00e+00  0.00e+00  4.95e-07 -3.26e+34  5.61e+31 -1.68e+34  7.60e+04  2.56e+06  2.73e+07  0.00e+00  2.69e+07 
7.731e+13 7.856e+13   39      0        0  2.37e+08  0.00e+00  0.00e+00  1.95e+41  6.70e-12  3.43e+12  2.01e+05  1.99e+05  2.10e-09  2.89e-09  0.00e+00  0.00e+00  5.40e-07 -2.52e+34  6.99e+32 -1.54e+34  7.57e+04  2.50e+06  2.71e+07  0.00e+00  2.67e+07 
7.982e+13 8.111e+13   40      0        0  2.39e+08  0.00e+00  0.00e+00  2.14e+41  6.27e-12  3.21e+12  1.99e+05  1.98e+05  1.92e-09  2.58e-09  0.00e+00  0.00e+00  5.83e-07 -2.37e+34 -4.01e+32 -1.81e+34  7.57e+04  2.51e+06  2.70e+07  0.00e+00  2.66e+07 
8.241e+13 8.375e+13   41      0        0  2.42e+08  0.00e+00  0.00e+00  2.36e+41  5.83e-12  2.99e+12  1.96e+05  1.96e+05  1.97e-09  2.95e-09  0.00e+00  0.00e+00  6.20e-07 -1.97e+34  4.63e+32 -1.11e+34  7.64e+04  2.52e+06  2.70e+07  0.00e+00  2.65e+07 
8.508e+13 8.647e+13   42      0        0  2.45e+08  0.00e+00  0.00e+00  2.60e+41  5.42e-12  2.77e+12  1.95e+05  1.95e+05  1.60e-09  2.35e-09  0.00e+00  0.00e+00  6.52e-07 -1.79e+34 -5.68e+32 -9.77e+33  7.77e+04  2.58e+06  2.71e+07  0.00e+00  2.66e+07 
8.785e+13 8.927e+13   43      0        0  2.46e+08  0.00e+00  0.00e+00  2.86e+41  5.04e-12  2.58e+12  1.93e+05  1.94e+05  1.31e-09  2.11e-09  0.00e+00  0.00e+00  6.76e-07 -1.88e+34 -6.96e+32 -1.24e+34  7.92e+04  2.57e+06  2.73e+07  0.00e+00  2.68e+07 
9.070e+13 9.217e+13   44      0        0  2.43e+08  0.00e+00  0.00e+00  3.14e+41  4.72e-12  2.42e+12  1.92e+05  1.93e+05  1.39e-09  1.90e-09  0.00e+00  0.00e+00  6.93e-07 -2.22e+34 -5.07e+32 -1.20e+34  8.03e+04  2.62e+06  2.76e+07  0.00e+00  2.71e+07 
9.364e+13 9.516e+13   45      0        0  2.41e+08  0.00e+00  0.00e+00  3.46e+41  4.39e-12  2.25e+12  1.91e+05  1.93e+05  1.44e-09  2.02e-09  0.00e+00  0.00e+00  6.98e-07 -1.87e+34  3.24e+33 -1.32e+34  8.22e+04  2.76e+06  2.79e+07  0.00e+00  2.74e+07 
9.668e+13 9.825e+13   46      0        0  2.40e+08  0.00e+00  0.00e+00  3.81e+41  4.07e-12  2.09e+12  1.90e+05  1.93e+05  1.12e-09  1.80e-09  0.00e+00  0.00e+00  6.85e-07 -2.23e+34 -4.97e+32 -1.08e+34  8.44e+04  2.85e+06  2.84e+07  0.00e+00  2.78e+07 
9.982e+13 1.014e+14   47      0        0  2.39e+08  0.00e+00  0.00e+00  4.19e+41  3.80e-12  1.95e+12  1.90e+05  1.93e+05  1.26e-09  1.70e-09  0.00e+00  0.00e+00  6.68e-07 -1.92e+34  7.86e+31 -1.37e+34  8.68e+04  2.78e+06  2.89e+07  0.00e+00  2.84e+07 
1.031e+14 1.047e+14   48      0        0  2.30e+08  0.00e+00  0.00e+00  4.61e+41  3.57e-12  1.83e+12  1.90e+05  1.93e+05  1.14e-09  1.58e-09  0.00e+00  0.00e+00  6.57e-07 -1.45e+34  4.31e+32 -1.24e+34  8.89e+04  2.82e+06  2.95e+07  0.00e+00  2.90e+07 
1.064e+14 1.081e+14   49      0        0  2.21e+08  0.00e+00  0.00e+00  5.08e+41  3.34e-12  1.71e+12  1.89e+05  1.94e+05  1.11e-09  1.09e-09  0.00e+00  0.00e+00  6.34e-07 -1.73e+34 -2.05e+29 -8.01e+33  9.14e+04  2.89e+06  3.02e+07  0.00e+00  2.96e+07 
1.099e+14 1.116e+14   50      0        0  2.12e+08  0.00e+00  0.00e+00  5.59e+41  3.13e-12  1.60e+12  1.90e+05  1.94e+05  9.39e-10  1.48e-09  0.00e+00  0.00e+00  6.06e-07 -1.75e+34 -1.20e+33 -1.00e+34  9.39e+04  2.98e+06  3.09e+07  0.00e+00  3.03e+07 
1.134e+14 1.153e+14   51      0        0  2.03e+08  0.00e+00  0.00e+00  6.15e+41  2.94e-12  1.50e+12  1.90e+05  1.95e+05  9.07e-10  1.25e-09  0.00e+00  0.00e+00  5.80e-07 -2.08e+34  2.22e+33 -1.05e+34  9.63e+04  3.17e+06  3.16e+07  0.00e+00  3.10e+07 
1.171e+14 1.190e+14   52      0        0  1.90e+08  0.00e+00  0.00e+00  6.77e+41  2.77e-12  1.42e+12  1.90e+05  1.95e+05  8.61e-10  1.19e-09  0.00e+00  0.00e+00  5.57e-07 -1.74e+34 -7.48e+32 -1.03e+34  9.84e+04  3.22e+06  3.22e+07  0.00e+00  3.16e+07 
1.209e+14 1.229e+14   53      0        0  1.76e+08  0.00e+00  0.00e+00  7.45e+41  2.61e-12  1.34e+12  1.90e+05  1.96e+05  7.27e-10  8.33e-10  0.00e+00  0.00e+00  5.34e-07 -1.87e+34  1.12e+33 -1.25e+34  9.98e+04  3.33e+06  3.28e+07  0.00e+00  3.22e+07 
1.248e+14 1.269e+14   54      0        0  1.62e+08  0.00e+00  0.00e+00  8.20e+41  2.47e-12  1.27e+12  1.90e+05  1.96e+05  7.23e-10  6.87e-10  0.00e+00  0.00e+00  5.21e-07 -9.89e+33  7.13e+31 -7.76e+33  1.01e+05  3.39e+06  3.35e+07  0.00e+00  3.28e+07 
1.289e+14 1.310e+14   55      0        0  1.50e+08  0.00e+00  0.00e+00  9.02e+41  2.34e-12  1.20e+12  1.90e+05  1.97e+05  6.23e-10  9.41e-10  0.00e+00  0.00e+00  5.07e-07 -2.15e+34  1.13e+33 -1.75e+34  1.02e+05  3.34e+06  3.40e+07  0.00e+00  3.34e+07 
1.331e+14 1.352e+14   56      0        0  1.37e+08  0.00e+00  0.00e+00  9.93e+41  2.23e-12  1.14e+12  1.90e+05  1.97e+05  7.67e-10  1.03e-09  0.00e+00  0.00e+00  5.00e-07 -2.19e+34  1.19e+33 -1.10e+34  1.03e+05  3.39e+06  3.45e+07  0.00e+00  3.38e+07 
1.374e+14 1.396e+14   57      0        0  1.22e+08  0.00e+00  0.00e+00  1.09e+42  2.11e-12  1.08e+12  1.90e+05  1.98e+05  6.16e-10  7.51e-10  0.00e+00  0.00e+00  4.97e-07 -2.80e+34 -5.60e+31 -1.34e+34  1.03e+05  3.33e+06  3.49e+07  0.00e+00  3.43e+07 
1.419e+14 1.442e+14   58      0        0  1.11e+08  0.00e+00  0.00e+00  1.20e+42  2.00e-12  1.03e+12  1.89e+05  1.98e+05  6.48e-10  9.45e-10  0.00e+00  0.00e+00  4.96e-07 -1.50e+34 -3.00e+33 -1.52e+34  1.04e+05  3.36e+06  3.53e+07  0.00e+00  3.46e+07 
1.465e+14 1.488e+14   59      0        0  1.00e+08  0.00e+00  0.00e+00  1.32e+42  1.91e-12  9.79e+11  1.89e+05  1.98e+05  6.45e-10  7.64e-10  0.00e+00  0.00e+00  4.99e-07 -2.12e+34 -7.04e+32 -2.12e+34  1.03e+05  3.48e+06  3.57e+07  0.00e+00  3.49e+07 
1.512e+14 1.537e+14   60      0        0  9.10e+07  0.00e+00  0.00e+00  1.46e+42  1.82e-12  9.34e+11  1.89e+05  1.98e+05  6.30e-10  9.48e-10  0.00e+00  0.00e+00  5.04e-07 -3.29e+34 -6.44e+32 -2.02e+34  1.03e+05  3.46e+06  3.59e+07  0.00e+00  3.52e+07 
1.561e+14 1.587e+14   61      0        0  8.02e+07  0.00e+00  0.00e+00  1.60e+42  1.75e-12  8.95e+11  1.88e+05  1.98e+05  5.69e-10  8.92e-10  0.00e+00  0.00e+00  5.14e-07 -3.05e+34 -8.44e+32 -1.82e+34  1.01e+05  3.46e+06  3.61e+07  0.00e+00  3.54e+07 
1.612e+14 1.638e+14   62      0        0  7.25e+07  0.00e+00  0.00e+00  1.77e+42  1.67e-12  8.57e+11  1.88e+05  1.98e+05  5.70e-10  8.80e-10  0.00e+00  0.00e+00  5.27e-07 -3.43e+34 -1.41e+33 -2.39e+34  1.00e+05  3.40e+06  3.63e+07  0.00e+00  3.55e+07 
1.664e+14 1.691e+14   63      0        0  6.47e+07  0.00e+00  0.00e+00  1.94e+42  1.60e-12  8.21e+11  1.87e+05  1.97e+05  5.89e-10  8.30e-10  0.00e+00  0.00e+00  5.39e-07 -3.44e+34 -1.00e+33 -1.86e+34  9.87e+04  3.26e+06  3.64e+07  0.00e+00  3.57e+07 
1.718e+14 1.746e+14   64      0        0  5.85e+07  0.00e+00  0.00e+00  2.14e+42  1.54e-12  7.87e+11  1.86e+05  1.97e+05  6.31e-10  9.12e-10  0.00e+00  0.00e+00  5.57e-07 -4.04e+34 -2.74e+33 -2.62e+34  9.71e+04  3.17e+06  3.65e+07  0.00e+00  3.57e+07 
1.774e+14 1.803e+14   65      0        0  5.09e+07  0.00e+00  0.00e+00  2.35e+42  1.48e-12  7.60e+11  1.85e+05  1.97e+05  5.66e-10  7.36e-10  0.00e+00  0.00e+00  5.79e-07 -3.33e+34  2.99e+33 -2.41e+34  9.45e+04  2.99e+06  3.65e+07  0.00e+00  3.57e+07 
1.832e+14 1.862e+14   66      0        0  4.50e+07  0.00e+00  0.00e+00  2.59e+42  1.43e-12  7.31e+11  1.85e+05  1.97e+05  5.49e-10  8.75e-10  0.00e+00  0.00e+00  5.97e-07 -3.97e+34 -1.78e+33 -2.56e+34  9.23e+04  2.90e+06  3.65e+07  0.00e+00  3.57e+07 
1.891e+14 1.922e+14   67      0        0  3.95e+07  0.00e+00  0.00e+00  2.85e+42  1.38e-12  7.06e+11  1.84e+05  1.96e+05  6.35e-10  9.03e-10  0.00e+00  0.00e+00  6.23e-07 -3.82e+34  8.46e+32 -2.32e+34  8.98e+04  2.87e+06  3.64e+07  0.00e+00  3.56e+07 
1.953e+14 1.984e+14   68      0        0  3.53e+07  0.00e+00  0.00e+00  3.14e+42  1.33e-12  6.82e+11  1.83e+05  1.96e+05  4.43e-10  8.47e-10  0.00e+00  0.00e+00  6.63e-07 -3.51e+34  8.55e+32 -2.47e+34  8.72e+04  2.79e+06  3.63e+07  0.00e+00  3.55e+07 
2.016e+14 2.049e+14   69      0        0  2.98e+07  0.00e+00  0.00e+00  3.45e+42  1.29e-12  6.62e+11  1.82e+05  1.95e+05  4.57e-10  8.47e-10  0.00e+00  0.00e+00  7.06e-07 -3.55e+34 -1.99e+33 -2.86e+34  8.41e+04  2.60e+06  3.61e+07  0.00e+00  3.53e+07 
2.082e+14 2.115e+14   70      0        0  2.52e+07  0.00e+00  0.00e+00  3.80e+42  1.26e-12  6.43e+11  1.80e+05  1.94e+05  4.91e-10  8.85e-10  0.00e+00  0.00e+00  7.64e-07 -3.89e+34 -2.67e+32 -2.32e+34  8.07e+04  2.49e+06  3.58e+07  0.00e+00  3.50e+07 
2.149e+14 2.184e+14   71      0        0  2.13e+07  0.00e+00  0.00e+00  4.18e+42  1.22e-12  6.24e+11  1.79e+05  1.94e+05  4.64e-10  8.36e-10  0.00e+00  0.00e+00  8.22e-07 -4.78e+34 -2.52e+33 -2.62e+34  7.74e+04  2.63e+06  3.55e+07  0.00e+00  3.47e+07 
2.219e+14 2.255e+14   72      0        0  1.91e+07  0.00e+00  0.00e+00  4.60e+42  1.18e-12  6.05e+11  1.78e+05  1.93e+05  5.06e-10  8.87e-10  0.00e+00  0.00e+00  8.83e-07 -4.70e+34  7.54e+32 -2.73e+34  7.44e+04  2.51e+06  3.52e+07  0.00e+00  3.43e+07 
2.291e+14 2.328e+14   73      0        0  1.58e+07  0.00e+00  0.00e+00  5.07e+42  1.15e-12  5.87e+11  1.76e+05  1.92e+05  4.82e-10  9.12e-10  0.00e+00  0.00e+00  9.50e-07 -4.08e+34 -4.62e+33 -2.24e+34  7.13e+04  2.19e+06  3.47e+07  0.00e+00  3.38e+07 
2.365e+14 2.404e+14   74      0        0  1.23e+07  0.00e+00  0.00e+00  5.58e+42  1.11e-12  5.69e+11  1.75e+05  1.91e+05  3.73e-10  9.05e-10  0.00e+00  0.00e+00  1.03e-06 -3.45e+34  5.90e+32 -2.69e+34  6.81e+04  2.09e+06  3.42e+07  0.00e+00  3.33e+07 
2.442e+14 2.482e+14   75      0        0  9.93e+06  0.00e+00  0.00e+00  6.14e+42  1.08e-12  5.52e+11  1.73e+05  1.90e+05  4.40e-10  9.59e-10  0.00e+00  0.00e+00  1.13e-06 -3.86e+34 -1.21e+31 -2.46e+34  6.49e+04  1.96e+06  3.36e+07  0.00e+00  3.27e+07 
2.521e+14 2.562e+14   76      0        0  8.41e+06  0.00e+00  0.00e+00  6.76e+42  1.05e-12  5.37e+11  1.71e+05  1.89e+05  3.97e-10  9.56e-10  0.00e+00  0.00e+00  1.25e-06 -4.19e+34 -2.42e+32 -2.82e+34  6.15e+04  1.85e+06  3.30e+07  0.00e+00  3.21e+07 
2.603e+14 2.646e+14   77      0        0  7.32e+06  0.00e+00  0.00e+00  7.43e+42  1.02e-12  5.23e+11  1.69e+05  1.88e+05  4.48e-10  1.02e-09  0.00e+00  0.00e+00  1.40e-06 -4.38e+34  7.28e+32 -2.89e+34  5.80e+04  1.79e+06  3.23e+07  0.00e+00  3.13e+07 
2.688e+14 2.731e+14   78      0        0  5.44e+06  0.00e+00  0.00e+00  8.18e+42  9.91e-13  5.07e+11  1.67e+05  1.86e+05  4.93e-10  1.06e-09  0.00e+00  0.00e+00  1.56e-06 -3.87e+34  1.75e+33 -2.53e+34  5.48e+04  1.68e+06  3.15e+07  0.00e+00  3.05e+07 
2.775e+14 2.820e+14   79      0        0  4.86e+06  0.00e+00  0.00e+00  9.01e+42  9.61e-13  4.92e+11  1.64e+05  1.85e+05  4.50e-10  1.14e-09  0.00e+00  0.00e+00  1.75e-06 -4.19e+34  2.25e+33 -2.70e+34  5.16e+04  1.60e+06  3.07e+07  0.00e+00  2.97e+07 
2.865e+14 2.912e+14   80      0        0  4.51e+06  0.00e+00  0.00e+00  9.91e+42  9.40e-13  4.81e+11  1.61e+05  1.83e+05  4.68e-10  1.31e-09  0.00e+00  0.00e+00  2.01e-06 -4.82e+34  7.42e+31 -3.15e+34  4.81e+04  1.49e+06  2.97e+07  0.00e+00  2.87e+07 
2.958e+14 3.006e+14   81      0        0  4.74e+06  0.00e+00  0.00e+00  1.09e+43  9.20e-13  4.71e+11  1.59e+05  1.81e+05  4.25e-10  1.25e-09  0.00e+00  0.00e+00  2.39e-06 -4.72e+34 -1.17e+33 -3.02e+34  4.46e+04  1.33e+06  2.87e+07  0.00e+00  2.77e+07 
3.054e+14 3.104e+14   82      0        0  4.56e+06  0.00e+00  0.00e+00  1.20e+43  9.03e-13  4.63e+11  1.55e+05  1.79e+05  5.06e-10  1.42e-09  0.00e+00  0.00e+00  2.89e-06 -4.77e+34  3.78e+32 -3.18e+34  4.10e+04  1.20e+06  2.76e+07  0.00e+00  2.66e+07 
3.153e+14 3.205e+14   83      0        0  4.75e+06  0.00e+00  0.00e+00  1.32e+43  8.77e-13  4.49e+11  1.51e+05  1.77e+05  5.68e-10  1.50e-09  0.00e+00  0.00e+00  3.49e-06 -4.62e+34  3.18e+32 -3.02e+34  3.78e+04  1.10e+06  2.64e+07  0.00e+00  2.53e+07 
3.256e+14 3.309e+14   84      0        0  6.50e+06  0.00e+00  0.00e+00  1.45e+43  8.58e-13  4.40e+11  1.47e+05  1.74e+05  5.61e-10  1.49e-09  0.00e+00  0.00e+00  4.35e-06 -4.19e+34  1.18e+33 -2.78e+34  3.45e+04  9.87e+05  2.51e+07  0.00e+00  2.40e+07 
3.362e+14 3.416e+14   85      0        0  1.05e+07  0.00e+00  0.00e+00  1.60e+43  8.56e-13  4.38e+11  1.43e+05  1.71e+05  5.79e-10  1.85e-09  0.00e+00  0.00e+00  5.61e-06 -4.99e+34  5.57e+32 -3.13e+34  3.06e+04  8.54e+05  2.37e+07  0.00e+00  2.26e+07 
3.471e+14 3.527e+14   86      0        0  2.19e+07  0.00e+00  0.00e+00  1.76e+43  8.56e-13  4.38e+11  1.37e+05  1.67e+05  7.24e-10  2.18e-09  0.00e+00  0.00e+00  7.52e-06 -4.29e+34 -5.48e+32 -2.76e+34  2.68e+04  7.30e+05  2.22e+07  0.00e+00  2.11e+07 
3.583e+14 3.642e+14   87      0        0  4.23e+07  0.00e+00  0.00e+00  1.94e+43  8.37e-13  4.28e+11  1.31e+05  1.63e+05  8.24e-10  2.58e-09  0.00e+00  0.00e+00  1.03e-05 -3.98e+34  2.26e+33 -2.66e+34  2.39e+04  6.42e+05  2.06e+07  0.00e+00  1.95e+07 
3.700e+14 3.760e+14   88      0        0  7.23e+07  0.00e+00  0.00e+00  2.13e+43  8.11e-13  4.15e+11  1.25e+05  1.59e+05  8.85e-10  2.98e-09  0.00e+00  0.00e+00  1.41e-05 -3.88e+34 -1.21e+33 -2.52e+34  2.14e+04  5.65e+05  1.92e+07  0.00e+00  1.80e+07 
3.820e+14 3.882e+14   89      0        0  1.15e+08  0.00e+00  0.00e+00  2.35e+43  7.99e-13  4.09e+11  1.19e+05  1.55e+05  9.27e-10  3.63e-09  0.00e+00  0.00e+00  2.07e-05 -3.42e+34 -2.10e+33 -2.24e+34  1.89e+04  5.12e+05  1.78e+07  0.00e+00  1.67e+07 
3.944e+14 4.008e+14   90      0        0  1.77e+08  0.00e+00  0.00e+00  2.59e+43  7.95e-13  4.07e+11  1.12e+05  1.50e+05  9.19e-10  4.39e-09  0.00e+00  0.00e+00  3.16e-05 -3.30e+34  5.60e+32 -2.07e+34  1.66e+04  4.40e+05  1.66e+07  0.00e+00  1.54e+07 
4.072e+14 4.138e+14   91      0        0  2.22e+08  0.00e+00  0.00e+00  2.85e+43  7.83e-13  4.01e+11  1.07e+05  1.46e+05  1.08e-09  5.25e-09  0.00e+00  0.00e+00  4.89e-05 -3.46e+34  3.37e+31 -2.37e+34  1.47e+04  3.81e+05  1.54e+07  0.00e+00  1.42e+07 
4.204e+14 4.272e+14   92      0        0  2.48e+08  0.00e+00  0.00e+00  3.13e+43  7.65e-13  3.92e+11  1.01e+05  1.41e+05  1.08e-09  6.59e-09  0.00e+00  0.00e+00  7.77e-05 -3.33e+34  8.47e+32 -2.16e+34  1.30e+04  3.23e+05  1.42e+07  0.00e+00  1.30e+07 
4.341e+14 4.411e+14   93      0        0  2.88e+08  0.00e+00  0.00e+00  3.45e+43  7.51e-13  3.85e+11  9.52e+04  1.36e+05  1.27e-09  8.51e-09  0.00e+00  0.00e+00  1.35e-04 -2.87e+34 -1.56e+33 -1.51e+34  1.13e+04  2.75e+05  1.30e+07  0.00e+00  1.19e+07 
4.482e+14 4.554e+14   94      0        0  3.67e+08  0.00e+00  0.00e+00  3.79e+43  7.39e-13  3.79e+11  8.80e+04  1.31e+05  1.49e-09  1.10e-08  0.00e+00  0.00e+00  2.58e-04 -2.42e+34  1.33e+33 -1.77e+34  9.86e+03  2.33e+05  1.19e+07  0.00e+00  1.08e+07 
4.627e+14 4.702e+14   95      0        0  4.43e+08  0.00e+00  0.00e+00  4.18e+43  7.19e-13  3.68e+11  8.24e+04  1.27e+05  1.68e-09  1.40e-08  0.00e+00  0.00e+00  4.85e-04 -2.08e+34  1.87e+33 -1.34e+34  8.68e+03  1.96e+05  1.09e+07  0.00e+00  9.73e+06 
4.777e+14 4.855e+14   96      0        0  4.74e+08  0.00e+00  0.00e+00  4.60e+43  6.91e-13  3.54e+11  7.39e+04  1.22e+05  1.86e-09  1.88e-08  0.00e+00  0.00e+00  1.27e-03 -2.24e+34 -5.09e+31 -1.45e+34  7.59e+03  1.67e+05  9.78e+06  0.00e+00  8.65e+06 
4.932e+14 5.012e+14   97      0        0  4.99e+08  0.00e+00  0.00e+00  5.06e+43  6.52e-13  3.34e+11  5.81e+04  1.17e+05  2.41e-09  3.04e-08  0.00e+00  0.00e+00  9.47e-03 -2.42e+34 -1.64e+32 -1.67e+34  6.53e+03  1.41e+05  8.54e+06  0.00e+00  7.45e+06 
5.093e+14 5.175e+14   98      0        0  5.74e+08  0.00e+00  0.00e+00  5.57e+43  5.76e-13  2.95e+11  5.20e+04  1.13e+05  2.89e-09  4.20e-08  0.00e+00  0.00e+00  5.28e-02 -1.83e+34  1.31e+32 -1.17e+34  5.85e+03  1.24e+05  7.25e+06  0.00e+00  6.25e+06 
5.258e+14 5.343e+14   99      0        0  6.61e+08  0.00e+00  0.00e+00  6.13e+43  4.86e-13  2.49e+11  5.21e+04  1.10e+05  2.49e-09  5.10e-08  0.00e+00  0.00e+00  7.13e-02 -1.87e+34 -5.68e+32 -1.15e+34  5.36e+03  1.10e+05  6.00e+06  0.00e+00  5.12e+06 
5.429e+14 5.517e+14  100      0        0  6.87e+08  0.00e+00  0.00e+00  6.74e+43  3.67e-13  1.88e+11  4.83e+04  1.07e+05  2.28e-09  6.34e-08  0.00e+00  0.00e+00  1.02e-01 -1.61e+34 -1.68e+32 -9.73e+33  5.33e+03  1.07e+05  4.82e+06  0.00e+00  4.08e+06 
5.605e+14 5.696e+14  101      0        0  6.85e+08  0.00e+00  0.00e+00  7.42e+43  2.72e-13  1.39e+11  4.19e+04  1.05e+05  2.47e-09  8.02e-08  0.00e+00  0.00e+00  2.42e-01 -1.33e+34 -4.48e+31 -8.49e+33  5.23e+03  1.05e+05  3.79e+06  0.00e+00  3.18e+06 
5.787e+14 5.881e+14  102      0        0  7.46e+08  0.00e+00  0.00e+00  8.17e+43  1.92e-13  9.81e+10  3.69e+04  1.04e+05  2.34e-09  9.55e-08  0.00e+00  0.00e+00  5.07e-01 -1.01e+34 -2.25e+32 -6.61e+33  5.38e+03  1.04e+05  2.94e+06  0.00e+00  2.45e+06 
5.975e+14 6.072e+14  103      0        0  8.47e+08  0.00e+00  0.00e+00  8.99e+43  1.33e-13  6.78e+10  3.45e+04  1.03e+05  2.01e-09  1.02e-07  0.00e+00  0.00e+00  1.00e+00 -7.43e+33 -6.64e+31 -4.80e+33  5.65e+03  1.11e+05  2.30e+06  0.00e+00  1.91e+06 
6.169e+14 6.269e+14  104      0        0  9.00e+08  0.00e+00  0.00e+00  9.90e+43  8.98e-14  4.60e+10  3.30e+04  1.02e+05  1.47e-09  1.02e-07  0.00e+00  0.00e+00  1.00e+00 -5.04e+33  2.90e+31 -3.26e+33  6.15e+03  1.21e+05  1.83e+06  0.00e+00  1.52e+06 
6.369e+14 6.472e+14  105      0        1  9.13e+08  0.00e+00  0.00e+00  1.09e+44  6.20e-14  3.17e+10  3.07e+04  1.02e+05  1.33e-09  9.90e-08  0.00e+00  0.00e+00  1.00e+00 -3.58e+33  1.81e+32 -2.35e+33  6.70e+03  1.22e+05  1.50e+06  0.00e+00  1.24e+06 
6.576e+14 6.683e+14  106      0        1  9.59e+08  0.00e+00  0.00e+00  1.20e+44  4.18e-14  2.14e+10  3.09e+04  1.02e+05  1.05e-09  8.73e-08  0.00e+00  0.00e+00  1.00e+00 -2.56e+33 -8.19e+31 -1.65e+33  7.62e+03  1.37e+05  1.26e+06  0.00e+00  1.04e+06 
6.789e+14 6.900e+14  107      0        1  1.05e+09  0.00e+00  0.00e+00  1.32e+44  2.80e-14  1.44e+10  3.17e+04  1.02e+05  8.07e-10  7.28e-08  0.00e+00  0.00e+00  1.00e+00 -1.76e+33  6.08e+31 -1.30e+33  8.96e+03  1.70e+05  1.09e+06  0.00e+00  8.98e+05 
7.010e+14 7.124e+14  108      0        1  1.13e+09  0.00e+00  0.00e+00  1.45e+44  1.91e-14  9.80e+09  3.48e+04  1.02e+05  5.88e-10  5.66e-08  0.00e+00  0.00e+00  1.00e+00 -1.27e+33 -2.35e+32 -9.01e+32  1.06e+04  2.12e+05  9.75e+05  0.00e+00  8.04e+05 
7.237e+14 7.355e+14  109      0        0  1.19e+09  0.00e+00  0.00e+00  1.60e+44  1.34e-14  6.85e+09  3.40e+04  1.02e+05  4.78e-10  4.74e-08  0.00e+00  0.00e+00  2.09e-16 -9.60e+32  4.81e+31 -8.90e+32  1.27e+04  2.48e+05  8.96e+05  0.00e+00  7.39e+05 
7.472e+14 7.594e+14  110      0        0  1.27e+09  0.00e+00  0.00e+00  1.76e+44  9.56e-15  4.89e+09  3.39e+04  1.02e+05  3.91e-10  3.93e-08  0.00e+00  0.00e+00  1.93e-16 -8.86e+32 -3.54e+31 -4.68e+32  1.50e+04  2.90e+05  8.42e+05  0.00e+00  6.94e+05 
7.715e+14 7.840e+14  111      0        0  1.36e+09  0.00e+00  0.00e+00  1.94e+44  6.86e-15  3.51e+09  3.37e+04  1.02e+05  3.15e-10  3.23e-08  0.00e+00  0.00e+00  1.58e-16 -5.07e+32 -6.24e+31 -4.13e+32  1.80e+04  3.35e+05  8.04e+05  0.00e+00  6.62e+05 
7.965e+14 8.095e+14  112      0        0  1.42e+09  0.00e+00  0.00e+00  2.13e+44  4.97e-15  2.54e+09  3.39e+04  1.02e+05  2.51e-10  2.60e-08  0.00e+00  0.00e+00  1.83e-16 -4.40e+32  4.12e+31 -2.67e+32  2.17e+04  3.97e+05  7.78e+05  0.00e+00  6.40e+05 
8.224e+14 8.358e+14  113      0        0  1.48e+09  0.00e+00  0.00e+00  2.35e+44  3.64e-15  1.86e+09  3.45e+04  1.03e+05  2.02e-10  2.06e-08  0.00e+00  0.00e+00  3.61e-16 -2.28e+32 -3.23e+31 -1.68e+32  2.63e+04  5.27e+05  7.60e+05  0.00e+00  6.25e+05 
8.491e+14 8.629e+14  114      0        0  1.57e+09  0.00e+00  0.00e+00  2.58e+44  2.70e-15  1.38e+09  3.41e+04  1.03e+05  1.66e-10  1.65e-08  0.00e+00  0.00e+00  2.32e-16 -2.65e+32 -5.21e+31 -1.44e+32  3.18e+04  6.50e+05  7.47e+05  0.00e+00  6.15e+05 
8.767e+14 8.909e+14  115      0        0  1.65e+09  0.00e+00  0.00e+00  2.84e+44  2.03e-15  1.04e+09  3.40e+04  1.04e+05  1.37e-10  1.33e-08  0.00e+00  0.00e+00  2.03e-16 -1.47e+32  3.16e+31 -8.56e+31  3.81e+04  7.50e+05  7.39e+05  0.00e+00  6.08e+05 
9.051e+14 9.198e+14  116      0        0  1.72e+09  0.00e+00  0.00e+00  3.13e+44  1.56e-15  7.95e+08  3.48e+04  1.04e+05  1.08e-10  1.04e-08  0.00e+00  0.00e+00  5.11e-16 -2.53e+32  5.80e+31 -1.18e+32  4.59e+04  9.07e+05  7.33e+05  0.00e+00  6.03e+05 
9.345e+14 9.497e+14  117      0        1  1.78e+09  0.00e+00  0.00e+00  3.45e+44  1.18e-15  6.04e+08  3.34e+04  1.01e+05  9.18e-11  9.25e-09  0.00e+00  0.00e+00  1.02e-16 -4.34e+32 -1.06e+32 -2.65e+32  5.47e+04  1.07e+06  7.21e+05  0.00e+00  5.93e+05 
9.649e+14 9.805e+14  118      0        2  1.84e+09  0.00e+00  0.00e+00  3.79e+44  9.22e-16  4.72e+08  3.83e+04  9.92e+04  7.16e-11  7.85e-09  0.00e+00  0.00e+00  1.66e-14 -2.19e+32  7.57e+30 -1.42e+32  6.25e+04  1.21e+06  7.10e+05  0.00e+00  5.81e+05 
9.962e+14 1.012e+15  119      0        0  1.91e+09  0.00e+00  0.00e+00  4.17e+44  7.32e-16  3.74e+08  3.15e+04  9.84e+04  7.20e-11  8.13e-09  0.00e+00  0.00e+00  1.00e-20 -1.16e+32  1.32e+31 -9.05e+31  7.17e+04  1.32e+06  7.04e+05  0.00e+00  5.75e+05 
1.029e+15 1.045e+15  120      0        0  1.97e+09  0.00e+00  0.00e+00  4.60e+44  6.16e-16  3.15e+08  3.17e+04  9.74e+04  6.62e-11  8.04e-09  0.00e+00  0.00e+00  1.00e-20 -5.33e+31  4.12e+31 -8.32e+31  7.76e+04  1.42e+06  6.98e+05  0.00e+00  5.69e+05 
1.062e+15 1.079e+15  121      0        2  2.07e+09  0.00e+00  0.00e+00  5.06e+44  5.29e-16  2.71e+08  3.87e+04  9.62e+04  5.33e-11  7.29e-09  0.00e+00  0.00e+00  2.29e-14 -1.44e+32 -7.94e+30 -6.37e+31  8.18e+04  1.59e+06  6.91e+05  0.00e+00  5.62e+05 
1.096e+15 1.114e+15  122      0        0  2.14e+09  0.00e+00  0.00e+00  5.57e+44  4.61e-16  2.36e+08  3.56e+04  9.46e+04  5.34e-11  8.33e-09  0.00e+00  0.00e+00  1.23e-15 -7.34e+31 -8.78e+30 -8.29e+31  8.51e+04  1.68e+06  6.87e+05  0.00e+00  5.57e+05 
1.132e+15 1.150e+15  123      0        0  2.15e+09  0.00e+00  0.00e+00  6.13e+44  4.07e-16  2.08e+08  3.51e+04  9.40e+04  5.12e-11  8.52e-09  0.00e+00  0.00e+00  7.30e-16 -1.96e+31  9.13e+29 -2.81e+31  8.84e+04  1.64e+06  6.85e+05  0.00e+00  5.56e+05 
1.169e+15 1.188e+15  124      0        0  2.13e+09  0.00e+00  0.00e+00  6.74e+44  3.72e-16  1.90e+08  3.52e+04  9.37e+04  5.01e-11  8.56e-09  0.00e+00  0.00e+00  8.12e-16 -2.54e+31 -7.68e+30 -1.43e+31  8.96e+04  1.66e+06  6.85e+05  0.00e+00  5.56e+05 
1.207e+15 1.226e+15  125      0        0  2.13e+09  0.00e+00  0.00e+00  7.42e+44  3.55e-16  1.82e+08  3.54e+04  9.35e+04  5.13e-11  8.91e-09  0.00e+00  0.00e+00  9.66e-16 -3.91e+31  1.57e+31 -9.73e+30  8.70e+04  1.55e+06  6.85e+05  0.00e+00  5.56e+05 
1.246e+15 1.266e+15  126      0        0  2.14e+09  0.00e+00  0.00e+00  8.17e+44  3.42e-16  1.75e+08  3.47e+04  9.34e+04  5.34e-11  9.47e-09  0.00e+00  0.00e+00  4.65e-16 -4.46e+31  2.61e+30 -2.40e+31  8.41e+04  1.50e+06  6.85e+05  0.00e+00  5.56e+05 
1.286e+15 1.307e+15  127      0        0  2.11e+09  0.00e+00  0.00e+00  8.99e+44  3.35e-16  1.71e+08  3.46e+04  9.35e+04  5.66e-11  9.93e-09  0.00e+00  0.00e+00  4.12e-16 -5.26e+31 -8.52e+30 -2.62e+31  8.00e+04  1.46e+06  6.85e+05  0.00e+00  5.56e+05 
1.328e+15 1.350e+15  128      0        0  2.03e+09  0.00e+00  0.00e+00  9.89e+44  3.25e-16  1.66e+08  3.45e+04  9.35e+04  5.89e-11  1.03e-08  0.00e+00  0.00e+00  3.60e-16 -3.99e+31 -1.60e+31 -1.73e+31  7.69e+04  1.42e+06  6.85e+05  0.00e+00  5.56e+05 
1.371e+15 1.393e+15  129      0        0  1.95e+09  0.00e+00  0.00e+00  1.09e+45  3.18e-16  1.63e+08  3.42e+04  9.36e+04  6.14e-11  1.09e-08  0.00e+00  0.00e+00  2.81e-16 -4.45e+31 -5.67e+30 -4.42e+31  7.36e+04  1.36e+06  6.85e+05  0.00e+00  5.56e+05 
1.416e+15 1.439e+15  130      0        0  1.92e+09  0.00e+00  0.00e+00  1.20e+45  3.10e-16  1.58e+08  3.43e+04  9.38e+04  6.39e-11  1.12e-08  0.00e+00  0.00e+00  3.02e-16 -5.01e+31 -2.40e+30 -2.38e+31  7.07e+04  1.30e+06  6.85e+05  0.00e+00  5.56e+05 
1.462e+15 1.485e+15  131      0        0  1.84e+09  0.00e+00  0.00e+00  1.32e+45  3.05e-16  1.56e+08  3.43e+04  9.41e+04  6.76e-11  1.16e-08  0.00e+00  0.00e+00  3.12e-16 -4.42e+31 -8.95e+30 -3.48e+31  6.71e+04  1.25e+06  6.84e+05  0.00e+00  5.56e+05 
1.509e+15 1.534e+15  132      0        0  1.72e+09  0.00e+00  0.00e+00  1.45e+45  2.97e-16  1.52e+08  3.41e+04  9.42e+04  7.09e-11  1.21e-08  0.00e+00  0.00e+00  2.37e-16 -9.70e+31  6.61e+30 -9.33e+31  6.43e+04  1.20e+06  6.83e+05  0.00e+00  5.56e+05 
1.558e+15 1.583e+15  133      0        0  1.60e+09  0.00e+00  0.00e+00  1.60e+45  2.87e-16  1.47e+08  3.40e+04  9.45e+04  7.37e-11  1.24e-08  0.00e+00  0.00e+00  2.05e-16 -5.70e+31  1.85e+30 -2.54e+31  6.22e+04  1.16e+06  6.82e+05  0.00e+00  5.55e+05 
1.609e+15 1.635e+15  134      0        0  1.50e+09  0.00e+00  0.00e+00  1.76e+45  2.81e-16  1.44e+08  3.39e+04  9.48e+04  7.70e-11  1.28e-08  0.00e+00  0.00e+00  1.92e-16 -4.33e+31 -1.68e+30 -3.03e+31  5.96e+04  1.12e+06  6.81e+05  0.00e+00  5.55e+05 
1.661e+15 1.688e+15  135      0        0  1.38e+09  0.00e+00  0.00e+00  1.93e+45  2.64e-16  1.35e+08  3.39e+04  9.52e+04  7.73e-11  1.25e-08  0.00e+00  0.00e+00  1.94e-16 -6.61e+31  3.02e+30 -4.92e+31  5.93e+04  1.08e+06  6.79e+05  0.00e+00  5.55e+05 
1.715e+15 1.743e+15  136      0        0  1.27e+09  0.00e+00  0.00e+00  2.13e+45  2.47e-16  1.26e+08  3.40e+04  9.53e+04  7.70e-11  1.24e-08  0.00e+00  0.00e+00  2.22e-16 -3.05e+31  1.04e+31 -4.41e+31  5.95e+04  1.08e+06  6.78e+05  0.00e+00  5.54e+05 
1.771e+15 1.799e+15  137      0        0  1.11e+09  0.00e+00  0.00e+00  2.34e+45  2.26e-16  1.16e+08  3.41e+04  9.57e+04  7.52e-11  1.18e-08  0.00e+00  0.00e+00  2.40e-16 -5.36e+31  6.25e+30 -5.31e+31  6.09e+04  1.13e+06  6.76e+05  0.00e+00  5.53e+05 
1.828e+15 1.858e+15  138      0        0  9.75e+08  0.00e+00  0.00e+00  2.58e+45  2.06e-16  1.05e+08  3.43e+04  9.61e+04  7.30e-11  1.13e-08  0.00e+00  0.00e+00  3.01e-16 -7.59e+31 -2.04e+31 -3.17e+31  6.25e+04  1.16e+06  6.74e+05  0.00e+00  5.52e+05 
1.887e+15 1.918e+15  139      0        0  8.28e+08  0.00e+00  0.00e+00  2.83e+45  1.86e-16  9.50e+07  3.45e+04  9.64e+04  7.02e-11  1.07e-08  0.00e+00  0.00e+00  3.66e-16 -4.79e+31 -1.21e+31 -5.21e+31  6.49e+04  1.26e+06  6.72e+05  0.00e+00  5.51e+05 
1.949e+15 1.980e+15  140      0        0  6.82e+08  0.00e+00  0.00e+00  3.12e+45  1.68e-16  8.61e+07  3.47e+04  9.68e+04  6.84e-11  1.03e-08  0.00e+00  0.00e+00  4.47e-16 -6.89e+31 -7.35e+28 -3.11e+31  6.68e+04  1.31e+06  6.69e+05  0.00e+00  5.49e+05 
2.012e+15 2.045e+15  141      0        0  5.30e+08  0.00e+00  0.00e+00  3.43e+45  1.53e-16  7.83e+07  3.47e+04  9.71e+04  6.65e-11  1.00e-08  0.00e+00  0.00e+00  4.89e-16 -5.51e+31  2.03e+30 -3.32e+31  6.87e+04  1.33e+06  6.67e+05  0.00e+00  5.48e+05 
2.077e+15 2.111e+15  142      0        0  4.23e+08  0.00e+00  0.00e+00  3.78e+45  1.37e-16  7.02e+07  3.49e+04  9.73e+04  6.41e-11  9.65e-09  0.00e+00  0.00e+00  5.67e-16 -5.58e+31  6.45e+30 -5.20e+31  7.14e+04  1.40e+06  6.64e+05  0.00e+00  5.46e+05 
2.145e+15 2.180e+15  143      0        0  3.26e+08  0.00e+00  0.00e+00  4.16e+45  1.27e-16  6.50e+07  3.48e+04  9.76e+04  6.38e-11  9.58e-09  0.00e+00  0.00e+00  5.31e-16 -2.82e+31 -1.46e+30 -2.15e+31  7.19e+04  1.45e+06  6.63e+05  0.00e+00  5.45e+05 
2.214e+15 2.250e+15  144      0        0  2.80e+08  0.00e+00  0.00e+00  4.58e+45  1.18e-16  6.03e+07  3.48e+04  9.77e+04  6.34e-11  9.49e-09  0.00e+00  0.00e+00  5.17e-16 -4.87e+31 -2.45e+30 -7.95e+30  7.23e+04  1.46e+06  6.61e+05  0.00e+00  5.44e+05 
2.286e+15 2.323e+15  145      0        0  2.54e+08  0.00e+00  0.00e+00  5.04e+45  1.10e-16  5.60e+07  3.49e+04  9.78e+04  6.29e-11  9.37e-09  0.00e+00  0.00e+00  5.84e-16 -3.64e+31 -2.62e+30 -2.19e+31  7.27e+04  1.34e+06  6.60e+05  0.00e+00  5.43e+05 
2.361e+15 2.399e+15  146      0        0  2.13e+08  0.00e+00  0.00e+00  5.54e+45  1.03e-16  5.25e+07  3.49e+04  9.79e+04  6.29e-11  9.41e-09  0.00e+00  0.00e+00  5.96e-16 -2.16e+31  1.31e+30 -2.23e+31  7.25e+04  1.39e+06  6.59e+05  0.00e+00  5.42e+05 
2.437e+15 2.477e+15  147      0        0  1.80e+08  0.00e+00  0.00e+00  6.10e+45  9.44e-17  4.83e+07  3.50e+04  9.80e+04  6.22e-11  9.22e-09  0.00e+00  0.00e+00  6.72e-16 -6.30e+31  2.81e+30 -3.64e+31  7.36e+04  1.45e+06  6.57e+05  0.00e+00  5.41e+05 
2.516e+15 2.557e+15  148      0        0  1.23e+08  0.00e+00  0.00e+00  6.71e+45  8.82e-17  4.51e+07  3.50e+04  9.82e+04  6.26e-11  9.25e-09  0.00e+00  0.00e+00  6.12e-16 -1.93e+31 -1.15e+30 -1.71e+31  7.34e+04  1.39e+06  6.56e+05  0.00e+00  5.40e+05 
2.598e+15 2.640e+15  149      0        0  1.06e+08  0.00e+00  0.00e+00  7.39e+45  8.39e-17  4.29e+07  3.50e+04  9.82e+04  6.34e-11  9.39e-09  0.00e+00  0.00e+00  6.30e-16 -4.62e+31  1.27e+31 -3.44e+31  7.21e+04  1.41e+06  6.55e+05  0.00e+00  5.39e+05 
2.682e+15 2.726e+15  150      0        0  1.12e+08  0.00e+00  0.00e+00  8.13e+45  7.88e-17  4.03e+07  3.51e+04  9.82e+04  6.41e-11  9.44e-09  0.00e+00  0.00e+00  7.21e-16 -1.23e+31  9.69e+29 -2.10e+31  7.16e+04  1.35e+06  6.54e+05  0.00e+00  5.39e+05 
2.769e+15 2.814e+15  151      0        0  9.41e+07  0.00e+00  0.00e+00  8.95e+45  7.54e-17  3.85e+07  3.47e+04  9.82e+04  6.59e-11  9.77e-09  0.00e+00  0.00e+00  4.51e-16 -4.29e+31  5.46e+30 -2.23e+31  6.97e+04  1.32e+06  6.52e+05  0.00e+00  5.37e+05 
2.859e+15 2.906e+15  152      0        0  9.61e+07  0.00e+00  0.00e+00  9.85e+45  7.38e-17  3.77e+07  3.45e+04  9.82e+04  7.05e-11  1.03e-08  0.00e+00  0.00e+00  3.62e-16 -1.28e+31 -1.02e+31 -1.62e+31  6.64e+04  1.27e+06  6.51e+05  0.00e+00  5.36e+05 
2.952e+15 3.000e+15  153     -1        0  1.20e+08  0.00e+00  0.00e+00  0.00e+00  0.00e+00  0.00e+00  0.00e+00  0.00e+00  0.00e+00  0.00e+00  0.00e+00  0.00e+00  0.00e+00  0.00e+00  0.00e+00  0.00e+00  0.00e+00  0.00e+00  0.00e+00  0.00e+00  0.00e+00 
3.048e+15 3.063e+15  154     -1        0  1.20e+08  0.00e+00  0.00e+00  0.00e+00  0.00e+00  0.00e+00  0.00e+00  0.00e+00  0.00e+00  0.00e+00  0.00e+00  0.00e+00  0.00e+00  0.00e+00  0.00e+00  0.00e+00  0.00e+00  0.00e+00  0.00e+00  0.00e+00  0.00e+00 
