       r    i inwind      i01      i02      i03      i04      i05      i06      i07      i08      i09 
2.22e+13    0     -1 0.00e+00 0.00e+00 0.00e+00 0.00e+00 0.00e+00 0.00e+00 0.00e+00 0.00e+00 0.00e+00 
2.30e+13    1      0 5.68e-11 5.68e-11 5.68e-11 5.68e-11 6.21e-05 4.40e+02 5.68e+09 1.29e-01 5.68e-11 
2.37e+13    2      0 5.55e-11 5.55e-11 5.55e-11 5.55e-11 4.93e-05 3.75e+02 5.55e+09 9.04e-02 5.55e-11 
2.45e+13    3      0 5.42e-11 5.42e-11 5.42e-11 5.42e-11 4.15e-05 3.33e+02 5.42e+09 6.29e-02 5.42e-11 
2.53e+13    4      0 5.31e-11 5.31e-11 5.31e-11 5.31e-11 3.62e-05 3.02e+02 5.31e+09 4.41e-02 5.31e-11 
2.61e+13    5      0 5.20e-11 5.20e-11 5.20e-11 5.20e-11 3.22e-05 2.78e+02 5.20e+09 3.17e-02 5.20e-11 
2.69e+13    6      0 5.10e-11 5.10e-11 5.10e-11 5.10e-11 2.94e-05 2.60e+02 5.10e+09 2.36e-02 5.10e-11 
2.78e+13    7      0 5.00e-11 5.00e-11 5.00e-11 5.00e-11 2.72e-05 2.46e+02 5.00e+09 1.75e-02 5.00e-11 
2.87e+13    8      0 4.90e-11 4.90e-11 4.90e-11 4.90e-11 2.55e-05 2.35e+02 4.90e+09 1.31e-02 4.90e-11 
2.96e+13    9      0 4.81e-11 4.81e-11 4.81e-11 4.81e-11 2.41e-05 2.25e+02 4.81e+09 1.00e-02 4.81e-11 
3.06e+13   10      0 4.72e-11 4.72e-11 4.72e-11 4.72e-11 2.29e-05 2.16e+02 4.72e+09 7.87e-03 4.72e-11 
3.16e+13   11      0 4.64e-11 4.64e-11 4.64e-11 4.64e-11 2.21e-05 2.10e+02 4.64e+09 6.12e-03 4.64e-11 
3.26e+13   12      0 4.59e-11 4.59e-11 4.59e-11 4.59e-11 2.18e-05 2.07e+02 4.59e+09 4.91e-03 4.59e-11 
3.37e+13   13      0 4.54e-11 4.54e-11 4.54e-11 4.54e-11 2.20e-05 2.07e+02 4.54e+09 3.92e-03 4.54e-11 
3.48e+13   14      0 4.51e-11 4.51e-11 4.51e-11 4.51e-11 2.26e-05 2.09e+02 4.51e+09 3.11e-03 4.51e-11 
3.59e+13   15      0 4.48e-11 4.48e-11 4.48e-11 4.48e-11 2.35e-05 2.12e+02 4.48e+09 2.52e-03 4.48e-11 
3.71e+13   16      0 4.47e-11 4.47e-11 4.47e-11 4.47e-11 2.47e-05 2.17e+02 4.47e+09 2.02e-03 4.47e-11 
3.83e+13   17      0 4.45e-11 4.45e-11 4.45e-11 4.45e-11 2.66e-05 2.24e+02 4.45e+09 1.57e-03 4.45e-11 
3.95e+13   18      0 4.43e-11 4.43e-11 4.43e-11 4.43e-11 2.87e-05 2.33e+02 4.43e+09 1.23e-03 4.43e-11 
4.08e+13   19      0 4.42e-11 4.42e-11 4.42e-11 4.42e-11 3.15e-05 2.44e+02 4.42e+09 9.42e-04 4.42e-11 
4.21e+13   20      0 4.40e-11 4.40e-11 4.40e-11 4.40e-11 3.50e-05 2.58e+02 4.40e+09 7.17e-04 4.40e-11 
4.35e+13   21      0 4.38e-11 4.38e-11 4.38e-11 4.38e-11 3.94e-05 2.73e+02 4.38e+09 5.25e-04 4.38e-11 
4.49e+13   22      0 4.34e-11 4.34e-11 4.34e-11 4.34e-11 4.48e-05 2.91e+02 4.34e+09 3.75e-04 4.34e-11 
4.64e+13   23      0 4.30e-11 4.30e-11 4.30e-11 4.30e-11 5.16e-05 3.12e+02 4.30e+09 2.58e-04 4.30e-11 
4.79e+13   24      0 4.24e-11 4.24e-11 4.24e-11 4.24e-11 6.08e-05 3.38e+02 4.24e+09 1.65e-04 4.24e-11 
4.94e+13   25      0 4.17e-11 4.17e-11 4.17e-11 4.17e-11 7.33e-05 3.70e+02 4.17e+09 1.03e-04 4.17e-11 
5.10e+13   26      0 4.10e-11 4.10e-11 4.10e-11 4.10e-11 9.00e-05 4.09e+02 4.10e+09 5.79e-05 4.10e-11 
5.27e+13   27      0 4.02e-11 4.02e-11 4.02e-11 4.02e-11 1.12e-04 4.55e+02 4.02e+09 3.22e-05 4.02e-11 
5.44e+13   28      0 3.93e-11 3.93e-11 3.93e-11 3.93e-11 1.41e-04 5.08e+02 3.93e+09 1.73e-05 3.93e-11 
5.62e+13   29      0 3.85e-11 3.85e-11 3.85e-11 3.85e-11 1.80e-04 5.73e+02 3.85e+09 8.91e-06 3.85e-11 
5.80e+13   30      0 3.75e-11 3.75e-11 3.75e-11 3.75e-11 2.32e-04 6.48e+02 3.75e+09 4.47e-06 3.75e-11 
5.99e+13   31      0 3.64e-11 3.64e-11 3.64e-11 3.64e-11 2.96e-04 7.28e+02 3.64e+09 2.13e-06 3.64e-11 
6.18e+13   32      0 3.52e-11 3.52e-11 3.52e-11 3.52e-11 3.74e-04 8.13e+02 3.52e+09 9.92e-07 3.52e-11 
6.38e+13   33      0 3.39e-11 3.39e-11 3.39e-11 3.89e-11 4.68e-04 9.01e+02 3.39e+09 4.68e-07 3.39e-11 
6.59e+13   34      0 3.24e-11 3.24e-11 3.24e-11 5.12e-11 5.71e-04 9.86e+02 3.24e+09 2.20e-07 3.24e-11 
6.80e+13   35      0 3.09e-11 3.09e-11 3.09e-11 6.69e-11 6.93e-04 1.07e+03 3.09e+09 1.04e-07 3.09e-11 
7.02e+13   36      0 2.94e-11 2.94e-11 2.94e-11 8.62e-11 8.32e-04 1.16e+03 2.94e+09 4.61e-08 2.94e-11 
7.25e+13   37      0 2.77e-11 2.77e-11 2.77e-11 1.07e-10 9.72e-04 1.24e+03 2.77e+09 2.19e-08 2.77e-11 
7.49e+13   38      0 2.60e-11 2.60e-11 2.60e-11 1.24e-10 1.08e-03 1.28e+03 2.60e+09 1.06e-08 2.60e-11 
7.73e+13   39      0 2.43e-11 2.43e-11 2.43e-11 1.41e-10 1.18e-03 1.31e+03 2.43e+09 5.49e-09 2.43e-11 
7.98e+13   40      0 2.28e-11 2.28e-11 2.28e-11 1.54e-10 1.26e-03 1.33e+03 2.28e+09 2.95e-09 2.28e-11 
8.24e+13   41      0 2.12e-11 2.12e-11 2.12e-11 1.62e-10 1.30e-03 1.31e+03 2.12e+09 1.57e-09 2.12e-11 
8.51e+13   42      0 1.97e-11 1.97e-11 1.97e-11 1.62e-10 1.30e-03 1.28e+03 1.97e+09 9.98e-10 1.97e-11 
8.78e+13   43      0 1.83e-11 1.83e-11 1.83e-11 1.58e-10 1.27e-03 1.24e+03 1.83e+09 6.53e-10 1.83e-11 
9.07e+13   44      0 1.71e-11 1.71e-11 1.71e-11 1.53e-10 1.23e-03 1.19e+03 1.71e+09 4.35e-10 1.71e-11 
9.36e+13   45      0 1.59e-11 1.59e-11 1.59e-11 1.40e-10 1.14e-03 1.11e+03 1.59e+09 3.20e-10 1.59e-11 
9.67e+13   46      0 1.48e-11 1.48e-11 1.48e-11 1.22e-10 1.02e-03 1.01e+03 1.48e+09 2.57e-10 1.48e-11 
9.98e+13   47      0 1.38e-11 1.38e-11 1.38e-11 1.04e-10 9.02e-04 9.22e+02 1.38e+09 2.10e-10 1.38e-11 
1.03e+14   48      0 1.30e-11 1.30e-11 1.30e-11 9.06e-11 8.09e-04 8.52e+02 1.30e+09 1.90e-10 1.30e-11 
1.06e+14   49      0 1.21e-11 1.21e-11 1.21e-11 7.61e-11 7.04e-04 7.70e+02 1.21e+09 1.73e-10 1.21e-11 
1.10e+14   50      0 1.14e-11 1.14e-11 1.14e-11 6.25e-11 6.01e-04 6.88e+02 1.14e+09 1.75e-10 1.14e-11 
1.13e+14   51      0 1.07e-11 1.07e-11 1.07e-11 5.18e-11 5.17e-04 6.18e+02 1.07e+09 1.66e-10 1.07e-11 
1.17e+14   52      0 1.00e-11 1.00e-11 1.00e-11 4.38e-11 4.50e-04 5.60e+02 1.00e+09 1.62e-10 1.00e-11 
1.21e+14   53      0 9.49e-12 9.49e-12 9.49e-12 3.73e-11 3.94e-04 5.07e+02 9.49e+08 1.61e-10 9.49e-12 
1.25e+14   54      0 8.98e-12 8.98e-12 8.98e-12 3.29e-11 3.55e-04 4.68e+02 8.98e+08 1.51e-10 8.98e-12 
1.29e+14   55      0 8.50e-12 8.50e-12 8.50e-12 2.90e-11 3.19e-04 4.31e+02 8.50e+08 1.41e-10 8.50e-12 
1.33e+14   56      0 8.08e-12 8.08e-12 8.08e-12 2.65e-11 2.95e-04 4.04e+02 8.08e+08 1.32e-10 8.08e-12 
1.37e+14   57      0 7.67e-12 7.67e-12 7.67e-12 2.46e-11 2.76e-04 3.81e+02 7.67e+08 1.15e-10 7.67e-12 
1.42e+14   58      0 7.28e-12 7.28e-12 7.28e-12 2.29e-11 2.59e-04 3.61e+02 7.28e+08 1.05e-10 7.28e-12 
1.46e+14   59      0 6.94e-12 6.94e-12 6.94e-12 2.20e-11 2.49e-04 3.47e+02 6.94e+08 9.49e-11 6.94e-12 
1.51e+14   60      0 6.62e-12 6.62e-12 6.62e-12 2.16e-11 2.42e-04 3.34e+02 6.62e+08 7.89e-11 6.62e-12 
1.56e+14   61      0 6.34e-12 6.34e-12 6.34e-12 2.16e-11 2.39e-04 3.26e+02 6.34e+08 6.79e-11 6.34e-12 
1.61e+14   62      0 6.07e-12 6.07e-12 6.07e-12 2.20e-11 2.40e-04 3.20e+02 6.07e+08 5.44e-11 6.07e-12 
1.66e+14   63      0 5.82e-12 5.82e-12 5.82e-12 2.24e-11 2.40e-04 3.13e+02 5.82e+08 4.45e-11 5.82e-12 
1.72e+14   64      0 5.58e-12 5.58e-12 5.58e-12 2.33e-11 2.44e-04 3.11e+02 5.58e+08 3.62e-11 5.58e-12 
1.77e+14   65      0 5.39e-12 5.39e-12 5.39e-12 2.50e-11 2.54e-04 3.12e+02 5.39e+08 2.87e-11 5.39e-12 
1.83e+14   66      0 5.18e-12 5.18e-12 5.18e-12 2.62e-11 2.59e-04 3.09e+02 5.18e+08 2.30e-11 5.18e-12 
1.89e+14   67      0 5.01e-12 5.01e-12 5.01e-12 2.86e-11 2.73e-04 3.12e+02 5.01e+08 1.77e-11 5.01e-12 
1.95e+14   68      0 4.84e-12 4.84e-12 4.84e-12 3.21e-11 2.94e-04 3.21e+02 4.84e+08 1.27e-11 4.84e-12 
2.02e+14   69      0 4.69e-12 4.69e-12 4.69e-12 3.67e-11 3.21e-04 3.31e+02 4.69e+08 9.31e-12 4.69e-12 
2.08e+14   70      0 4.56e-12 4.56e-12 4.56e-12 4.35e-11 3.60e-04 3.48e+02 4.56e+08 6.53e-12 4.56e-12 
2.15e+14   71      0 4.43e-12 4.43e-12 4.43e-12 5.13e-11 4.02e-04 3.64e+02 4.43e+08 4.50e-12 4.43e-12 
2.22e+14   72      0 4.29e-12 4.29e-12 4.29e-12 6.00e-11 4.46e-04 3.79e+02 4.29e+08 4.29e-12 4.29e-12 
2.29e+14   73      0 4.16e-12 4.16e-12 4.16e-12 7.13e-11 4.99e-04 3.95e+02 4.16e+08 4.16e-12 4.16e-12 
2.37e+14   74      0 4.04e-12 4.04e-12 4.04e-12 8.67e-11 5.69e-04 4.17e+02 4.04e+08 4.04e-12 4.04e-12 
2.44e+14   75      0 3.91e-12 3.91e-12 3.91e-12 1.07e-10 6.55e-04 4.41e+02 3.91e+08 3.91e-12 3.91e-12 
2.52e+14   76      0 3.81e-12 3.81e-12 3.81e-12 1.36e-10 7.71e-04 4.75e+02 3.81e+08 3.81e-12 3.81e-12 
2.60e+14   77      0 3.71e-12 3.71e-12 3.71e-12 1.78e-10 9.31e-04 5.18e+02 3.71e+08 3.71e-12 3.71e-12 
2.69e+14   78      0 3.60e-12 3.60e-12 3.60e-12 2.33e-10 1.12e-03 5.62e+02 3.60e+08 3.60e-12 3.60e-12 
2.78e+14   79      0 3.49e-12 3.49e-12 3.49e-12 3.10e-10 1.36e-03 6.13e+02 3.49e+08 3.49e-12 3.49e-12 
2.87e+14   80      0 3.41e-12 3.41e-12 3.41e-12 4.39e-10 1.74e-03 6.87e+02 3.41e+08 3.41e-12 3.41e-12 
2.96e+14   81      0 3.34e-12 3.34e-12 3.34e-12 6.57e-10 2.32e-03 7.97e+02 3.34e+08 3.34e-12 3.34e-12 
3.05e+14   82      0 3.28e-12 3.28e-12 3.28e-12 1.05e-09 3.26e-03 9.46e+02 3.28e+08 3.28e-12 3.28e-12 
3.15e+14   83      0 3.18e-12 3.18e-12 3.18e-12 1.66e-09 4.52e-03 1.11e+03 3.18e+08 3.18e-12 3.18e-12 
3.26e+14   84      0 3.12e-12 3.12e-12 3.12e-12 2.84e-09 6.66e-03 1.36e+03 3.12e+08 3.12e-12 3.12e-12 
3.36e+14   85      0 3.11e-12 3.11e-12 3.11e-12 5.59e-09 1.09e-02 1.74e+03 3.11e+08 3.11e-12 3.11e-12 
3.47e+14   86      0 3.11e-12 3.11e-12 3.11e-12 1.22e-08 1.91e-02 2.34e+03 3.11e+08 3.11e-12 3.11e-12 
3.58e+14   87      0 3.04e-12 3.04e-12 3.04e-12 2.63e-08 3.36e-02 3.12e+03 3.04e+08 3.04e-12 3.04e-12 
3.70e+14   88      0 2.94e-12 2.94e-12 2.94e-12 5.71e-08 5.92e-02 4.16e+03 2.94e+08 2.94e-12 2.94e-12 
3.82e+14   89      0 2.90e-12 2.90e-12 2.90e-12 1.41e-07 1.17e-01 5.99e+03 2.90e+08 2.90e-12 2.90e-12 
3.94e+14   90      0 2.89e-12 2.89e-12 2.89e-12 3.83e-07 2.49e-01 9.13e+03 2.89e+08 2.89e-12 2.89e-12 
4.07e+14   91      0 2.84e-12 2.84e-12 2.84e-12 1.02e-06 5.26e-01 1.39e+04 2.84e+08 2.84e-12 2.84e-12 
4.20e+14   92      0 2.78e-12 2.78e-12 2.78e-12 2.89e-06 1.16e+00 2.16e+04 2.78e+08 2.78e-12 2.78e-12 
4.34e+14   93      0 2.73e-12 2.73e-12 2.73e-12 9.53e-06 2.92e+00 3.69e+04 2.73e+08 2.73e-12 2.73e-12 
4.48e+14   94      0 2.68e-12 2.68e-12 7.98e-12 3.49e-05 8.21e+00 6.93e+04 2.68e+08 2.68e-12 2.68e-12 
4.63e+14   95      0 2.61e-12 2.61e-12 3.32e-11 1.22e-04 2.22e+01 1.27e+05 2.61e+08 2.61e-12 2.61e-12 
4.78e+14   96      0 2.51e-12 2.51e-12 1.92e-10 6.11e-04 8.58e+01 3.19e+05 2.51e+08 2.51e-12 2.51e-12 
4.93e+14   97      0 2.37e-12 2.37e-12 2.60e-09 8.26e-03 9.37e+02 2.24e+06 2.35e+08 2.37e-12 2.37e-12 
5.09e+14   98      0 2.09e-12 2.09e-12 2.66e-08 7.80e-02 6.83e+03 1.11e+07 1.98e+08 2.09e-12 2.09e-12 
5.26e+14   99      0 1.76e-12 1.76e-12 3.25e-08 6.83e-02 5.00e+03 1.26e+07 1.64e+08 1.76e-12 1.76e-12 
5.43e+14  100      0 1.33e-12 1.33e-12 4.44e-08 9.47e-02 6.21e+03 1.36e+07 1.20e+08 1.33e-12 1.33e-12 
5.60e+14  101      0 9.89e-13 9.89e-13 7.96e-08 1.89e-01 1.15e+04 2.40e+07 7.49e+07 9.89e-13 9.89e-13 
5.79e+14  102      0 6.96e-13 6.96e-13 1.03e-07 2.78e-01 1.63e+04 3.52e+07 3.43e+07 6.96e-13 6.96e-13 
5.97e+14  103      0 4.81e-13 4.81e-13 1.29e-07 3.72e-01 2.17e+04 4.81e+07 7.85e-12 4.81e-13 4.81e-13 
6.17e+14  104      0 3.26e-13 3.26e-13 6.42e-08 2.05e-01 1.29e+04 3.26e+07 6.44e-13 3.26e-13 3.26e-13 
6.37e+14  105      0 2.25e-13 2.25e-13 2.93e-08 1.06e-01 7.33e+03 2.25e+07 2.25e-13 2.25e-13 2.25e-13 
6.58e+14  106      0 1.52e-13 1.52e-13 1.36e-08 5.62e-02 4.52e+03 1.52e+07 1.52e-13 1.52e-13 1.52e-13 
6.79e+14  107      0 1.02e-13 1.02e-13 4.82e-09 2.32e-02 2.28e+03 1.02e+07 1.02e-13 1.02e-13 1.02e-13 
7.01e+14  108      0 6.95e-14 6.95e-14 4.92e-09 3.03e-02 3.30e+03 6.95e+06 1.77e-12 6.95e-14 6.95e-14 
7.24e+14  109      0 4.86e-14 4.86e-14 4.46e-06 3.09e+01 4.86e+06 1.02e-09 4.86e-14 4.86e-14 4.86e-14 
7.47e+14  110      0 3.47e-14 3.47e-14 2.15e-06 1.79e+01 3.47e+06 6.69e-10 3.47e-14 3.47e-14 3.47e-14 
7.71e+14  111      0 2.49e-14 2.49e-14 1.04e-06 1.05e+01 2.49e+06 3.93e-10 2.49e-14 2.49e-14 2.49e-14 
7.97e+14  112      0 1.80e-14 1.80e-14 4.83e-07 6.02e+00 1.80e+06 3.30e-10 1.80e-14 1.80e-14 1.80e-14 
8.22e+14  113      0 1.32e-14 1.32e-14 2.42e-07 4.02e+00 1.32e+06 4.77e-10 1.32e-14 1.32e-14 1.32e-14 
8.49e+14  114      0 9.81e-15 9.81e-15 1.14e-07 2.35e+00 9.81e+05 2.28e-10 9.81e-15 9.81e-15 9.81e-15 
8.77e+14  115      0 7.39e-15 7.39e-15 5.30e-08 1.37e+00 7.39e+05 1.50e-10 7.39e-15 7.39e-15 7.39e-15 
9.05e+14  116      0 5.65e-15 5.65e-15 2.61e-08 8.14e-01 5.65e+05 2.89e-10 5.65e-15 5.65e-15 5.65e-15 
9.35e+14  117      0 4.29e-15 4.29e-15 2.30e-08 7.68e-01 4.29e+05 4.39e-11 4.29e-15 4.29e-15 4.29e-15 
9.65e+14  118      0 3.35e-15 3.35e-15 2.46e-08 7.71e-01 3.35e+05 5.56e-09 3.35e-15 3.35e-15 3.35e-15 
9.96e+14  119      0 2.66e-15 2.63e-12 5.74e-03 2.66e+05 7.82e-06 2.66e-15 2.66e-15 2.66e-15 2.66e-15 
1.03e+15  120      0 2.23e-15 2.06e-12 4.79e-03 2.23e+05 8.02e-06 2.23e-15 2.23e-15 2.23e-15 2.23e-15 
1.06e+15  121      0 1.92e-15 1.92e-15 1.47e-08 4.92e-01 1.92e+05 4.40e-09 1.92e-15 1.92e-15 1.92e-15 
1.10e+15  122      0 1.67e-15 1.67e-15 1.54e-08 5.20e-01 1.67e+05 2.06e-10 1.67e-15 1.67e-15 1.67e-15 
1.13e+15  123      0 1.48e-15 1.48e-15 1.44e-08 4.85e-01 1.48e+05 1.08e-10 1.48e-15 1.48e-15 1.48e-15 
1.17e+15  124      0 1.35e-15 1.35e-15 1.36e-08 4.53e-01 1.35e+05 1.10e-10 1.35e-15 1.35e-15 1.35e-15 
1.21e+15  125      0 1.29e-15 1.29e-15 1.41e-08 4.51e-01 1.29e+05 1.25e-10 1.29e-15 1.29e-15 1.29e-15 
1.25e+15  126      0 1.24e-15 1.24e-15 1.48e-08 4.60e-01 1.24e+05 5.77e-11 1.24e-15 1.24e-15 1.24e-15 
1.29e+15  127      0 1.22e-15 1.22e-15 1.59e-08 4.71e-01 1.22e+05 5.01e-11 1.22e-15 1.22e-15 1.22e-15 
1.33e+15  128      0 1.18e-15 1.18e-15 1.65e-08 4.73e-01 1.18e+05 4.24e-11 1.18e-15 1.18e-15 1.18e-15 
1.37e+15  129      0 1.15e-15 1.15e-15 1.76e-08 4.86e-01 1.15e+05 3.24e-11 1.15e-15 1.15e-15 1.15e-15 
1.42e+15  130      0 1.12e-15 1.12e-15 1.76e-08 4.76e-01 1.12e+05 3.39e-11 1.12e-15 1.12e-15 1.12e-15 
1.46e+15  131      0 1.11e-15 1.11e-15 1.88e-08 4.87e-01 1.11e+05 3.45e-11 1.11e-15 1.11e-15 1.11e-15 
1.51e+15  132      0 1.08e-15 1.08e-15 1.98e-08 4.98e-01 1.08e+05 2.56e-11 1.08e-15 1.08e-15 1.08e-15 
1.56e+15  133      0 1.04e-15 1.04e-15 1.98e-08 4.91e-01 1.04e+05 2.14e-11 1.04e-15 1.04e-15 1.04e-15 
1.61e+15  134      0 1.02e-15 1.02e-15 2.05e-08 4.95e-01 1.02e+05 1.96e-11 1.02e-15 1.02e-15 1.02e-15 
1.66e+15  135      0 9.59e-16 9.59e-16 1.84e-08 4.53e-01 9.59e+04 1.86e-11 9.59e-16 9.59e-16 9.59e-16 
1.71e+15  136      0 8.96e-16 8.96e-16 1.75e-08 4.33e-01 8.96e+04 1.99e-11 8.96e-16 8.96e-16 8.96e-16 
1.77e+15  137      0 8.21e-16 8.21e-16 1.52e-08 3.89e-01 8.21e+04 1.97e-11 8.21e-16 8.21e-16 8.21e-16 
1.83e+15  138      0 7.48e-16 7.48e-16 1.28e-08 3.43e-01 7.48e+04 2.25e-11 7.48e-16 7.48e-16 7.48e-16 
1.89e+15  139      0 6.74e-16 6.74e-16 1.08e-08 3.02e-01 6.74e+04 2.47e-11 6.74e-16 6.74e-16 6.74e-16 
1.95e+15  140      0 6.11e-16 6.11e-16 9.24e-09 2.69e-01 6.11e+04 2.73e-11 6.11e-16 6.11e-16 6.11e-16 
2.01e+15  141      0 5.56e-16 5.56e-16 6.75e-09 1.97e-01 5.56e+04 2.72e-11 5.56e-16 5.56e-16 5.56e-16 
2.08e+15  142      0 4.98e-16 4.98e-16 5.53e-09 1.68e-01 4.98e+04 2.83e-11 4.98e-16 4.98e-16 4.98e-16 
2.14e+15  143      0 4.62e-16 4.62e-16 4.99e-09 1.54e-01 4.62e+04 2.45e-11 4.62e-16 4.62e-16 4.62e-16 
2.21e+15  144      0 4.28e-16 4.28e-16 4.53e-09 1.41e-01 4.28e+04 2.21e-11 4.28e-16 4.28e-16 4.28e-16 
2.29e+15  145      0 3.98e-16 3.98e-16 4.12e-09 1.29e-01 3.98e+04 2.32e-11 3.98e-16 3.98e-16 3.98e-16 
2.36e+15  146      0 3.73e-16 3.73e-16 3.88e-09 1.21e-01 3.73e+04 2.22e-11 3.73e-16 3.73e-16 3.73e-16 
2.44e+15  147      0 3.43e-16 3.43e-16 3.44e-09 1.09e-01 3.43e+04 2.30e-11 3.43e-16 3.43e-16 3.43e-16 
2.52e+15  148      0 3.20e-16 3.20e-16 3.19e-09 1.02e-01 3.20e+04 1.96e-11 3.20e-16 3.20e-16 3.20e-16 
2.60e+15  149      0 3.04e-16 3.04e-16 3.13e-09 9.82e-02 3.04e+04 1.92e-11 3.04e-16 3.04e-16 3.04e-16 
2.68e+15  150      0 2.86e-16 2.86e-16 3.00e-09 9.30e-02 2.86e+04 2.06e-11 2.86e-16 2.86e-16 2.86e-16 
2.77e+15  151      0 2.74e-16 2.74e-16 2.98e-09 9.12e-02 2.74e+04 1.24e-11 2.74e-16 2.74e-16 2.74e-16 
2.86e+15  152      0 2.68e-16 2.68e-16 3.26e-09 9.49e-02 2.68e+04 9.69e-12 2.68e-16 2.68e-16 2.68e-16 
2.95e+15  153     -1 0.00e+00 0.00e+00 0.00e+00 0.00e+00 0.00e+00 0.00e+00 0.00e+00 0.00e+00 0.00e+00 
3.05e+15  154     -1 0.00e+00 0.00e+00 0.00e+00 0.00e+00 0.00e+00 0.00e+00 0.00e+00 0.00e+00 0.00e+00 
