       r    i inwind      i01      i02 
2.22e+13    0     -1 0.00e+00 0.00e+00 
2.30e+13    1      0 2.34e-10 1.00e+00 
2.37e+13    2      0 3.26e-10 1.00e+00 
2.45e+13    3      0 3.19e-10 1.00e+00 
2.53e+13    4      0 4.69e-10 1.00e+00 
2.61e+13    5      0 3.85e-10 1.00e+00 
2.69e+13    6      0 4.36e-10 1.00e+00 
2.78e+13    7      0 4.67e-10 1.00e+00 
2.87e+13    8      0 5.49e-10 1.00e+00 
2.96e+13    9      0 5.91e-10 1.00e+00 
3.06e+13   10      0 5.70e-10 1.00e+00 
3.16e+13   11      0 6.39e-10 1.00e+00 
3.26e+13   12      0 7.00e-10 1.00e+00 
3.37e+13   13      0 7.39e-10 1.00e+00 
3.48e+13   14      0 8.24e-10 1.00e+00 
3.59e+13   15      0 7.80e-10 1.00e+00 
3.71e+13   16      0 8.47e-10 1.00e+00 
3.83e+13   17      0 8.40e-10 1.00e+00 
3.95e+13   18      0 9.24e-10 1.00e+00 
4.08e+13   19      0 9.68e-10 1.00e+00 
4.21e+13   20      0 1.14e-09 1.00e+00 
4.35e+13   21      0 1.23e-09 1.00e+00 
4.49e+13   22      0 1.21e-09 1.00e+00 
4.64e+13   23      0 1.26e-09 1.00e+00 
4.79e+13   24      0 1.33e-09 1.00e+00 
4.94e+13   25      0 1.36e-09 1.00e+00 
5.10e+13   26      0 1.53e-09 1.00e+00 
5.27e+13   27      0 1.67e-09 1.00e+00 
5.44e+13   28      0 1.65e-09 1.00e+00 
5.62e+13   29      0 1.69e-09 1.00e+00 
5.80e+13   30      0 1.91e-09 1.00e+00 
5.99e+13   31      0 1.97e-09 1.00e+00 
6.18e+13   32      0 1.83e-09 1.00e+00 
6.38e+13   33      0 2.08e-09 1.00e+00 
6.59e+13   34      0 2.22e-09 1.00e+00 
6.80e+13   35      0 2.03e-09 1.00e+00 
7.02e+13   36      0 2.29e-09 1.00e+00 
7.25e+13   37      0 1.82e-09 1.00e+00 
7.49e+13   38      0 2.23e-09 1.00e+00 
7.73e+13   39      0 2.10e-09 1.00e+00 
7.98e+13   40      0 1.92e-09 1.00e+00 
8.24e+13   41      0 1.97e-09 1.00e+00 
8.51e+13   42      0 1.60e-09 1.00e+00 
8.78e+13   43      0 1.31e-09 1.00e+00 
9.07e+13   44      0 1.39e-09 1.00e+00 
9.36e+13   45      0 1.44e-09 1.00e+00 
9.67e+13   46      0 1.12e-09 1.00e+00 
9.98e+13   47      0 1.26e-09 1.00e+00 
1.03e+14   48      0 1.14e-09 1.00e+00 
1.06e+14   49      0 1.11e-09 1.00e+00 
1.10e+14   50      0 9.39e-10 1.00e+00 
1.13e+14   51      0 9.07e-10 1.00e+00 
1.17e+14   52      0 8.61e-10 1.00e+00 
1.21e+14   53      0 7.27e-10 1.00e+00 
1.25e+14   54      0 7.23e-10 1.00e+00 
1.29e+14   55      0 6.23e-10 1.00e+00 
1.33e+14   56      0 7.67e-10 1.00e+00 
1.37e+14   57      0 6.16e-10 1.00e+00 
1.42e+14   58      0 6.48e-10 1.00e+00 
1.46e+14   59      0 6.45e-10 1.00e+00 
1.51e+14   60      0 6.30e-10 1.00e+00 
1.56e+14   61      0 5.69e-10 1.00e+00 
1.61e+14   62      0 5.70e-10 1.00e+00 
1.66e+14   63      0 5.89e-10 1.00e+00 
1.72e+14   64      0 6.31e-10 1.00e+00 
1.77e+14   65      0 5.66e-10 1.00e+00 
1.83e+14   66      0 5.49e-10 1.00e+00 
1.89e+14   67      0 6.35e-10 1.00e+00 
1.95e+14   68      0 4.43e-10 1.00e+00 
2.02e+14   69      0 4.57e-10 1.00e+00 
2.08e+14   70      0 4.91e-10 1.00e+00 
2.15e+14   71      0 4.64e-10 1.00e+00 
2.22e+14   72      0 5.06e-10 1.00e+00 
2.29e+14   73      0 4.82e-10 1.00e+00 
2.37e+14   74      0 3.73e-10 1.00e+00 
2.44e+14   75      0 4.40e-10 1.00e+00 
2.52e+14   76      0 3.97e-10 1.00e+00 
2.60e+14   77      0 4.48e-10 1.00e+00 
2.69e+14   78      0 4.93e-10 1.00e+00 
2.78e+14   79      0 4.50e-10 1.00e+00 
2.87e+14   80      0 4.68e-10 1.00e+00 
2.96e+14   81      0 4.25e-10 1.00e+00 
3.05e+14   82      0 5.06e-10 1.00e+00 
3.15e+14   83      0 5.68e-10 1.00e+00 
3.26e+14   84      0 5.61e-10 1.00e+00 
3.36e+14   85      0 5.79e-10 1.00e+00 
3.47e+14   86      0 7.24e-10 1.00e+00 
3.58e+14   87      0 8.24e-10 1.00e+00 
3.70e+14   88      0 8.85e-10 1.00e+00 
3.82e+14   89      0 9.27e-10 1.00e+00 
3.94e+14   90      0 9.19e-10 1.00e+00 
4.07e+14   91      0 1.08e-09 1.00e+00 
4.20e+14   92      0 1.08e-09 1.00e+00 
4.34e+14   93      0 1.27e-09 1.00e+00 
4.48e+14   94      0 1.49e-09 1.00e+00 
4.63e+14   95      0 1.68e-09 1.00e+00 
4.78e+14   96      0 1.86e-09 1.00e+00 
4.93e+14   97      0 2.41e-09 1.00e+00 
5.09e+14   98      0 2.89e-09 1.00e+00 
5.26e+14   99      0 2.49e-09 1.00e+00 
5.43e+14  100      0 2.28e-09 1.00e+00 
5.60e+14  101      0 2.47e-09 1.00e+00 
5.79e+14  102      0 2.34e-09 1.00e+00 
5.97e+14  103      0 2.01e-09 1.00e+00 
6.17e+14  104      0 1.47e-09 1.00e+00 
6.37e+14  105      0 1.33e-09 1.00e+00 
6.58e+14  106      0 1.05e-09 1.00e+00 
6.79e+14  107      0 8.07e-10 1.00e+00 
7.01e+14  108      0 5.88e-10 1.00e+00 
7.24e+14  109      0 4.78e-10 1.00e+00 
7.47e+14  110      0 3.91e-10 1.00e+00 
7.71e+14  111      0 3.15e-10 1.00e+00 
7.97e+14  112      0 2.51e-10 1.00e+00 
8.22e+14  113      0 2.02e-10 1.00e+00 
8.49e+14  114      0 1.66e-10 1.00e+00 
8.77e+14  115      0 1.37e-10 1.00e+00 
9.05e+14  116      0 1.08e-10 1.00e+00 
9.35e+14  117      0 9.18e-11 1.00e+00 
9.65e+14  118      0 7.16e-11 1.00e+00 
9.96e+14  119      0 7.20e-11 1.00e+00 
1.03e+15  120      0 6.62e-11 1.00e+00 
1.06e+15  121      0 5.33e-11 1.00e+00 
1.10e+15  122      0 5.34e-11 1.00e+00 
1.13e+15  123      0 5.12e-11 1.00e+00 
1.17e+15  124      0 5.01e-11 1.00e+00 
1.21e+15  125      0 5.13e-11 1.00e+00 
1.25e+15  126      0 5.34e-11 1.00e+00 
1.29e+15  127      0 5.66e-11 1.00e+00 
1.33e+15  128      0 5.89e-11 1.00e+00 
1.37e+15  129      0 6.14e-11 1.00e+00 
1.42e+15  130      0 6.39e-11 1.00e+00 
1.46e+15  131      0 6.76e-11 1.00e+00 
1.51e+15  132      0 7.09e-11 1.00e+00 
1.56e+15  133      0 7.37e-11 1.00e+00 
1.61e+15  134      0 7.70e-11 1.00e+00 
1.66e+15  135      0 7.73e-11 1.00e+00 
1.71e+15  136      0 7.70e-11 1.00e+00 
1.77e+15  137      0 7.52e-11 1.00e+00 
1.83e+15  138      0 7.30e-11 1.00e+00 
1.89e+15  139      0 7.02e-11 1.00e+00 
1.95e+15  140      0 6.84e-11 1.00e+00 
2.01e+15  141      0 6.65e-11 1.00e+00 
2.08e+15  142      0 6.41e-11 1.00e+00 
2.14e+15  143      0 6.38e-11 1.00e+00 
2.21e+15  144      0 6.34e-11 1.00e+00 
2.29e+15  145      0 6.29e-11 1.00e+00 
2.36e+15  146      0 6.29e-11 1.00e+00 
2.44e+15  147      0 6.22e-11 1.00e+00 
2.52e+15  148      0 6.26e-11 1.00e+00 
2.60e+15  149      0 6.34e-11 1.00e+00 
2.68e+15  150      0 6.41e-11 1.00e+00 
2.77e+15  151      0 6.59e-11 1.00e+00 
2.86e+15  152      0 7.05e-11 1.00e+00 
2.95e+15  153     -1 0.00e+00 0.00e+00 
3.05e+15  154     -1 0.00e+00 0.00e+00 
