       r    i inwind      i01      i02 
2.22e+13    0     -1 0.00e+00 0.00e+00 
2.30e+13    1      0 1.56e+03 6.67e+12 
2.37e+13    2      0 2.12e+03 6.52e+12 
2.45e+13    3      0 2.04e+03 6.37e+12 
2.53e+13    4      0 2.92e+03 6.24e+12 
2.61e+13    5      0 2.35e+03 6.11e+12 
2.69e+13    6      0 2.61e+03 5.99e+12 
2.78e+13    7      0 2.75e+03 5.87e+12 
2.87e+13    8      0 3.16e+03 5.76e+12 
2.96e+13    9      0 3.34e+03 5.65e+12 
3.06e+13   10      0 3.16e+03 5.54e+12 
3.16e+13   11      0 3.48e+03 5.46e+12 
3.26e+13   12      0 3.77e+03 5.39e+12 
3.37e+13   13      0 3.94e+03 5.34e+12 
3.48e+13   14      0 4.36e+03 5.30e+12 
3.59e+13   15      0 4.11e+03 5.27e+12 
3.71e+13   16      0 4.45e+03 5.25e+12 
3.83e+13   17      0 4.39e+03 5.23e+12 
3.95e+13   18      0 4.81e+03 5.21e+12 
4.08e+13   19      0 5.03e+03 5.19e+12 
4.21e+13   20      0 5.87e+03 5.17e+12 
4.35e+13   21      0 6.35e+03 5.14e+12 
4.49e+13   22      0 6.15e+03 5.10e+12 
4.64e+13   23      0 6.39e+03 5.05e+12 
4.79e+13   24      0 6.64e+03 4.98e+12 
4.94e+13   25      0 6.65e+03 4.90e+12 
5.10e+13   26      0 7.38e+03 4.81e+12 
5.27e+13   27      0 7.89e+03 4.72e+12 
5.44e+13   28      0 7.64e+03 4.62e+12 
5.62e+13   29      0 7.63e+03 4.52e+12 
5.80e+13   30      0 8.41e+03 4.41e+12 
5.99e+13   31      0 8.45e+03 4.28e+12 
6.18e+13   32      0 7.60e+03 4.14e+12 
6.38e+13   33      0 8.27e+03 3.98e+12 
6.59e+13   34      0 8.45e+03 3.81e+12 
6.80e+13   35      0 7.37e+03 3.63e+12 
7.02e+13   36      0 7.89e+03 3.45e+12 
7.25e+13   37      0 5.91e+03 3.25e+12 
7.49e+13   38      0 6.82e+03 3.05e+12 
7.73e+13   39      0 6.01e+03 2.86e+12 
7.98e+13   40      0 5.13e+03 2.67e+12 
8.24e+13   41      0 4.91e+03 2.49e+12 
8.51e+13   42      0 3.70e+03 2.31e+12 
8.78e+13   43      0 2.82e+03 2.15e+12 
9.07e+13   44      0 2.79e+03 2.01e+12 
9.36e+13   45      0 2.69e+03 1.87e+12 
9.67e+13   46      0 1.94e+03 1.74e+12 
9.98e+13   47      0 2.04e+03 1.62e+12 
1.03e+14   48      0 1.73e+03 1.52e+12 
1.06e+14   49      0 1.58e+03 1.43e+12 
1.10e+14   50      0 1.25e+03 1.34e+12 
1.13e+14   51      0 1.14e+03 1.25e+12 
1.17e+14   52      0 1.02e+03 1.18e+12 
1.21e+14   53      0 8.10e+02 1.12e+12 
1.25e+14   54      0 7.63e+02 1.05e+12 
1.29e+14   55      0 6.22e+02 9.98e+11 
1.33e+14   56      0 7.28e+02 9.49e+11 
1.37e+14   57      0 5.55e+02 9.01e+11 
1.42e+14   58      0 5.54e+02 8.55e+11 
1.46e+14   59      0 5.26e+02 8.15e+11 
1.51e+14   60      0 4.90e+02 7.78e+11 
1.56e+14   61      0 4.24e+02 7.45e+11 
1.61e+14   62      0 4.07e+02 7.14e+11 
1.66e+14   63      0 4.03e+02 6.84e+11 
1.72e+14   64      0 4.14e+02 6.55e+11 
1.77e+14   65      0 3.59e+02 6.33e+11 
1.83e+14   66      0 3.34e+02 6.09e+11 
1.89e+14   67      0 3.74e+02 5.88e+11 
1.95e+14   68      0 2.52e+02 5.68e+11 
2.02e+14   69      0 2.52e+02 5.51e+11 
2.08e+14   70      0 2.63e+02 5.36e+11 
2.15e+14   71      0 2.41e+02 5.20e+11 
2.22e+14   72      0 2.55e+02 5.04e+11 
2.29e+14   73      0 2.35e+02 4.89e+11 
2.37e+14   74      0 1.77e+02 4.74e+11 
2.44e+14   75      0 2.02e+02 4.60e+11 
2.52e+14   76      0 1.77e+02 4.47e+11 
2.60e+14   77      0 1.95e+02 4.35e+11 
2.69e+14   78      0 2.08e+02 4.23e+11 
2.78e+14   79      0 1.84e+02 4.10e+11 
2.87e+14   80      0 1.88e+02 4.01e+11 
2.96e+14   81      0 1.67e+02 3.92e+11 
3.05e+14   82      0 1.95e+02 3.85e+11 
3.15e+14   83      0 2.12e+02 3.74e+11 
3.26e+14   84      0 2.05e+02 3.66e+11 
3.36e+14   85      0 2.11e+02 3.65e+11 
3.47e+14   86      0 2.64e+02 3.65e+11 
3.58e+14   87      0 2.94e+02 3.57e+11 
3.70e+14   88      0 3.06e+02 3.46e+11 
3.82e+14   89      0 3.16e+02 3.41e+11 
3.94e+14   90      0 3.12e+02 3.39e+11 
4.07e+14   91      0 3.61e+02 3.34e+11 
4.20e+14   92      0 3.51e+02 3.26e+11 
4.34e+14   93      0 4.06e+02 3.20e+11 
4.48e+14   94      0 4.69e+02 3.15e+11 
4.63e+14   95      0 5.16e+02 3.07e+11 
4.78e+14   96      0 5.49e+02 2.95e+11 
4.93e+14   97      0 6.70e+02 2.78e+11 
5.09e+14   98      0 7.10e+02 2.46e+11 
5.26e+14   99      0 5.17e+02 2.07e+11 
5.43e+14  100      0 3.57e+02 1.56e+11 
5.60e+14  101      0 2.87e+02 1.16e+11 
5.79e+14  102      0 1.92e+02 8.17e+10 
5.97e+14  103      0 1.14e+02 5.65e+10 
6.17e+14  104      0 5.63e+01 3.83e+10 
6.37e+14  105      0 3.53e+01 2.64e+10 
6.58e+14  106      0 1.88e+01 1.78e+10 
6.79e+14  107      0 9.66e+00 1.20e+10 
7.01e+14  108      0 4.80e+00 8.17e+09 
7.24e+14  109      0 2.73e+00 5.71e+09 
7.47e+14  110      0 1.60e+00 4.08e+09 
7.71e+14  111      0 9.22e-01 2.93e+09 
7.97e+14  112      0 5.32e-01 2.12e+09 
8.22e+14  113      0 3.14e-01 1.55e+09 
8.49e+14  114      0 1.91e-01 1.15e+09 
8.77e+14  115      0 1.19e-01 8.68e+08 
9.05e+14  116      0 7.17e-02 6.63e+08 
9.35e+14  117      0 4.63e-02 5.04e+08 
9.65e+14  118      0 2.82e-02 3.93e+08 
9.96e+14  119      0 2.25e-02 3.12e+08 
1.03e+15  120      0 1.74e-02 2.63e+08 
1.06e+15  121      0 1.20e-02 2.26e+08 
1.10e+15  122      0 1.05e-02 1.97e+08 
1.13e+15  123      0 8.89e-03 1.74e+08 
1.17e+15  124      0 7.96e-03 1.59e+08 
1.21e+15  125      0 7.77e-03 1.52e+08 
1.25e+15  126      0 7.79e-03 1.46e+08 
1.29e+15  127      0 8.09e-03 1.43e+08 
1.33e+15  128      0 8.16e-03 1.38e+08 
1.37e+15  129      0 8.33e-03 1.36e+08 
1.42e+15  130      0 8.44e-03 1.32e+08 
1.46e+15  131      0 8.78e-03 1.30e+08 
1.51e+15  132      0 9.00e-03 1.27e+08 
1.56e+15  133      0 9.04e-03 1.23e+08 
1.61e+15  134      0 9.22e-03 1.20e+08 
1.66e+15  135      0 8.70e-03 1.13e+08 
1.71e+15  136      0 8.10e-03 1.05e+08 
1.77e+15  137      0 7.25e-03 9.64e+07 
1.83e+15  138      0 6.42e-03 8.79e+07 
1.89e+15  139      0 5.56e-03 7.92e+07 
1.95e+15  140      0 4.91e-03 7.18e+07 
2.01e+15  141      0 4.34e-03 6.53e+07 
2.08e+15  142      0 3.75e-03 5.85e+07 
2.14e+15  143      0 3.46e-03 5.42e+07 
2.21e+15  144      0 3.19e-03 5.03e+07 
2.29e+15  145      0 2.94e-03 4.67e+07 
2.36e+15  146      0 2.76e-03 4.38e+07 
2.44e+15  147      0 2.51e-03 4.03e+07 
2.52e+15  148      0 2.36e-03 3.76e+07 
2.60e+15  149      0 2.27e-03 3.58e+07 
2.68e+15  150      0 2.15e-03 3.36e+07 
2.77e+15  151      0 2.12e-03 3.22e+07 
2.86e+15  152      0 2.22e-03 3.15e+07 
2.95e+15  153     -1 0.00e+00 0.00e+00 
3.05e+15  154     -1 0.00e+00 0.00e+00 
