       r    i inwind      i01      i02      i03 
2.22e+13    0     -1 0.00e+00 0.00e+00 0.00e+00 
2.30e+13    1      0 1.53e-32 4.76e-10 1.00e+00 
2.37e+13    2      0 1.57e-32 4.52e-10 1.00e+00 
2.45e+13    3      0 1.61e-32 4.61e-10 1.00e+00 
2.53e+13    4      0 1.64e-32 6.19e-10 1.00e+00 
2.61e+13    5      0 1.67e-32 6.70e-10 1.00e+00 
2.69e+13    6      0 1.71e-32 6.71e-10 1.00e+00 
2.78e+13    7      0 1.74e-32 6.88e-10 1.00e+00 
2.87e+13    8      0 1.78e-32 6.90e-10 1.00e+00 
2.96e+13    9      0 1.81e-32 8.53e-10 1.00e+00 
3.06e+13   10      0 1.85e-32 8.50e-10 1.00e+00 
3.16e+13   11      0 1.88e-32 8.52e-10 1.00e+00 
3.26e+13   12      0 1.90e-32 7.28e-10 1.00e+00 
3.37e+13   13      0 1.92e-32 1.04e-09 1.00e+00 
3.48e+13   14      0 1.93e-32 1.05e-09 1.00e+00 
3.59e+13   15      0 1.94e-32 1.17e-09 1.00e+00 
3.71e+13   16      0 1.95e-32 1.23e-09 1.00e+00 
3.83e+13   17      0 1.96e-32 1.38e-09 1.00e+00 
3.95e+13   18      0 1.96e-32 1.34e-09 1.00e+00 
4.08e+13   19      0 1.97e-32 1.50e-09 1.00e+00 
4.21e+13   20      0 1.98e-32 1.42e-09 1.00e+00 
4.35e+13   21      0 1.99e-32 1.17e-09 1.00e+00 
4.49e+13   22      0 2.01e-32 1.62e-09 1.00e+00 
4.64e+13   23      0 2.02e-32 1.37e-09 1.00e+00 
4.79e+13   24      0 2.06e-32 1.74e-09 1.00e+00 
4.94e+13   25      0 2.09e-32 1.91e-09 1.00e+00 
5.10e+13   26      0 2.13e-32 2.12e-09 1.00e+00 
5.27e+13   27      0 2.17e-32 2.31e-09 1.00e+00 
5.44e+13   28      0 2.22e-32 1.78e-09 1.00e+00 
5.62e+13   29      0 2.26e-32 2.55e-09 1.00e+00 
5.80e+13   30      0 2.32e-32 2.75e-09 1.00e+00 
5.99e+13   31      0 2.39e-32 3.02e-09 1.00e+00 
6.18e+13   32      0 2.47e-32 2.77e-09 1.00e+00 
6.38e+13   33      0 2.57e-32 3.09e-09 1.00e+00 
6.59e+13   34      0 2.68e-32 3.29e-09 1.00e+00 
6.80e+13   35      0 2.82e-32 2.97e-09 1.00e+00 
7.02e+13   36      0 2.97e-32 3.17e-09 1.00e+00 
7.25e+13   37      0 3.15e-32 3.12e-09 1.00e+00 
7.49e+13   38      0 3.35e-32 3.04e-09 1.00e+00 
7.73e+13   39      0 3.58e-32 2.89e-09 1.00e+00 
7.98e+13   40      0 3.83e-32 2.58e-09 1.00e+00 
8.24e+13   41      0 4.12e-32 2.95e-09 1.00e+00 
8.51e+13   42      0 4.43e-32 2.35e-09 1.00e+00 
8.78e+13   43      0 4.76e-32 2.11e-09 1.00e+00 
9.07e+13   44      0 5.09e-32 1.90e-09 1.00e+00 
9.36e+13   45      0 5.47e-32 2.02e-09 1.00e+00 
9.67e+13   46      0 5.89e-32 1.80e-09 1.00e+00 
9.98e+13   47      0 6.31e-32 1.70e-09 1.00e+00 
1.03e+14   48      0 6.71e-32 1.58e-09 1.00e+00 
1.06e+14   49      0 7.18e-32 1.09e-09 1.00e+00 
1.10e+14   50      0 7.66e-32 1.48e-09 1.00e+00 
1.13e+14   51      0 8.17e-32 1.25e-09 1.00e+00 
1.17e+14   52      0 8.67e-32 1.19e-09 1.00e+00 
1.21e+14   53      0 9.18e-32 8.33e-10 1.00e+00 
1.25e+14   54      0 9.70e-32 6.87e-10 1.00e+00 
1.29e+14   55      0 1.02e-31 9.41e-10 1.00e+00 
1.33e+14   56      0 1.08e-31 1.03e-09 1.00e+00 
1.37e+14   57      0 1.14e-31 7.51e-10 1.00e+00 
1.42e+14   58      0 1.20e-31 9.45e-10 1.00e+00 
1.46e+14   59      0 1.25e-31 7.64e-10 1.00e+00 
1.51e+14   60      0 1.31e-31 9.48e-10 1.00e+00 
1.56e+14   61      0 1.37e-31 8.92e-10 1.00e+00 
1.61e+14   62      0 1.43e-31 8.80e-10 1.00e+00 
1.66e+14   63      0 1.50e-31 8.30e-10 1.00e+00 
1.72e+14   64      0 1.56e-31 9.12e-10 1.00e+00 
1.77e+14   65      0 1.62e-31 7.36e-10 1.00e+00 
1.83e+14   66      0 1.68e-31 8.75e-10 1.00e+00 
1.89e+14   67      0 1.74e-31 9.03e-10 1.00e+00 
1.95e+14   68      0 1.80e-31 8.47e-10 1.00e+00 
2.02e+14   69      0 1.86e-31 8.47e-10 1.00e+00 
2.08e+14   70      0 1.91e-31 8.85e-10 1.00e+00 
2.15e+14   71      0 1.97e-31 8.36e-10 1.00e+00 
2.22e+14   72      0 2.03e-31 8.87e-10 1.00e+00 
2.29e+14   73      0 2.09e-31 9.12e-10 1.00e+00 
2.37e+14   74      0 2.16e-31 9.05e-10 1.00e+00 
2.44e+14   75      0 2.23e-31 9.59e-10 1.00e+00 
2.52e+14   76      0 2.29e-31 9.56e-10 1.00e+00 
2.60e+14   77      0 2.35e-31 1.02e-09 1.00e+00 
2.69e+14   78      0 2.42e-31 1.06e-09 1.00e+00 
2.78e+14   79      0 2.50e-31 1.14e-09 1.00e+00 
2.87e+14   80      0 2.55e-31 1.31e-09 1.00e+00 
2.96e+14   81      0 1.21e-20 1.25e-09 1.00e+00 
3.05e+14   82      0 1.41e-20 1.42e-09 1.00e+00 
3.15e+14   83      0 2.00e-20 1.50e-09 1.00e+00 
3.26e+14   84      0 5.87e-20 1.49e-09 1.00e+00 
3.36e+14   85      0 8.09e-20 1.85e-09 1.00e+00 
3.47e+14   86      0 1.11e-19 2.18e-09 1.00e+00 
3.58e+14   87      0 2.09e-19 2.58e-09 1.00e+00 
3.70e+14   88      0 3.09e-19 2.98e-09 1.00e+00 
3.82e+14   89      0 4.00e-19 3.63e-09 1.00e+00 
3.94e+14   90      0 5.34e-19 4.39e-09 1.00e+00 
4.07e+14   91      0 8.01e-19 5.25e-09 1.00e+00 
4.20e+14   92      0 1.32e-18 6.59e-09 1.00e+00 
4.34e+14   93      0 1.87e-18 8.51e-09 1.00e+00 
4.48e+14   94      0 2.63e-18 1.10e-08 1.00e+00 
4.63e+14   95      0 3.63e-18 1.40e-08 1.00e+00 
4.78e+14   96      0 5.68e-18 1.88e-08 1.00e+00 
4.93e+14   97      0 1.20e-17 3.04e-08 1.00e+00 
5.09e+14   98      0 1.89e-17 4.20e-08 1.00e+00 
5.26e+14   99      0 2.38e-17 5.10e-08 1.00e+00 
5.43e+14  100      0 3.00e-17 6.34e-08 1.00e+00 
5.60e+14  101      0 4.04e-17 8.02e-08 1.00e+00 
5.79e+14  102      0 4.86e-17 9.55e-08 1.00e+00 
5.97e+14  103      0 4.97e-17 1.02e-07 1.00e+00 
6.17e+14  104      0 4.55e-17 1.02e-07 1.00e+00 
6.37e+14  105      0 4.17e-17 9.90e-08 1.00e+00 
6.58e+14  106      0 3.16e-17 8.73e-08 1.00e+00 
6.79e+14  107      0 2.20e-17 7.28e-08 1.00e+00 
7.01e+14  108      0 1.35e-17 5.66e-08 1.00e+00 
7.24e+14  109      0 9.47e-18 4.74e-08 1.00e+00 
7.47e+14  110      0 6.65e-18 3.93e-08 1.00e+00 
7.71e+14  111      0 4.59e-18 3.23e-08 1.00e+00 
7.97e+14  112      0 3.05e-18 2.60e-08 1.00e+00 
8.22e+14  113      0 1.99e-18 2.06e-08 1.00e+00 
8.49e+14  114      0 1.34e-18 1.65e-08 1.00e+00 
8.77e+14  115      0 9.10e-19 1.33e-08 1.00e+00 
9.05e+14  116      0 5.89e-19 1.04e-08 1.00e+00 
9.35e+14  117      0 4.42e-19 9.25e-09 1.00e+00 
9.65e+14  118      0 2.88e-19 7.85e-09 1.00e+00 
9.96e+14  119      0 2.91e-19 8.13e-09 1.00e+00 
1.03e+15  120      0 2.65e-19 8.04e-09 1.00e+00 
1.06e+15  121      0 2.01e-19 7.29e-09 1.00e+00 
1.10e+15  122      0 2.29e-19 8.33e-09 1.00e+00 
1.13e+15  123      0 2.27e-19 8.52e-09 1.00e+00 
1.17e+15  124      0 2.25e-19 8.56e-09 1.00e+00 
1.21e+15  125      0 2.41e-19 8.91e-09 1.00e+00 
1.25e+15  126      0 2.68e-19 9.47e-09 1.00e+00 
1.29e+15  127      0 2.97e-19 9.93e-09 1.00e+00 
1.33e+15  128      0 3.23e-19 1.03e-08 1.00e+00 
1.37e+15  129      0 3.58e-19 1.09e-08 1.00e+00 
1.42e+15  130      0 3.84e-19 1.12e-08 1.00e+00 
1.46e+15  131      0 4.22e-19 1.16e-08 1.00e+00 
1.51e+15  132      0 4.62e-19 1.21e-08 1.00e+00 
1.56e+15  133      0 5.01e-19 1.24e-08 1.00e+00 
1.61e+15  134      0 5.41e-19 1.28e-08 1.00e+00 
1.66e+15  135      0 5.36e-19 1.25e-08 1.00e+00 
1.71e+15  136      0 5.29e-19 1.24e-08 1.00e+00 
1.77e+15  137      0 4.95e-19 1.18e-08 1.00e+00 
1.83e+15  138      0 4.51e-19 1.13e-08 1.00e+00 
1.89e+15  139      0 4.11e-19 1.07e-08 1.00e+00 
1.95e+15  140      0 3.83e-19 1.03e-08 1.00e+00 
2.01e+15  141      0 3.61e-19 1.00e-08 1.00e+00 
2.08e+15  142      0 3.33e-19 9.65e-09 1.00e+00 
2.14e+15  143      0 3.29e-19 9.58e-09 1.00e+00 
2.21e+15  144      0 3.24e-19 9.49e-09 1.00e+00 
2.29e+15  145      0 3.18e-19 9.37e-09 1.00e+00 
2.36e+15  146      0 3.21e-19 9.41e-09 1.00e+00 
2.44e+15  147      0 3.09e-19 9.22e-09 1.00e+00 
2.52e+15  148      0 3.11e-19 9.25e-09 1.00e+00 
2.60e+15  149      0 3.22e-19 9.39e-09 1.00e+00 
2.68e+15  150      0 3.25e-19 9.44e-09 1.00e+00 
2.77e+15  151      0 3.47e-19 9.77e-09 1.00e+00 
2.86e+15  152      0 3.87e-19 1.03e-08 1.00e+00 
2.95e+15  153     -1 0.00e+00 0.00e+00 0.00e+00 
3.05e+15  154     -1 0.00e+00 0.00e+00 0.00e+00 
