        r    i inwind converge       v_x       v_y       v_z   dv_x_dx   dv_y_dx   dv_z_dx   dv_x_dy   dv_y_dy   dv_z_dy   dv_x_dz   dv_y_dz   dv_z_dz     div_v  dvds_max     gamma    dfudge 
2.223e+13    0     -1        0  1.07e+10  0.00e+00  0.00e+00  0.00e+00  0.00e+00  0.00e+00  0.00e+00  0.00e+00  0.00e+00  0.00e+00  0.00e+00  0.00e+00  0.00e+00  0.00e+00  0.00e+00  0.00e+00 
2.296e+13    1      0        0  1.10e+10  0.00e+00  0.00e+00  4.70e-04 -2.71e-10 -4.39e-05  0.00e+00  5.14e-04  0.00e+00 -4.39e-05 -2.71e-10  4.70e-04  1.46e-03  5.14e-04  1.07e+00  2.95e+05 
2.370e+13    2      0        0  1.13e+10  0.00e+00  0.00e+00  4.74e-04 -2.90e-10 -4.11e-05  0.00e+00  5.15e-04  0.00e+00 -4.11e-05 -2.90e-10  4.74e-04  1.46e-03  5.15e-04  1.08e+00  2.95e+05 
2.447e+13    3      0        0  1.16e+10  0.00e+00  0.00e+00  4.62e-04 -3.10e-10 -5.44e-05  0.00e+00  5.16e-04  0.00e+00 -5.44e-05 -3.10e-10  4.62e-04  1.41e-03  5.16e-04  1.09e+00  2.95e+05 
2.527e+13    4      0        0  1.19e+10  0.00e+00  0.00e+00  4.38e-04 -3.29e-10 -7.77e-05  0.00e+00  5.15e-04  0.00e+00 -7.77e-05 -3.29e-10  4.38e-04  1.36e-03  5.15e-04  1.09e+00  2.95e+05 
2.609e+13    5      0        0  1.22e+10  0.00e+00  0.00e+00  4.17e-04 -3.45e-10 -9.56e-05  0.00e+00  5.13e-04  0.00e+00 -9.56e-05 -3.45e-10  4.17e-04  1.33e-03  5.13e-04  1.10e+00  2.95e+05 
2.693e+13    6      0        0  1.25e+10  0.00e+00  0.00e+00  4.09e-04 -3.59e-10 -1.01e-04  0.00e+00  5.09e-04  0.00e+00 -1.01e-04 -3.59e-10  4.09e-04  1.32e-03  5.09e-04  1.10e+00  2.95e+05 
2.781e+13    7      0        0  1.27e+10  0.00e+00  0.00e+00  4.11e-04 -3.75e-10 -9.57e-05  0.00e+00  5.06e-04  0.00e+00 -9.57e-05 -3.75e-10  4.11e-04  1.33e-03  5.06e-04  1.10e+00  2.95e+05 
2.871e+13    8      0        0  1.30e+10  0.00e+00  0.00e+00  4.16e-04 -3.94e-10 -8.85e-05  0.00e+00  5.04e-04  0.00e+00 -8.85e-05 -3.94e-10  4.16e-04  1.34e-03  5.04e-04  1.11e+00  2.95e+05 
2.964e+13    9      0        0  1.33e+10  0.00e+00  0.00e+00  4.17e-04 -4.15e-10 -8.61e-05  0.00e+00  5.03e-04  0.00e+00 -8.61e-05 -4.15e-10  4.17e-04  1.33e-03  5.03e-04  1.12e+00  2.95e+05 
3.061e+13   10      0        0  1.37e+10  0.00e+00  0.00e+00  4.11e-04 -4.38e-10 -9.04e-05  0.00e+00  5.02e-04  0.00e+00 -9.04e-05 -4.38e-10  4.11e-04  1.31e-03  5.02e-04  1.12e+00  2.95e+05 
3.160e+13   11      0        0  1.40e+10  0.00e+00  0.00e+00  3.98e-04 -4.60e-10 -1.02e-04  0.00e+00  5.00e-04  0.00e+00 -1.02e-04 -4.60e-10  3.98e-04  1.27e-03  5.00e-04  1.13e+00  2.95e+05 
3.262e+13   12      0        0  1.43e+10  0.00e+00  0.00e+00  3.81e-04 -4.81e-10 -1.16e-04  0.00e+00  4.97e-04  0.00e+00 -1.16e-04 -4.81e-10  3.81e-04  1.24e-03  4.97e-04  1.14e+00  2.95e+05 
3.368e+13   13      0        0  1.45e+10  0.00e+00  0.00e+00  3.69e-04 -4.99e-10 -1.24e-04  0.00e+00  4.93e-04  0.00e+00 -1.24e-04 -4.99e-10  3.69e-04  1.22e-03  4.93e-04  1.14e+00  2.95e+05 
3.478e+13   14      0        0  1.48e+10  0.00e+00  0.00e+00  3.65e-04 -5.17e-10 -1.24e-04  0.00e+00  4.89e-04  0.00e+00 -1.24e-04 -5.17e-10  3.65e-04  1.22e-03  4.89e-04  1.15e+00  2.95e+05 
3.591e+13   15      0        0  1.51e+10  0.00e+00  0.00e+00  3.64e-04 -5.37e-10 -1.21e-04  0.00e+00  4.85e-04  0.00e+00 -1.21e-04 -5.37e-10  3.64e-04  1.21e-03  4.85e-04  1.16e+00  2.95e+05 
3.707e+13   16      0        0  1.53e+10  0.00e+00  0.00e+00  3.60e-04 -5.59e-10 -1.21e-04  0.00e+00  4.82e-04  0.00e+00 -1.21e-04 -5.59e-10  3.60e-04  1.19e-03  4.82e-04  1.16e+00  2.95e+05 
3.828e+13   17      0        0  1.56e+10  0.00e+00  0.00e+00  3.50e-04 -5.81e-10 -1.29e-04  0.00e+00  4.78e-04  0.00e+00 -1.29e-04 -5.81e-10  3.50e-04  1.16e-03  4.78e-04  1.17e+00  2.95e+05 
3.952e+13   18      0        0  1.59e+10  0.00e+00  0.00e+00  3.32e-04 -6.00e-10 -1.41e-04  0.00e+00  4.74e-04  0.00e+00 -1.41e-04 -6.00e-10  3.32e-04  1.12e-03  4.74e-04  1.18e+00  2.95e+05 
4.080e+13   19      0        0  1.61e+10  0.00e+00  0.00e+00  3.18e-04 -6.15e-10 -1.50e-04  0.00e+00  4.68e-04  0.00e+00 -1.50e-04 -6.15e-10  3.18e-04  1.09e-03  4.68e-04  1.19e+00  2.95e+05 
4.213e+13   20      0        0  1.63e+10  0.00e+00  0.00e+00  3.11e-04 -6.28e-10 -1.51e-04  0.00e+00  4.62e-04  0.00e+00 -1.51e-04 -6.28e-10  3.11e-04  1.08e-03  4.62e-04  1.19e+00  2.95e+05 
4.350e+13   21      0        0  1.65e+10  0.00e+00  0.00e+00  3.06e-04 -6.42e-10 -1.50e-04  0.00e+00  4.56e-04  0.00e+00 -1.50e-04 -6.42e-10  3.06e-04  1.06e-03  4.56e-04  1.20e+00  2.95e+05 
4.491e+13   22      0        0  1.68e+10  0.00e+00  0.00e+00  2.97e-04 -6.55e-10 -1.53e-04  0.00e+00  4.50e-04  0.00e+00 -1.53e-04 -6.55e-10  2.97e-04  1.03e-03  4.50e-04  1.21e+00  2.95e+05 
4.637e+13   23      0        0  1.70e+10  0.00e+00  0.00e+00  2.86e-04 -6.66e-10 -1.57e-04  0.00e+00  4.43e-04  0.00e+00 -1.57e-04 -6.66e-10  2.86e-04  1.00e-03  4.43e-04  1.21e+00  2.95e+05 
4.787e+13   24      0        0  1.71e+10  0.00e+00  0.00e+00  2.76e-04 -6.75e-10 -1.61e-04  0.00e+00  4.36e-04  0.00e+00 -1.61e-04 -6.75e-10  2.76e-04  9.74e-04  4.36e-04  1.22e+00  2.95e+05 
4.942e+13   25      0        0  1.73e+10  0.00e+00  0.00e+00  2.67e-04 -6.81e-10 -1.62e-04  0.00e+00  4.29e-04  0.00e+00 -1.62e-04 -6.81e-10  2.67e-04  9.49e-04  4.29e-04  1.22e+00  2.95e+05 
5.103e+13   26      0        0  1.75e+10  0.00e+00  0.00e+00  2.58e-04 -6.86e-10 -1.63e-04  0.00e+00  4.21e-04  0.00e+00 -1.63e-04 -6.86e-10  2.58e-04  9.24e-04  4.21e-04  1.23e+00  2.95e+05 
5.269e+13   27      0        0  1.76e+10  0.00e+00  0.00e+00  2.49e-04 -6.89e-10 -1.64e-04  0.00e+00  4.13e-04  0.00e+00 -1.64e-04 -6.89e-10  2.49e-04  8.98e-04  4.13e-04  1.24e+00  2.95e+05 
5.440e+13   28      0        0  1.78e+10  0.00e+00  0.00e+00  2.40e-04 -6.90e-10 -1.65e-04  0.00e+00  4.05e-04  0.00e+00 -1.65e-04 -6.90e-10  2.40e-04  8.70e-04  4.05e-04  1.24e+00  2.95e+05 
5.616e+13   29      0        0  1.79e+10  0.00e+00  0.00e+00  2.31e-04 -6.88e-10 -1.66e-04  0.00e+00  3.96e-04  0.00e+00 -1.66e-04 -6.88e-10  2.31e-04  8.44e-04  3.96e-04  1.25e+00  2.95e+05 
5.799e+13   30      0        0  1.80e+10  0.00e+00  0.00e+00  2.23e-04 -6.85e-10 -1.64e-04  0.00e+00  3.88e-04  0.00e+00 -1.64e-04 -6.85e-10  2.23e-04  8.23e-04  3.88e-04  1.25e+00  2.95e+05 
5.987e+13   31      0        0  1.81e+10  0.00e+00  0.00e+00  2.17e-04 -6.81e-10 -1.62e-04  0.00e+00  3.79e-04  0.00e+00 -1.62e-04 -6.81e-10  2.17e-04  8.01e-04  3.79e-04  1.25e+00  2.95e+05 
6.181e+13   32      0        0  1.82e+10  0.00e+00  0.00e+00  2.09e-04 -6.76e-10 -1.61e-04  0.00e+00  3.70e-04  0.00e+00 -1.61e-04 -6.76e-10  2.09e-04  7.76e-04  3.70e-04  1.26e+00  2.95e+05 
6.382e+13   33      0        0  1.83e+10  0.00e+00  0.00e+00  2.01e-04 -6.69e-10 -1.61e-04  0.00e+00  3.61e-04  0.00e+00 -1.61e-04 -6.69e-10  2.01e-04  7.49e-04  3.61e-04  1.26e+00  2.95e+05 
6.589e+13   34      0        0  1.84e+10  0.00e+00  0.00e+00  1.93e-04 -6.59e-10 -1.60e-04  0.00e+00  3.52e-04  0.00e+00 -1.60e-04 -6.59e-10  1.93e-04  7.25e-04  3.52e-04  1.26e+00  2.95e+05 
6.803e+13   35      0        0  1.84e+10  0.00e+00  0.00e+00  1.85e-04 -6.49e-10 -1.58e-04  0.00e+00  3.43e-04  0.00e+00 -1.58e-04 -6.49e-10  1.85e-04  7.02e-04  3.43e-04  1.27e+00  2.95e+05 
7.024e+13   36      0        0  1.85e+10  0.00e+00  0.00e+00  1.78e-04 -6.37e-10 -1.56e-04  0.00e+00  3.34e-04  0.00e+00 -1.56e-04 -6.37e-10  1.78e-04  6.79e-04  3.34e-04  1.27e+00  2.95e+05 
7.252e+13   37      0        0  1.85e+10  0.00e+00  0.00e+00  1.71e-04 -6.24e-10 -1.54e-04  0.00e+00  3.25e-04  0.00e+00 -1.54e-04 -6.24e-10  1.71e-04  6.55e-04  3.25e-04  1.27e+00  2.95e+05 
7.488e+13   38      0        0  1.86e+10  0.00e+00  0.00e+00  1.64e-04 -6.09e-10 -1.52e-04  0.00e+00  3.15e-04  0.00e+00 -1.52e-04 -6.09e-10  1.64e-04  6.32e-04  3.15e-04  1.27e+00  2.95e+05 
7.731e+13   39      0        0  1.86e+10  0.00e+00  0.00e+00  1.57e-04 -5.94e-10 -1.49e-04  0.00e+00  3.06e-04  0.00e+00 -1.49e-04 -5.94e-10  1.57e-04  6.09e-04  3.06e-04  1.27e+00  2.95e+05 
7.982e+13   40      0        0  1.86e+10  0.00e+00  0.00e+00  1.50e-04 -5.77e-10 -1.47e-04  0.00e+00  2.97e-04  0.00e+00 -1.47e-04 -5.77e-10  1.50e-04  5.87e-04  2.97e-04  1.27e+00  2.95e+05 
8.241e+13   41      0        0  1.86e+10  0.00e+00  0.00e+00  1.44e-04 -5.60e-10 -1.44e-04  0.00e+00  2.88e-04  0.00e+00 -1.44e-04 -5.60e-10  1.44e-04  5.65e-04  2.88e-04  1.28e+00  2.95e+05 
8.508e+13   42      0        0  1.86e+10  0.00e+00  0.00e+00  1.37e-04 -5.41e-10 -1.41e-04  0.00e+00  2.79e-04  0.00e+00 -1.41e-04 -5.41e-10  1.37e-04  5.42e-04  2.79e-04  1.27e+00  2.95e+05 
8.785e+13   43      0        0  1.86e+10  0.00e+00  0.00e+00  1.30e-04 -5.22e-10 -1.39e-04  0.00e+00  2.69e-04  0.00e+00 -1.39e-04 -5.22e-10  1.30e-04  5.18e-04  2.69e-04  1.27e+00  2.95e+05 
9.070e+13   44      0        0  1.85e+10  0.00e+00  0.00e+00  1.24e-04 -5.02e-10 -1.37e-04  0.00e+00  2.60e-04  0.00e+00 -1.37e-04 -5.02e-10  1.24e-04  4.96e-04  2.60e-04  1.27e+00  2.95e+05 
9.364e+13   45      0        0  1.85e+10  0.00e+00  0.00e+00  1.17e-04 -4.81e-10 -1.34e-04  0.00e+00  2.51e-04  0.00e+00 -1.34e-04 -4.81e-10  1.17e-04  4.75e-04  2.51e-04  1.27e+00  2.95e+05 
9.668e+13   46      0        0  1.84e+10  0.00e+00  0.00e+00  1.11e-04 -4.60e-10 -1.31e-04  0.00e+00  2.42e-04  0.00e+00 -1.31e-04 -4.60e-10  1.11e-04  4.55e-04  2.42e-04  1.27e+00  2.95e+05 
9.982e+13   47      0        0  1.84e+10  0.00e+00  0.00e+00  1.06e-04 -4.38e-10 -1.28e-04  0.00e+00  2.33e-04  0.00e+00 -1.28e-04 -4.38e-10  1.06e-04  4.34e-04  2.33e-04  1.27e+00  2.95e+05 
1.031e+14   48      0        0  1.83e+10  0.00e+00  0.00e+00  9.97e-05 -4.17e-10 -1.25e-04  0.00e+00  2.24e-04  0.00e+00 -1.25e-04 -4.17e-10  9.97e-05  4.14e-04  2.24e-04  1.26e+00  2.95e+05 
1.064e+14   49      0        0  1.82e+10  0.00e+00  0.00e+00  9.42e-05 -3.95e-10 -1.21e-04  0.00e+00  2.16e-04  0.00e+00 -1.21e-04 -3.95e-10  9.42e-05  3.94e-04  2.16e-04  1.26e+00  2.95e+05 
1.099e+14   50      0        0  1.81e+10  0.00e+00  0.00e+00  8.90e-05 -3.74e-10 -1.18e-04  0.00e+00  2.07e-04  0.00e+00 -1.18e-04 -3.74e-10  8.90e-05  3.76e-04  2.07e-04  1.26e+00  2.95e+05 
1.134e+14   51      0        0  1.80e+10  0.00e+00  0.00e+00  8.41e-05 -3.53e-10 -1.15e-04  0.00e+00  1.99e-04  0.00e+00 -1.15e-04 -3.53e-10  8.41e-05  3.58e-04  1.99e-04  1.25e+00  2.95e+05 
1.171e+14   52      0        0  1.79e+10  0.00e+00  0.00e+00  7.90e-05 -3.32e-10 -1.12e-04  0.00e+00  1.91e-04  0.00e+00 -1.12e-04 -3.32e-10  7.90e-05  3.39e-04  1.91e-04  1.25e+00  2.95e+05 
1.209e+14   53      0        0  1.78e+10  0.00e+00  0.00e+00  7.34e-05 -3.12e-10 -1.09e-04  0.00e+00  1.82e-04  0.00e+00 -1.09e-04 -3.12e-10  7.34e-05  3.19e-04  1.82e-04  1.24e+00  2.95e+05 
1.248e+14   54      0        0  1.76e+10  0.00e+00  0.00e+00  6.80e-05 -2.91e-10 -1.06e-04  0.00e+00  1.74e-04  0.00e+00 -1.06e-04 -2.91e-10  6.80e-05  3.02e-04  1.74e-04  1.24e+00  2.95e+05 
1.289e+14   55      0        0  1.75e+10  0.00e+00  0.00e+00  6.39e-05 -2.71e-10 -1.03e-04  0.00e+00  1.67e-04  0.00e+00 -1.03e-04 -2.71e-10  6.39e-05  2.87e-04  1.67e-04  1.23e+00  2.95e+05 
1.331e+14   56      0        0  1.73e+10  0.00e+00  0.00e+00  6.05e-05 -2.53e-10 -9.87e-05  0.00e+00  1.59e-04  0.00e+00 -9.87e-05 -2.53e-10  6.05e-05  2.73e-04  1.59e-04  1.22e+00  2.95e+05 
1.374e+14   57      0        0  1.71e+10  0.00e+00  0.00e+00  5.69e-05 -2.35e-10 -9.51e-05  0.00e+00  1.52e-04  0.00e+00 -9.51e-05 -2.35e-10  5.69e-05  2.58e-04  1.52e-04  1.22e+00  2.95e+05 
1.419e+14   58      0        0  1.70e+10  0.00e+00  0.00e+00  5.29e-05 -2.18e-10 -9.22e-05  0.00e+00  1.45e-04  0.00e+00 -9.22e-05 -2.18e-10  5.29e-05  2.43e-04  1.45e-04  1.21e+00  2.95e+05 
1.465e+14   59      0        0  1.68e+10  0.00e+00  0.00e+00  4.93e-05 -2.02e-10 -8.90e-05  0.00e+00  1.38e-04  0.00e+00 -8.90e-05 -2.02e-10  4.93e-05  2.31e-04  1.38e-04  1.21e+00  2.95e+05 
1.512e+14   60      0        0  1.66e+10  0.00e+00  0.00e+00  4.63e-05 -1.87e-10 -8.55e-05  0.00e+00  1.32e-04  0.00e+00 -8.55e-05 -1.87e-10  4.63e-05  2.18e-04  1.32e-04  1.20e+00  2.95e+05 
1.561e+14   61      0        0  1.64e+10  0.00e+00  0.00e+00  4.32e-05 -1.73e-10 -8.23e-05  0.00e+00  1.26e-04  0.00e+00 -8.23e-05 -1.73e-10  4.32e-05  2.06e-04  1.26e-04  1.19e+00  2.95e+05 
1.612e+14   62      0        0  1.62e+10  0.00e+00  0.00e+00  4.01e-05 -1.59e-10 -7.94e-05  0.00e+00  1.19e-04  0.00e+00 -7.94e-05 -1.59e-10  4.01e-05  1.93e-04  1.19e-04  1.19e+00  2.95e+05 
1.664e+14   63      0        0  1.60e+10  0.00e+00  0.00e+00  3.73e-05 -1.47e-10 -7.63e-05  0.00e+00  1.14e-04  0.00e+00 -7.63e-05 -1.47e-10  3.73e-05  1.83e-04  1.14e-04  1.18e+00  2.95e+05 
1.718e+14   64      0        0  1.58e+10  0.00e+00  0.00e+00  3.52e-05 -1.35e-10 -7.29e-05  0.00e+00  1.08e-04  0.00e+00 -7.29e-05 -1.35e-10  3.52e-05  1.74e-04  1.08e-04  1.18e+00  2.95e+05 
1.774e+14   65      0        0  1.56e+10  0.00e+00  0.00e+00  3.32e-05 -1.24e-10 -6.96e-05  0.00e+00  1.03e-04  0.00e+00 -6.96e-05 -1.24e-10  3.32e-05  1.65e-04  1.03e-04  1.17e+00  2.95e+05 
1.832e+14   66      0        0  1.54e+10  0.00e+00  0.00e+00  3.12e-05 -1.14e-10 -6.66e-05  0.00e+00  9.78e-05  0.00e+00 -6.66e-05 -1.14e-10  3.12e-05  1.56e-04  9.78e-05  1.16e+00  2.95e+05 
1.891e+14   67      0        0  1.52e+10  0.00e+00  0.00e+00  2.94e-05 -1.05e-10 -6.36e-05  0.00e+00  9.30e-05  0.00e+00 -6.36e-05 -1.05e-10  2.94e-05  1.48e-04  9.30e-05  1.16e+00  2.95e+05 
1.953e+14   68      0        0  1.50e+10  0.00e+00  0.00e+00  2.79e-05 -9.64e-11 -6.06e-05  0.00e+00  8.84e-05  0.00e+00 -6.06e-05 -9.64e-11  2.79e-05  1.40e-04  8.84e-05  1.15e+00  2.95e+05 
2.016e+14   69      0        0  1.48e+10  0.00e+00  0.00e+00  2.65e-05 -8.86e-11 -5.76e-05  0.00e+00  8.41e-05  0.00e+00 -5.76e-05 -8.86e-11  2.65e-05  1.34e-04  8.41e-05  1.15e+00  2.95e+05 
2.082e+14   70      0        0  1.46e+10  0.00e+00  0.00e+00  2.53e-05 -8.16e-11 -5.48e-05  0.00e+00  8.00e-05  0.00e+00 -5.48e-05 -8.16e-11  2.53e-05  1.27e-04  8.00e-05  1.14e+00  2.95e+05 
2.149e+14   71      0        0  1.44e+10  0.00e+00  0.00e+00  2.41e-05 -7.51e-11 -5.21e-05  0.00e+00  7.62e-05  0.00e+00 -5.21e-05 -7.51e-11  2.41e-05  1.21e-04  7.62e-05  1.14e+00  2.95e+05 
2.219e+14   72      0        0  1.42e+10  0.00e+00  0.00e+00  2.29e-05 -6.92e-11 -4.97e-05  0.00e+00  7.25e-05  0.00e+00 -4.97e-05 -6.92e-11  2.29e-05  1.15e-04  7.25e-05  1.14e+00  2.95e+05 
2.291e+14   73      0        0  1.40e+10  0.00e+00  0.00e+00  2.16e-05 -6.38e-11 -4.74e-05  0.00e+00  6.90e-05  0.00e+00 -4.74e-05 -6.38e-11  2.16e-05  1.10e-04  6.90e-05  1.13e+00  2.95e+05 
2.365e+14   74      0        0  1.38e+10  0.00e+00  0.00e+00  2.07e-05 -5.88e-11 -4.50e-05  0.00e+00  6.57e-05  0.00e+00 -4.50e-05 -5.88e-11  2.07e-05  1.05e-04  6.57e-05  1.13e+00  2.95e+05 
2.442e+14   75      0        0  1.36e+10  0.00e+00  0.00e+00  2.00e-05 -5.43e-11 -4.26e-05  0.00e+00  6.26e-05  0.00e+00 -4.26e-05 -5.43e-11  2.00e-05  1.00e-04  6.26e-05  1.12e+00  2.95e+05 
2.521e+14   76      0        0  1.34e+10  0.00e+00  0.00e+00  1.93e-05 -5.02e-11 -4.04e-05  0.00e+00  5.97e-05  0.00e+00 -4.04e-05 -5.02e-11  1.93e-05  9.63e-05  5.97e-05  1.12e+00  2.95e+05 
2.603e+14   77      0        0  1.33e+10  0.00e+00  0.00e+00  1.86e-05 -4.65e-11 -3.84e-05  0.00e+00  5.69e-05  0.00e+00 -3.84e-05 -4.65e-11  1.86e-05  9.19e-05  5.69e-05  1.12e+00  2.95e+05 
2.688e+14   78      0        0  1.31e+10  0.00e+00  0.00e+00  1.78e-05 -4.31e-11 -3.65e-05  0.00e+00  5.43e-05  0.00e+00 -3.65e-05 -4.31e-11  1.78e-05  8.78e-05  5.43e-05  1.11e+00  2.95e+05 
2.775e+14   79      0        0  1.30e+10  0.00e+00  0.00e+00  1.69e-05 -3.99e-11 -3.49e-05  0.00e+00  5.18e-05  0.00e+00 -3.49e-05 -3.99e-11  1.69e-05  8.35e-05  5.18e-05  1.11e+00  2.95e+05 
2.865e+14   80      0        0  1.28e+10  0.00e+00  0.00e+00  1.60e-05 -3.70e-11 -3.35e-05  0.00e+00  4.94e-05  0.00e+00 -3.35e-05 -3.70e-11  1.60e-05  7.91e-05  4.94e-05  1.11e+00  2.95e+05 
2.958e+14   81      0        0  1.26e+10  0.00e+00  0.00e+00  1.50e-05 -3.43e-11 -3.22e-05  0.00e+00  4.71e-05  0.00e+00 -3.22e-05 -3.43e-11  1.50e-05  7.50e-05  4.71e-05  1.10e+00  2.95e+05 
3.054e+14   82      0        0  1.25e+10  0.00e+00  0.00e+00  1.41e-05 -3.17e-11 -3.08e-05  0.00e+00  4.49e-05  0.00e+00 -3.08e-05 -3.17e-11  1.41e-05  7.14e-05  4.49e-05  1.10e+00  2.95e+05 
3.153e+14   83      0        0  1.23e+10  0.00e+00  0.00e+00  1.35e-05 -2.93e-11 -2.93e-05  0.00e+00  4.28e-05  0.00e+00 -2.93e-05 -2.93e-11  1.35e-05  6.83e-05  4.28e-05  1.10e+00  2.95e+05 
3.256e+14   84      0        0  1.22e+10  0.00e+00  0.00e+00  1.31e-05 -2.72e-11 -2.78e-05  0.00e+00  4.09e-05  0.00e+00 -2.78e-05 -2.72e-11  1.31e-05  6.57e-05  4.09e-05  1.09e+00  2.95e+05 
3.362e+14   85      0        0  1.20e+10  0.00e+00  0.00e+00  1.27e-05 -2.52e-11 -2.63e-05  0.00e+00  3.90e-05  0.00e+00 -2.63e-05 -2.52e-11  1.27e-05  6.32e-05  3.90e-05  1.09e+00  2.95e+05 
3.471e+14   86      0        0  1.19e+10  0.00e+00  0.00e+00  1.24e-05 -2.34e-11 -2.49e-05  0.00e+00  3.72e-05  0.00e+00 -2.49e-05 -2.34e-11  1.24e-05  6.08e-05  3.72e-05  1.09e+00  2.95e+05 
3.583e+14   87      0        0  1.17e+10  0.00e+00  0.00e+00  1.20e-05 -2.18e-11 -2.36e-05  0.00e+00  3.56e-05  0.00e+00 -2.36e-05 -2.18e-11  1.20e-05  5.84e-05  3.56e-05  1.09e+00  2.95e+05 
3.700e+14   88      0        0  1.16e+10  0.00e+00  0.00e+00  1.16e-05 -2.03e-11 -2.24e-05  0.00e+00  3.40e-05  0.00e+00 -2.24e-05 -2.03e-11  1.16e-05  5.62e-05  3.40e-05  1.08e+00  2.95e+05 
3.820e+14   89      0        0  1.15e+10  0.00e+00  0.00e+00  1.13e-05 -1.90e-11 -2.12e-05  0.00e+00  3.25e-05  0.00e+00 -2.12e-05 -1.90e-11  1.13e-05  5.42e-05  3.25e-05  1.08e+00  2.95e+05 
3.944e+14   90      0        0  1.14e+10  0.00e+00  0.00e+00  1.11e-05 -1.77e-11 -2.00e-05  0.00e+00  3.11e-05  0.00e+00 -2.00e-05 -1.77e-11  1.11e-05  5.25e-05  3.11e-05  1.08e+00  2.95e+05 
4.072e+14   91      0        0  1.13e+10  0.00e+00  0.00e+00  1.09e-05 -1.66e-11 -1.89e-05  0.00e+00  2.98e-05  0.00e+00 -1.89e-05 -1.66e-11  1.09e-05  5.07e-05  2.98e-05  1.08e+00  2.95e+05 
4.204e+14   92      0        0  1.12e+10  0.00e+00  0.00e+00  1.05e-05 -1.56e-11 -1.80e-05  0.00e+00  2.86e-05  0.00e+00 -1.80e-05 -1.56e-11  1.05e-05  4.85e-05  2.86e-05  1.08e+00  2.95e+05 
4.341e+14   93      0        0  1.11e+10  0.00e+00  0.00e+00  1.00e-05 -1.47e-11 -1.74e-05  0.00e+00  2.74e-05  0.00e+00 -1.74e-05 -1.47e-11  1.00e-05  4.62e-05  2.74e-05  1.08e+00  2.95e+05 
4.482e+14   94      0        0  1.09e+10  0.00e+00  0.00e+00  9.62e-06 -1.38e-11 -1.66e-05  0.00e+00  2.62e-05  0.00e+00 -1.66e-05 -1.38e-11  9.62e-06  4.47e-05  2.62e-05  1.07e+00  2.95e+05 
4.627e+14   95      0        0  1.08e+10  0.00e+00  0.00e+00  9.54e-06 -1.29e-11 -1.56e-05  0.00e+00  2.52e-05  0.00e+00 -1.56e-05 -1.29e-11  9.54e-06  4.38e-05  2.52e-05  1.07e+00  2.95e+05 
4.777e+14   96      0        0  1.08e+10  0.00e+00  0.00e+00  9.42e-06 -1.22e-11 -1.47e-05  0.00e+00  2.41e-05  0.00e+00 -1.47e-05 -1.22e-11  9.42e-06  4.23e-05  2.41e-05  1.07e+00  2.95e+05 
4.932e+14   97      0        0  1.07e+10  0.00e+00  0.00e+00  9.05e-06 -1.15e-11 -1.41e-05  0.00e+00  2.32e-05  0.00e+00 -1.41e-05 -1.15e-11  9.05e-06  4.03e-05  2.32e-05  1.07e+00  2.95e+05 
5.093e+14   98      0        0  1.06e+10  0.00e+00  0.00e+00  8.61e-06 -1.09e-11 -1.37e-05  0.00e+00  2.23e-05  0.00e+00 -1.37e-05 -1.09e-11  8.61e-06  3.86e-05  2.23e-05  1.07e+00  2.95e+05 
5.258e+14   99      0        0  1.05e+10  0.00e+00  0.00e+00  8.29e-06 -1.03e-11 -1.31e-05  0.00e+00  2.14e-05  0.00e+00 -1.31e-05 -1.03e-11  8.29e-06  3.73e-05  2.14e-05  1.07e+00  2.95e+05 
5.429e+14  100      0        0  1.04e+10  0.00e+00  0.00e+00  8.15e-06 -9.70e-12 -1.24e-05  0.00e+00  2.05e-05  0.00e+00 -1.24e-05 -9.70e-12  8.15e-06  3.64e-05  2.05e-05  1.07e+00  2.95e+05 
5.605e+14  101      0        0  1.04e+10  0.00e+00  0.00e+00  8.16e-06 -9.20e-12 -1.16e-05  0.00e+00  1.97e-05  0.00e+00 -1.16e-05 -9.20e-12  8.16e-06  3.58e-05  1.97e-05  1.07e+00  2.95e+05 
5.787e+14  102      0        0  1.03e+10  0.00e+00  0.00e+00  8.05e-06 -8.75e-12 -1.10e-05  0.00e+00  1.90e-05  0.00e+00 -1.10e-05 -8.75e-12  8.05e-06  3.44e-05  1.90e-05  1.07e+00  2.95e+05 
5.975e+14  103      0        0  1.03e+10  0.00e+00  0.00e+00  7.56e-06 -8.33e-12 -1.07e-05  0.00e+00  1.83e-05  0.00e+00 -1.07e-05 -8.33e-12  7.56e-06  3.23e-05  1.83e-05  1.06e+00  2.95e+05 
6.169e+14  104      0        0  1.02e+10  0.00e+00  0.00e+00  7.11e-06 -7.89e-12 -1.05e-05  0.00e+00  1.76e-05  0.00e+00 -1.05e-05 -7.89e-12  7.11e-06  3.13e-05  1.76e-05  1.06e+00  2.95e+05 
6.369e+14  105      0        0  1.01e+10  0.00e+00  0.00e+00  7.25e-06 -7.49e-12 -9.66e-06  0.00e+00  1.69e-05  0.00e+00 -9.66e-06 -7.49e-12  7.25e-06  3.16e-05  1.69e-05  1.06e+00  2.95e+05 
6.576e+14  106      0        0  1.01e+10  0.00e+00  0.00e+00  7.53e-06 -7.17e-12 -8.79e-06  0.00e+00  1.63e-05  0.00e+00 -8.79e-06 -7.17e-12  7.53e-06  3.12e-05  1.63e-05  1.06e+00  2.95e+05 
6.789e+14  107      0        0  1.01e+10  0.00e+00  0.00e+00  7.11e-06 -6.90e-12 -8.67e-06  0.00e+00  1.58e-05  0.00e+00 -8.67e-06 -6.90e-12  7.11e-06  2.88e-05  1.58e-05  1.06e+00  2.95e+05 
7.010e+14  108      0        0  1.00e+10  0.00e+00  0.00e+00  6.38e-06 -6.58e-12 -8.82e-06  0.00e+00  1.52e-05  0.00e+00 -8.82e-06 -6.58e-12  6.38e-06  2.71e-05  1.52e-05  1.06e+00  2.95e+05 
7.237e+14  109      0        0  9.98e+09  0.00e+00  0.00e+00  6.44e-06 -6.24e-12 -8.18e-06  0.00e+00  1.46e-05  0.00e+00 -8.18e-06 -6.24e-12  6.44e-06  2.79e-05  1.46e-05  1.06e+00  2.95e+05 
7.472e+14  110      0        0  9.96e+09  0.00e+00  0.00e+00  7.07e-06 -6.01e-12 -7.05e-06  0.00e+00  1.41e-05  0.00e+00 -7.05e-06 -6.01e-12  7.07e-06  2.87e-05  1.41e-05  1.06e+00  2.95e+05 
7.715e+14  111      0        0  9.98e+09  0.00e+00  0.00e+00  7.02e-06 -5.86e-12 -6.70e-06  0.00e+00  1.37e-05  0.00e+00 -6.70e-06 -5.86e-12  7.02e-06  2.68e-05  1.37e-05  1.06e+00  2.95e+05 
7.965e+14  112      0        0  9.97e+09  0.00e+00  0.00e+00  6.23e-06 -5.67e-12 -7.04e-06  0.00e+00  1.33e-05  0.00e+00 -7.04e-06 -5.67e-12  6.23e-06  2.46e-05  1.33e-05  1.06e+00  2.95e+05 
8.224e+14  113      0        0  9.93e+09  0.00e+00  0.00e+00  6.08e-06 -5.42e-12 -6.72e-06  0.00e+00  1.28e-05  0.00e+00 -6.72e-06 -5.42e-12  6.08e-06  2.54e-05  1.28e-05  1.06e+00  2.95e+05 
8.491e+14  114      0        0  9.94e+09  0.00e+00  0.00e+00  6.89e-06 -5.26e-12 -5.51e-06  0.00e+00  1.24e-05  0.00e+00 -5.51e-06 -5.26e-12  6.89e-06  2.71e-05  1.24e-05  1.06e+00  2.95e+05 
8.767e+14  115      0        0  1.00e+10  0.00e+00  0.00e+00  7.17e-06 -5.22e-12 -4.94e-06  0.00e+00  1.21e-05  0.00e+00 -4.94e-06 -5.22e-12  7.17e-06  2.58e-05  1.21e-05  1.06e+00  2.95e+05 
9.051e+14  116      0        0  1.01e+10  0.00e+00  0.00e+00  6.26e-06 -5.14e-12 -5.55e-06  0.00e+00  1.18e-05  0.00e+00 -5.55e-06 -5.14e-12  6.26e-06  2.28e-05  1.18e-05  1.06e+00  2.95e+05 
9.345e+14  117      0        0  1.01e+10  0.00e+00  0.00e+00  5.69e-06 -4.96e-12 -5.73e-06  0.00e+00  1.14e-05  0.00e+00 -5.73e-06 -4.96e-12  5.69e-06  2.28e-05  1.14e-05  1.06e+00  2.95e+05 
9.649e+14  118      0        0  1.01e+10  0.00e+00  0.00e+00  6.47e-06 -4.82e-12 -4.60e-06  0.00e+00  1.11e-05  0.00e+00 -4.60e-06 -4.82e-12  6.47e-06  2.53e-05  1.11e-05  1.06e+00  2.95e+05 
9.962e+14  119      0        0  1.02e+10  0.00e+00  0.00e+00  7.04e-06 -4.83e-12 -3.81e-06  0.00e+00  1.08e-05  0.00e+00 -3.81e-06 -4.83e-12  7.04e-06  2.46e-05  1.08e-05  1.06e+00  2.95e+05 
1.029e+15  120      0        0  1.03e+10  0.00e+00  0.00e+00  6.08e-06 -4.84e-12 -4.54e-06  0.00e+00  1.06e-05  0.00e+00 -4.54e-06 -4.84e-12  6.08e-06  2.09e-05  1.06e-05  1.06e+00  2.95e+05 
1.062e+15  121      0        1  1.03e+10  0.00e+00  0.00e+00  5.04e-06 -4.68e-12 -5.25e-06  0.00e+00  1.03e-05  0.00e+00 -5.25e-06 -4.68e-12  5.04e-06  1.99e-05  1.03e-05  1.06e+00  2.95e+05 
1.096e+15  122      0        1  1.03e+10  0.00e+00  0.00e+00  5.49e-06 -4.52e-12 -4.46e-06  0.00e+00  9.95e-06  0.00e+00 -4.46e-06 -4.52e-12  5.49e-06  2.21e-05  9.95e-06  1.06e+00  2.95e+05 
1.132e+15  123      0        2  1.03e+10  0.00e+00  0.00e+00  6.22e-06 -4.50e-12 -3.51e-06  0.00e+00  9.73e-06  0.00e+00 -3.51e-06 -4.50e-12  6.22e-06  2.22e-05  9.73e-06  1.07e+00  2.95e+05 
1.169e+15  124      0        2  1.04e+10  0.00e+00  0.00e+00  5.62e-06 -4.51e-12 -3.92e-06  0.00e+00  9.54e-06  0.00e+00 -3.92e-06 -4.51e-12  5.62e-06  1.92e-05  9.54e-06  1.07e+00  2.95e+05 
1.207e+15  125      0        2  1.05e+10  0.00e+00  0.00e+00  4.77e-06 -4.39e-12 -4.49e-06  0.00e+00  9.25e-06  0.00e+00 -4.49e-06 -4.39e-12  4.77e-06  1.83e-05  9.25e-06  1.07e+00  2.95e+05 
1.246e+15  126      0        1  1.05e+10  0.00e+00  0.00e+00  5.35e-06 -4.26e-12 -3.62e-06  0.00e+00  8.97e-06  0.00e+00 -3.62e-06 -4.26e-12  5.35e-06  2.11e-05  8.97e-06  1.07e+00  2.95e+05 
1.286e+15  127      0        2  1.06e+10  0.00e+00  0.00e+00  6.44e-06 -4.31e-12 -2.38e-06  0.00e+00  8.81e-06  0.00e+00 -2.38e-06 -4.31e-12  6.44e-06  2.23e-05  8.81e-06  1.07e+00  2.95e+05 
1.328e+15  128      0        0  1.08e+10  0.00e+00  0.00e+00  6.19e-06 -4.44e-12 -2.53e-06  0.00e+00  8.72e-06  0.00e+00 -2.53e-06 -4.44e-12  6.19e-06  1.98e-05  8.72e-06  1.07e+00  2.95e+05 
1.371e+15  129      0        0  1.09e+10  0.00e+00  0.00e+00  5.14e-06 -4.45e-12 -3.40e-06  0.00e+00  8.55e-06  0.00e+00 -3.40e-06 -4.45e-12  5.14e-06  1.78e-05  8.55e-06  1.07e+00  2.95e+05 
1.416e+15  130      0        0  1.10e+10  0.00e+00  0.00e+00  5.00e-06 -4.37e-12 -3.32e-06  0.00e+00  8.31e-06  0.00e+00 -3.32e-06 -4.37e-12  5.00e-06  1.89e-05  8.31e-06  1.07e+00  2.95e+05 
1.462e+15  131      0        2  1.11e+10  0.00e+00  0.00e+00  5.68e-06 -4.38e-12 -2.47e-06  0.00e+00  8.15e-06  0.00e+00 -2.47e-06 -4.38e-12  5.68e-06  2.02e-05  8.15e-06  1.08e+00  2.95e+05 
1.509e+15  132      0        2  1.13e+10  0.00e+00  0.00e+00  5.89e-06 -4.49e-12 -2.16e-06  0.00e+00  8.05e-06  0.00e+00 -2.16e-06 -4.49e-12  5.89e-06  1.95e-05  8.05e-06  1.08e+00  2.95e+05 
1.558e+15  133      0        0  1.14e+10  0.00e+00  0.00e+00  5.55e-06 -4.58e-12 -2.38e-06  0.00e+00  7.93e-06  0.00e+00 -2.38e-06 -4.58e-12  5.55e-06  1.86e-05  7.93e-06  1.08e+00  2.95e+05 
1.609e+15  134      0        0  1.16e+10  0.00e+00  0.00e+00  5.72e-06 -4.63e-12 -2.08e-06  0.00e+00  7.80e-06  0.00e+00 -2.08e-06 -4.63e-12  5.72e-06  2.00e-05  7.80e-06  1.08e+00  2.95e+05 
1.661e+15  135      0        0  1.18e+10  0.00e+00  0.00e+00  6.56e-06 -4.80e-12 -1.17e-06  0.00e+00  7.73e-06  0.00e+00 -1.17e-06 -4.80e-12  6.56e-06  2.18e-05  7.73e-06  1.09e+00  2.95e+05 
1.715e+15  136      0        0  1.21e+10  0.00e+00  0.00e+00  6.79e-06 -5.14e-12 -9.61e-07  0.00e+00  7.75e-06  0.00e+00 -9.61e-07 -5.14e-12  6.79e-06  2.08e-05  7.75e-06  1.09e+00  2.95e+05 
1.771e+15  137      0        0  1.24e+10  0.00e+00  0.00e+00  6.00e-06 -5.41e-12 -1.72e-06  0.00e+00  7.72e-06  0.00e+00 -1.72e-06 -5.41e-12  6.00e-06  1.86e-05  7.72e-06  1.10e+00  2.95e+05 
1.828e+15  138      0        0  1.26e+10  0.00e+00  0.00e+00  5.58e-06 -5.52e-12 -2.04e-06  0.00e+00  7.62e-06  0.00e+00 -2.04e-06 -5.52e-12  5.58e-06  1.90e-05  7.62e-06  1.10e+00  2.95e+05 
1.887e+15  139      0        0  1.29e+10  0.00e+00  0.00e+00  6.21e-06 -5.70e-12 -1.32e-06  0.00e+00  7.54e-06  0.00e+00 -1.32e-06 -5.70e-12  6.21e-06  2.10e-05  7.54e-06  1.11e+00  2.95e+05 
1.949e+15  140      0        0  1.32e+10  0.00e+00  0.00e+00  6.60e-06 -6.10e-12 -9.61e-07  0.00e+00  7.56e-06  0.00e+00 -9.61e-07 -6.10e-12  6.60e-06  2.04e-05  7.56e-06  1.11e+00  2.95e+05 
2.012e+15  141      0        0  1.36e+10  0.00e+00  0.00e+00  5.81e-06 -6.47e-12 -1.74e-06  0.00e+00  7.55e-06  0.00e+00 -1.74e-06 -6.47e-12  5.81e-06  1.78e-05  7.55e-06  1.12e+00  2.95e+05 
2.077e+15  142      0        0  1.37e+10  0.00e+00  0.00e+00  5.27e-06 -6.59e-12 -2.17e-06  0.00e+00  7.44e-06  0.00e+00 -2.17e-06 -6.59e-12  5.27e-06  1.82e-05  7.44e-06  1.13e+00  2.95e+05 
2.145e+15  143      0        0  1.40e+10  0.00e+00  0.00e+00  6.29e-06 -6.78e-12 -1.07e-06  0.00e+00  7.36e-06  0.00e+00 -1.07e-06 -6.78e-12  6.29e-06  2.19e-05  9.00e-06  1.13e+00  2.95e+05 
2.214e+15  144      0        0  1.45e+10  0.00e+00  0.00e+00  7.30e-06 -7.46e-12 -1.53e-07  0.00e+00  7.45e-06  0.00e+00 -1.53e-07 -7.46e-12  7.30e-06  2.23e-05  9.45e-06  1.14e+00  2.95e+05 
2.286e+15  145      0        0  1.50e+10  0.00e+00  0.00e+00  6.34e-06 -8.26e-12 -1.23e-06  0.00e+00  7.56e-06  0.00e+00 -1.23e-06 -8.26e-12  6.34e-06  1.80e-05  7.56e-06  1.15e+00  2.95e+05 
2.361e+15  146      0        0  1.52e+10  0.00e+00  0.00e+00  4.78e-06 -8.47e-12 -2.69e-06  0.00e+00  7.47e-06  0.00e+00 -2.69e-06 -8.47e-12  4.78e-06  1.60e-05  7.47e-06  1.16e+00  2.95e+05 
2.437e+15  147      0        0  1.53e+10  0.00e+00  0.00e+00  4.93e-06 -8.39e-12 -2.36e-06  0.00e+00  7.30e-06  0.00e+00 -2.36e-06 -8.39e-12  4.93e-06  1.85e-05  7.30e-06  1.16e+00  2.95e+05 
2.516e+15  148      0        0  1.56e+10  0.00e+00  0.00e+00  6.42e-06 -8.79e-12 -8.48e-07  0.00e+00  7.26e-06  0.00e+00 -8.48e-07 -8.79e-12  6.42e-06  2.18e-05  9.85e-06  1.17e+00  2.95e+05 
2.598e+15  149      0        1  1.62e+10  0.00e+00  0.00e+00  6.90e-06 -9.86e-12 -5.09e-07  0.00e+00  7.41e-06  0.00e+00 -5.09e-07 -9.86e-12  6.90e-06  2.05e-05  8.54e-06  1.19e+00  2.95e+05 
2.682e+15  150      0        0  1.67e+10  0.00e+00  0.00e+00  4.56e-06 -1.07e-11 -2.91e-06  0.00e+00  7.47e-06  0.00e+00 -2.91e-06 -1.07e-11  4.56e-06  1.23e-05  7.47e-06  1.20e+00  2.95e+05 
2.769e+15  151      0        0  1.65e+10  0.00e+00  0.00e+00  9.55e-07 -9.90e-12 -6.16e-06  0.00e+00  7.12e-06  0.00e+00 -6.16e-06 -9.90e-12  9.55e-07  5.44e-06  1.16e-05  1.20e+00  2.95e+05 
2.859e+15  152      0        0  1.57e+10  0.00e+00  0.00e+00 -1.57e-06 -8.00e-12 -8.03e-06  0.00e+00  6.47e-06  0.00e+00 -8.03e-06 -8.00e-12 -1.57e-06  1.09e-06  1.53e-05  1.17e+00  2.95e+05 
2.952e+15  153     -1        0  1.47e+10  0.00e+00  0.00e+00  0.00e+00  0.00e+00  0.00e+00  0.00e+00  0.00e+00  0.00e+00  0.00e+00  0.00e+00  0.00e+00  0.00e+00  0.00e+00  0.00e+00  0.00e+00 
3.048e+15  154     -1        0  1.47e+10  0.00e+00  0.00e+00  0.00e+00  0.00e+00  0.00e+00  0.00e+00  0.00e+00  0.00e+00  0.00e+00  0.00e+00  0.00e+00  0.00e+00  0.00e+00  0.00e+00  0.00e+00 
