        r    i inwind converge       v_x       v_y       v_z       vol       rho        ne       t_e       t_r         w  ave_freq         J  J_direct   J_scatt   lum_tot  heat_tot heat_comp heat_line   heat_ff heat_phot heat_auge  cool_tot cool_comp lum_lines   cool_dr    lum_ff    lum_rr   cool_rr cool_adia heat_shoc heat_line heat_phot 
2.223e+13    0     -1        0  1.07e+10  0.00e+00  0.00e+00  0.00e+00  0.00e+00  0.00e+00  0.00e+00  0.00e+00  0.00e+00  0.00e+00  0.00e+00  0.00e+00  0.00e+00  0.00e+00  0.00e+00  0.00e+00  0.00e+00  0.00e+00  0.00e+00  0.00e+00  0.00e+00  0.00e+00  0.00e+00  0.00e+00  0.00e+00  0.00e+00  0.00e+00  0.00e+00  0.00e+00  0.00e+00  0.00e+00 
2.296e+13    1      0        0  1.10e+10  0.00e+00  0.00e+00  5.49e+39  4.86e-14  2.49e+10  1.98e+05  1.67e+05  7.11e+00  1.33e+16  9.98e+16  9.36e+16  6.20e+15  6.35e+36  1.52e+40  1.14e+40  9.83e+30  1.92e+37  1.36e+36  0.00e+00  1.52e+40  1.52e+40  5.84e+30  0.00e+00  3.54e+36  3.21e+36  2.81e+36  1.05e+37  0.00e+00  6.02e+30  1.36e+36 
2.370e+13    2      0        0  1.13e+10  0.00e+00  0.00e+00  6.07e+39  4.78e-14  2.45e+10  1.87e+05  1.60e+05  6.85e+00  1.28e+16  8.13e+16  7.39e+16  7.36e+15  6.68e+36  1.28e+40  9.66e+39  1.62e+31  1.96e+37  1.64e+36  0.00e+00  1.28e+40  1.27e+40  6.68e+30  0.00e+00  3.66e+36  3.45e+36  3.02e+36  1.07e+37  0.00e+00  9.40e+30  1.64e+36 
2.447e+13    3      0        0  1.16e+10  0.00e+00  0.00e+00  6.72e+39  4.72e-14  2.42e+10  1.79e+05  1.55e+05  6.60e+00  1.24e+16  6.96e+16  6.18e+16  7.79e+15  7.12e+36  1.14e+40  8.72e+39  2.25e+31  2.02e+37  1.64e+36  0.00e+00  1.14e+40  1.14e+40  9.27e+30  0.00e+00  3.86e+36  3.74e+36  3.26e+36  1.09e+37  0.00e+00  1.12e+31  1.64e+36 
2.527e+13    4      0        0  1.19e+10  0.00e+00  0.00e+00  7.43e+39  4.68e-14  2.40e+10  1.72e+05  1.52e+05  6.37e+00  1.21e+16  6.06e+16  5.27e+16  7.92e+15  7.64e+36  1.05e+40  8.08e+39  3.09e+31  2.12e+37  1.78e+36  0.00e+00  1.05e+40  1.05e+40  1.24e+31  0.00e+00  4.10e+36  4.07e+36  3.54e+36  1.10e+37  0.00e+00  1.27e+31  1.78e+36 
2.609e+13    5      0        0  1.22e+10  0.00e+00  0.00e+00  8.21e+39  4.66e-14  2.38e+10  1.66e+05  1.48e+05  6.16e+00  1.18e+16  5.34e+16  4.55e+16  7.91e+15  8.29e+36  9.83e+39  7.62e+39  3.69e+31  2.23e+37  2.14e+36  0.00e+00  9.83e+39  9.81e+39  2.06e+31  0.00e+00  4.41e+36  4.48e+36  3.88e+36  1.14e+37  0.00e+00  9.03e+30  1.94e+36 
2.693e+13    6      0        0  1.25e+10  0.00e+00  0.00e+00  9.08e+39  4.66e-14  2.39e+10  1.61e+05  1.45e+05  5.96e+00  1.16e+16  4.74e+16  3.96e+16  7.77e+15  9.09e+36  9.33e+39  7.29e+39  5.96e+31  2.38e+37  2.53e+36  0.00e+00  9.33e+39  9.31e+39  2.11e+31  0.00e+00  4.79e+36  4.97e+36  4.30e+36  1.22e+37  0.00e+00  1.74e+31  2.31e+36 
2.781e+13    7      0        0  1.27e+10  0.00e+00  0.00e+00  1.00e+40  4.68e-14  2.39e+10  1.56e+05  1.42e+05  5.78e+00  1.13e+16  4.23e+16  3.47e+16  7.59e+15  1.00e+37  8.94e+39  7.03e+39  9.14e+31  2.56e+37  2.70e+36  0.00e+00  8.94e+39  8.92e+39  2.76e+31  0.00e+00  5.23e+36  5.55e+36  4.79e+36  1.32e+37  0.00e+00  2.66e+31  2.45e+36 
2.871e+13    8      0        0  1.30e+10  0.00e+00  0.00e+00  1.11e+40  4.70e-14  2.41e+10  1.51e+05  1.39e+05  5.60e+00  1.11e+16  3.78e+16  3.04e+16  7.36e+15  1.11e+37  8.62e+39  6.81e+39  1.31e+32  2.80e+37  3.07e+36  0.00e+00  8.62e+39  8.60e+39  3.73e+31  0.00e+00  5.75e+36  6.23e+36  5.36e+36  1.43e+37  0.00e+00  2.89e+31  2.80e+36 
2.964e+13    9      0        0  1.33e+10  0.00e+00  0.00e+00  1.23e+40  4.74e-14  2.43e+10  1.46e+05  1.36e+05  5.46e+00  1.09e+16  3.39e+16  2.68e+16  7.11e+15  1.24e+37  8.36e+39  6.64e+39  1.93e+32  3.05e+37  3.42e+36  0.00e+00  8.36e+39  8.33e+39  6.08e+31  0.00e+00  6.36e+36  7.02e+36  6.03e+36  1.54e+37  0.00e+00  3.58e+31  3.11e+36 
3.061e+13   10      0        0  1.37e+10  0.00e+00  0.00e+00  1.36e+40  4.79e-14  2.45e+10  1.42e+05  1.33e+05  5.31e+00  1.07e+16  3.04e+16  2.36e+16  6.84e+15  1.39e+37  8.15e+39  6.50e+39  2.89e+32  3.36e+37  3.67e+36  0.00e+00  8.15e+39  8.12e+39  7.67e+31  0.00e+00  7.06e+36  7.96e+36  6.82e+36  1.64e+37  0.00e+00  3.34e+31  3.32e+36 
3.160e+13   11      0        0  1.40e+10  0.00e+00  0.00e+00  1.51e+40  4.86e-14  2.49e+10  1.38e+05  1.31e+05  5.18e+00  1.05e+16  2.74e+16  2.08e+16  6.57e+15  1.57e+37  8.01e+39  6.41e+39  4.60e+32  3.72e+37  4.51e+36  0.00e+00  8.00e+39  7.97e+39  1.26e+32  0.00e+00  7.91e+36  9.09e+36  7.77e+36  1.74e+37  0.00e+00  5.07e+31  4.11e+36 
3.262e+13   12      0        0  1.43e+10  0.00e+00  0.00e+00  1.67e+40  4.95e-14  2.53e+10  1.34e+05  1.28e+05  5.04e+00  1.03e+16  2.48e+16  1.85e+16  6.29e+15  1.78e+37  7.92e+39  6.37e+39  6.68e+32  4.16e+37  5.17e+36  0.00e+00  7.92e+39  7.88e+39  1.79e+32  0.00e+00  8.93e+36  1.05e+37  8.91e+36  1.85e+37  0.00e+00  3.95e+31  4.72e+36 
3.368e+13   13      0        0  1.45e+10  0.00e+00  0.00e+00  1.85e+40  5.05e-14  2.59e+10  1.30e+05  1.26e+05  4.91e+00  1.01e+16  2.24e+16  1.64e+16  6.04e+15  2.05e+37  7.89e+39  6.37e+39  1.05e+33  4.71e+37  6.20e+36  0.00e+00  7.89e+39  7.85e+39  2.41e+32  0.00e+00  1.02e+37  1.21e+37  1.03e+37  2.00e+37  0.00e+00  7.33e+31  5.68e+36 
3.478e+13   14      0        0  1.48e+10  0.00e+00  0.00e+00  2.04e+40  5.17e-14  2.65e+10  1.26e+05  1.24e+05  4.80e+00  9.88e+15  2.03e+16  1.46e+16  5.77e+15  2.35e+37  7.89e+39  6.39e+39  1.69e+33  5.32e+37  7.18e+36  0.00e+00  7.89e+39  7.84e+39  3.36e+32  0.00e+00  1.16e+37  1.41e+37  1.19e+37  2.20e+37  0.00e+00  1.15e+32  6.57e+36 
3.591e+13   15      0        0  1.51e+10  0.00e+00  0.00e+00  2.26e+40  5.31e-14  2.72e+10  1.23e+05  1.22e+05  4.69e+00  9.70e+15  1.85e+16  1.29e+16  5.51e+15  2.72e+37  7.91e+39  6.42e+39  2.65e+33  6.10e+37  7.92e+36  0.00e+00  7.91e+39  7.86e+39  5.62e+32  0.00e+00  1.33e+37  1.64e+37  1.39e+37  2.42e+37  0.00e+00  9.57e+31  7.21e+36 
3.707e+13   16      0        0  1.53e+10  0.00e+00  0.00e+00  2.51e+40  5.44e-14  2.79e+10  1.19e+05  1.19e+05  4.59e+00  9.52e+15  1.68e+16  1.15e+16  5.27e+15  3.14e+37  7.94e+39  6.46e+39  4.30e+33  6.94e+37  9.85e+36  0.00e+00  7.94e+39  7.88e+39  8.52e+32  0.00e+00  1.52e+37  1.91e+37  1.62e+37  2.63e+37  0.00e+00  9.26e+31  9.03e+36 
3.828e+13   17      0        0  1.56e+10  0.00e+00  0.00e+00  2.78e+40  5.59e-14  2.86e+10  1.16e+05  1.17e+05  4.50e+00  9.35e+15  1.52e+16  1.02e+16  5.03e+15  3.64e+37  8.00e+39  6.53e+39  6.87e+33  7.88e+37  1.08e+37  0.00e+00  8.00e+39  7.94e+39  1.37e+33  0.00e+00  1.75e+37  2.24e+37  1.89e+37  2.83e+37  0.00e+00  1.33e+32  9.86e+36 
3.952e+13   18      0        0  1.59e+10  0.00e+00  0.00e+00  3.08e+40  5.75e-14  2.94e+10  1.13e+05  1.15e+05  4.40e+00  9.19e+15  1.39e+16  9.10e+15  4.81e+15  4.23e+37  8.10e+39  6.62e+39  1.08e+34  8.98e+37  1.36e+37  0.00e+00  8.10e+39  8.03e+39  2.16e+33  0.00e+00  2.02e+37  2.63e+37  2.21e+37  3.02e+37  0.00e+00  1.41e+32  1.25e+37 
4.080e+13   19      0        0  1.61e+10  0.00e+00  0.00e+00  3.40e+40  5.92e-14  3.03e+10  1.10e+05  1.13e+05  4.29e+00  9.03e+15  1.27e+16  8.12e+15  4.59e+15  4.94e+37  8.24e+39  6.74e+39  1.69e+34  1.03e+38  1.64e+37  0.00e+00  8.24e+39  8.15e+39  3.41e+33  0.00e+00  2.34e+37  3.10e+37  2.60e+37  3.28e+37  0.00e+00  2.41e+32  1.51e+37 
4.213e+13   20      0        0  1.63e+10  0.00e+00  0.00e+00  3.77e+40  6.09e-14  3.12e+10  1.08e+05  1.11e+05  4.19e+00  8.89e+15  1.16e+16  7.25e+15  4.37e+15  5.73e+37  8.37e+39  6.86e+39  2.73e+34  1.17e+38  1.72e+37  0.00e+00  8.37e+39  8.27e+39  5.18e+33  0.00e+00  2.70e+37  3.62e+37  3.03e+37  3.60e+37  0.00e+00  3.98e+32  1.56e+37 
4.350e+13   21      0        0  1.65e+10  0.00e+00  0.00e+00  4.17e+40  6.25e-14  3.20e+10  1.05e+05  1.10e+05  4.10e+00  8.74e+15  1.06e+16  6.46e+15  4.17e+15  6.63e+37  8.50e+39  6.98e+39  4.33e+34  1.35e+38  1.98e+37  0.00e+00  8.49e+39  8.39e+39  7.67e+33  0.00e+00  3.10e+37  4.23e+37  3.53e+37  3.91e+37  0.00e+00  6.49e+32  1.80e+37 
4.491e+13   22      0        0  1.68e+10  0.00e+00  0.00e+00  4.61e+40  6.40e-14  3.28e+10  1.02e+05  1.08e+05  4.01e+00  8.60e+15  9.75e+15  5.77e+15  3.98e+15  7.65e+37  8.64e+39  7.10e+39  6.59e+34  1.58e+38  2.42e+37  0.00e+00  8.64e+39  8.52e+39  1.24e+34  0.00e+00  3.55e+37  4.92e+37  4.10e+37  4.21e+37  0.00e+00  4.28e+32  2.22e+37 
4.637e+13   23      0        0  1.70e+10  0.00e+00  0.00e+00  5.11e+40  6.56e-14  3.36e+10  1.00e+05  1.06e+05  3.91e+00  8.47e+15  8.95e+15  5.16e+15  3.79e+15  8.83e+37  8.80e+39  7.24e+39  1.01e+35  1.80e+38  2.96e+37  0.00e+00  8.80e+39  8.67e+39  1.85e+34  0.00e+00  4.07e+37  5.73e+37  4.76e+37  4.54e+37  0.00e+00  1.32e+33  2.72e+37 
4.787e+13   24      0        0  1.71e+10  0.00e+00  0.00e+00  5.65e+40  6.71e-14  3.43e+10  9.78e+04  1.04e+05  3.82e+00  8.34e+15  8.22e+15  4.61e+15  3.61e+15  1.01e+38  8.96e+39  7.37e+39  1.50e+35  2.01e+38  3.34e+37  0.00e+00  8.95e+39  8.80e+39  2.93e+34  0.00e+00  4.64e+37  6.62e+37  5.49e+37  4.89e+37  0.00e+00  6.68e+32  3.07e+37 
4.942e+13   25      0        0  1.73e+10  0.00e+00  0.00e+00  6.25e+40  6.84e-14  3.50e+10  9.57e+04  1.03e+05  3.73e+00  8.22e+15  7.57e+15  4.12e+15  3.44e+15  1.16e+38  9.12e+39  7.51e+39  2.25e+35  2.28e+38  3.96e+37  0.00e+00  9.11e+39  8.94e+39  4.29e+34  0.00e+00  5.27e+37  7.63e+37  6.31e+37  5.26e+37  0.00e+00  1.39e+33  3.65e+37 
5.103e+13   26      0        0  1.75e+10  0.00e+00  0.00e+00  6.90e+40  6.97e-14  3.57e+10  9.37e+04  1.02e+05  3.63e+00  8.11e+15  6.97e+15  3.69e+15  3.28e+15  1.32e+38  9.28e+39  7.64e+39  3.42e+35  2.50e+38  4.26e+37  0.00e+00  9.27e+39  9.08e+39  6.47e+34  0.00e+00  5.97e+37  8.75e+37  7.23e+37  5.64e+37  0.00e+00  1.21e+33  3.90e+37 
5.269e+13   27      0        0  1.76e+10  0.00e+00  0.00e+00  7.63e+40  7.09e-14  3.63e+10  9.19e+04  1.00e+05  3.53e+00  8.00e+15  6.43e+15  3.31e+15  3.12e+15  1.50e+38  9.45e+39  7.79e+39  4.99e+35  2.83e+38  5.14e+37  0.00e+00  9.44e+39  9.23e+39  9.56e+34  0.00e+00  6.76e+37  1.00e+38  8.27e+37  6.05e+37  0.00e+00  3.32e+33  4.74e+37 
5.440e+13   28      0        0  1.78e+10  0.00e+00  0.00e+00  8.43e+40  7.20e-14  3.69e+10  9.02e+04  9.89e+04  3.44e+00  7.90e+15  5.93e+15  2.96e+15  2.97e+15  1.70e+38  9.64e+39  7.93e+39  6.92e+35  3.29e+38  6.00e+37  0.00e+00  9.63e+39  9.39e+39  1.41e+35  0.00e+00  7.61e+37  1.14e+38  9.40e+37  6.45e+37  0.00e+00  1.73e+33  5.53e+37 
5.616e+13   29      0        0  1.79e+10  0.00e+00  0.00e+00  9.31e+40  7.29e-14  3.73e+10  8.86e+04  9.76e+04  3.34e+00  7.80e+15  5.48e+15  2.66e+15  2.83e+15  1.92e+38  9.81e+39  8.06e+39  1.01e+36  3.63e+38  6.80e+37  0.00e+00  9.79e+39  9.52e+39  1.93e+35  0.00e+00  8.52e+37  1.30e+38  1.06e+38  6.87e+37  0.00e+00  5.20e+33  6.21e+37 
5.799e+13   30      0        0  1.80e+10  0.00e+00  0.00e+00  1.03e+41  7.36e-14  3.77e+10  8.69e+04  9.65e+04  3.25e+00  7.70e+15  5.07e+15  2.38e+15  2.69e+15  2.15e+38  9.95e+39  8.19e+39  1.39e+36  3.88e+38  7.27e+37  0.00e+00  9.94e+39  9.64e+39  2.78e+35  0.00e+00  9.49e+37  1.46e+38  1.20e+38  7.34e+37  0.00e+00  3.23e+33  6.64e+37 
5.987e+13   31      0        0  1.81e+10  0.00e+00  0.00e+00  1.14e+41  7.42e-14  3.80e+10  8.54e+04  9.53e+04  3.15e+00  7.61e+15  4.70e+15  2.14e+15  2.56e+15  2.40e+38  1.01e+40  8.31e+39  1.83e+36  4.19e+38  8.54e+37  0.00e+00  1.01e+40  9.76e+39  3.95e+35  0.00e+00  1.05e+38  1.64e+38  1.34e+38  7.80e+37  0.00e+00  4.63e+33  7.89e+37 
6.181e+13   32      0        0  1.82e+10  0.00e+00  0.00e+00  1.25e+41  7.46e-14  3.82e+10  8.41e+04  9.42e+04  3.06e+00  7.52e+15  4.35e+15  1.92e+15  2.43e+15  2.66e+38  1.03e+40  8.42e+39  2.43e+36  4.67e+38  9.32e+37  0.00e+00  1.02e+40  9.89e+39  5.34e+35  0.00e+00  1.17e+38  1.83e+38  1.49e+38  8.26e+37  0.00e+00  6.71e+33  8.57e+37 
6.382e+13   33      0        0  1.83e+10  0.00e+00  0.00e+00  1.38e+41  7.49e-14  3.84e+10  8.27e+04  9.32e+04  2.96e+00  7.44e+15  4.04e+15  1.72e+15  2.31e+15  2.95e+38  1.04e+40  8.54e+39  3.04e+36  4.89e+38  1.10e+38  0.00e+00  1.04e+40  9.99e+39  7.36e+35  0.00e+00  1.28e+38  2.04e+38  1.66e+38  8.70e+37  0.00e+00  1.32e+34  1.02e+38 
6.589e+13   34      0        0  1.84e+10  0.00e+00  0.00e+00  1.53e+41  7.50e-14  3.84e+10  8.14e+04  9.22e+04  2.87e+00  7.37e+15  3.75e+15  1.55e+15  2.20e+15  3.25e+38  1.05e+40  8.65e+39  3.85e+36  5.21e+38  1.09e+38  0.00e+00  1.05e+40  1.01e+40  9.72e+35  0.00e+00  1.41e+38  2.26e+38  1.83e+38  9.16e+37  0.00e+00  1.14e+34  9.97e+37 
6.803e+13   35      0        0  1.84e+10  0.00e+00  0.00e+00  1.68e+41  7.50e-14  3.84e+10  8.03e+04  9.13e+04  2.77e+00  7.29e+15  3.49e+15  1.39e+15  2.09e+15  3.57e+38  1.07e+40  8.76e+39  4.76e+36  5.56e+38  1.42e+38  0.00e+00  1.07e+40  1.02e+40  1.28e+36  0.00e+00  1.54e+38  2.49e+38  2.02e+38  9.63e+37  0.00e+00  7.92e+33  1.33e+38 
7.024e+13   36      0        0  1.85e+10  0.00e+00  0.00e+00  1.86e+41  7.48e-14  3.83e+10  7.92e+04  9.05e+04  2.68e+00  7.23e+15  3.24e+15  1.26e+15  1.99e+15  3.90e+38  1.08e+40  8.86e+39  5.97e+36  5.91e+38  1.43e+38  0.00e+00  1.08e+40  1.03e+40  1.69e+36  0.00e+00  1.67e+38  2.73e+38  2.21e+38  1.01e+38  0.00e+00  9.69e+33  1.32e+38 
7.252e+13   37      0        0  1.85e+10  0.00e+00  0.00e+00  2.05e+41  7.45e-14  3.81e+10  7.82e+04  8.97e+04  2.59e+00  7.16e+15  3.02e+15  1.13e+15  1.89e+15  4.25e+38  1.09e+40  8.97e+39  6.95e+36  6.27e+38  1.55e+38  0.00e+00  1.09e+40  1.04e+40  2.15e+36  0.00e+00  1.81e+38  2.99e+38  2.42e+38  1.06e+38  0.00e+00  1.55e+34  1.42e+38 
7.488e+13   38      0        0  1.86e+10  0.00e+00  0.00e+00  2.25e+41  7.41e-14  3.80e+10  7.72e+04  8.90e+04  2.49e+00  7.10e+15  2.82e+15  1.02e+15  1.80e+15  4.62e+38  1.11e+40  9.09e+39  8.08e+36  6.60e+38  1.67e+38  0.00e+00  1.11e+40  1.05e+40  2.67e+36  0.00e+00  1.96e+38  3.26e+38  2.63e+38  1.10e+38  0.00e+00  2.04e+34  1.54e+38 
7.731e+13   39      0        0  1.86e+10  0.00e+00  0.00e+00  2.48e+41  7.37e-14  3.77e+10  7.63e+04  8.83e+04  2.39e+00  7.05e+15  2.63e+15  9.19e+14  1.71e+15  5.02e+38  1.12e+40  9.20e+39  8.69e+36  6.97e+38  1.83e+38  0.00e+00  1.12e+40  1.06e+40  3.36e+36  0.00e+00  2.12e+38  3.55e+38  2.86e+38  1.15e+38  0.00e+00  2.04e+34  1.68e+38 
7.982e+13   40      0        0  1.86e+10  0.00e+00  0.00e+00  2.73e+41  7.31e-14  3.75e+10  7.57e+04  8.76e+04  2.30e+00  7.00e+15  2.45e+15  8.29e+14  1.62e+15  5.43e+38  1.14e+40  9.32e+39  9.46e+36  7.38e+38  2.31e+38  0.00e+00  1.14e+40  1.07e+40  4.10e+36  0.00e+00  2.29e+38  3.85e+38  3.10e+38  1.20e+38  0.00e+00  2.21e+34  2.15e+38 
8.241e+13   41      0        0  1.86e+10  0.00e+00  0.00e+00  3.01e+41  7.25e-14  3.71e+10  7.49e+04  8.71e+04  2.21e+00  6.95e+15  2.29e+15  7.48e+14  1.54e+15  5.87e+38  1.16e+40  9.44e+39  1.03e+37  7.71e+38  2.46e+38  0.00e+00  1.15e+40  1.08e+40  5.19e+36  0.00e+00  2.46e+38  4.16e+38  3.35e+38  1.25e+38  0.00e+00  2.28e+34  2.29e+38 
8.508e+13   42      0        0  1.86e+10  0.00e+00  0.00e+00  3.31e+41  7.18e-14  3.68e+10  7.44e+04  8.65e+04  2.12e+00  6.91e+15  2.15e+15  6.76e+14  1.47e+15  6.33e+38  1.18e+40  9.58e+39  1.12e+37  8.14e+38  2.85e+38  0.00e+00  1.17e+40  1.10e+40  6.19e+36  0.00e+00  2.65e+38  4.50e+38  3.62e+38  1.30e+38  0.00e+00  2.34e+34  2.66e+38 
8.785e+13   43      0        0  1.86e+10  0.00e+00  0.00e+00  3.64e+41  7.11e-14  3.64e+10  7.37e+04  8.61e+04  2.03e+00  6.87e+15  2.01e+15  6.12e+14  1.40e+15  6.80e+38  1.19e+40  9.74e+39  1.20e+37  8.38e+38  2.88e+38  0.00e+00  1.19e+40  1.11e+40  7.29e+36  0.00e+00  2.84e+38  4.84e+38  3.89e+38  1.34e+38  0.00e+00  1.39e+34  2.67e+38 
9.070e+13   44      0        0  1.85e+10  0.00e+00  0.00e+00  4.00e+41  7.03e-14  3.60e+10  7.32e+04  8.57e+04  1.94e+00  6.84e+15  1.89e+15  5.54e+14  1.34e+15  7.30e+38  1.21e+40  9.90e+39  1.33e+37  8.65e+38  3.21e+38  0.00e+00  1.21e+40  1.12e+40  8.57e+36  0.00e+00  3.03e+38  5.20e+38  4.18e+38  1.38e+38  0.00e+00  2.76e+34  2.99e+38 
9.364e+13   45      0        0  1.85e+10  0.00e+00  0.00e+00  4.39e+41  6.95e-14  3.56e+10  7.27e+04  8.53e+04  1.86e+00  6.81e+15  1.78e+15  5.02e+14  1.27e+15  7.83e+38  1.23e+40  1.01e+40  1.39e+37  8.99e+38  3.37e+38  0.00e+00  1.23e+40  1.14e+40  1.02e+37  0.00e+00  3.24e+38  5.59e+38  4.48e+38  1.43e+38  0.00e+00  3.09e+34  3.16e+38 
9.668e+13   46      0        0  1.84e+10  0.00e+00  0.00e+00  4.83e+41  6.86e-14  3.51e+10  7.23e+04  8.50e+04  1.77e+00  6.79e+15  1.67e+15  4.55e+14  1.22e+15  8.38e+38  1.26e+40  1.03e+40  1.53e+37  9.35e+38  3.68e+38  0.00e+00  1.26e+40  1.16e+40  1.14e+37  0.00e+00  3.47e+38  5.99e+38  4.80e+38  1.47e+38  0.00e+00  3.74e+34  3.45e+38 
9.982e+13   47      0        0  1.84e+10  0.00e+00  0.00e+00  5.30e+41  6.78e-14  3.47e+10  7.20e+04  8.47e+04  1.69e+00  6.77e+15  1.57e+15  4.13e+14  1.16e+15  8.98e+38  1.29e+40  1.05e+40  1.73e+37  9.87e+38  4.01e+38  0.00e+00  1.28e+40  1.18e+40  1.22e+37  0.00e+00  3.71e+38  6.42e+38  5.15e+38  1.52e+38  0.00e+00  3.33e+34  3.74e+38 
1.031e+14   48      0        0  1.83e+10  0.00e+00  0.00e+00  5.82e+41  6.70e-14  3.43e+10  7.16e+04  8.45e+04  1.61e+00  6.75e+15  1.49e+15  3.75e+14  1.11e+15  9.61e+38  1.31e+40  1.07e+40  1.95e+37  1.01e+39  4.16e+38  0.00e+00  1.31e+40  1.20e+40  1.32e+37  0.00e+00  3.96e+38  6.88e+38  5.52e+38  1.56e+38  0.00e+00  4.03e+34  3.84e+38 
1.064e+14   49      0        0  1.82e+10  0.00e+00  0.00e+00  6.38e+41  6.62e-14  3.39e+10  7.14e+04  8.44e+04  1.54e+00  6.74e+15  1.40e+15  3.40e+14  1.06e+15  1.03e+39  1.35e+40  1.10e+40  2.11e+37  1.04e+39  4.56e+38  0.00e+00  1.35e+40  1.23e+40  1.46e+37  0.00e+00  4.24e+38  7.38e+38  5.91e+38  1.61e+38  0.00e+00  6.10e+34  4.21e+38 
1.099e+14   50      0        0  1.81e+10  0.00e+00  0.00e+00  7.00e+41  6.55e-14  3.35e+10  7.12e+04  8.42e+04  1.46e+00  6.73e+15  1.33e+15  3.09e+14  1.02e+15  1.10e+39  1.39e+40  1.13e+40  2.21e+37  1.08e+39  4.91e+38  0.00e+00  1.38e+40  1.25e+40  1.61e+37  0.00e+00  4.54e+38  7.92e+38  6.34e+38  1.66e+38  0.00e+00  4.94e+34  4.54e+38 
1.134e+14   51      0        0  1.80e+10  0.00e+00  0.00e+00  7.68e+41  6.48e-14  3.32e+10  7.11e+04  8.41e+04  1.39e+00  6.72e+15  1.26e+15  2.81e+14  9.77e+14  1.18e+39  1.43e+40  1.17e+40  2.28e+37  1.12e+39  5.32e+38  0.00e+00  1.42e+40  1.29e+40  1.67e+37  0.00e+00  4.87e+38  8.49e+38  6.80e+38  1.71e+38  0.00e+00  5.23e+34  4.91e+38 
1.171e+14   52      0        0  1.79e+10  0.00e+00  0.00e+00  8.42e+41  6.41e-14  3.28e+10  7.10e+04  8.41e+04  1.33e+00  6.71e+15  1.19e+15  2.55e+14  9.39e+14  1.27e+39  1.47e+40  1.20e+40  2.33e+37  1.17e+39  5.69e+38  0.00e+00  1.47e+40  1.32e+40  1.76e+37  0.00e+00  5.22e+38  9.12e+38  7.30e+38  1.76e+38  0.00e+00  5.88e+34  5.24e+38 
1.209e+14   53      0        0  1.78e+10  0.00e+00  0.00e+00  9.23e+41  6.35e-14  3.25e+10  7.10e+04  8.41e+04  1.26e+00  6.71e+15  1.13e+15  2.31e+14  9.03e+14  1.37e+39  1.52e+40  1.25e+40  2.51e+37  1.21e+39  6.29e+38  0.00e+00  1.52e+40  1.36e+40  1.87e+37  0.00e+00  5.61e+38  9.81e+38  7.85e+38  1.80e+38  0.00e+00  8.79e+34  5.77e+38 
1.248e+14   54      0        0  1.76e+10  0.00e+00  0.00e+00  1.01e+42  6.30e-14  3.22e+10  7.11e+04  8.41e+04  1.20e+00  6.71e+15  1.08e+15  2.10e+14  8.68e+14  1.47e+39  1.58e+40  1.29e+40  2.53e+37  1.26e+39  6.83e+38  0.00e+00  1.58e+40  1.41e+40  2.07e+37  0.00e+00  6.05e+38  1.06e+39  8.46e+38  1.85e+38  0.00e+00  9.70e+34  6.32e+38 
1.289e+14   55      0        0  1.75e+10  0.00e+00  0.00e+00  1.11e+42  6.23e-14  3.19e+10  7.12e+04  8.41e+04  1.14e+00  6.71e+15  1.03e+15  1.91e+14  8.35e+14  1.58e+39  1.64e+40  1.34e+40  2.69e+37  1.31e+39  7.48e+38  0.00e+00  1.64e+40  1.46e+40  2.14e+37  0.00e+00  6.50e+38  1.13e+39  9.08e+38  1.91e+38  0.00e+00  8.79e+34  6.87e+38 
1.331e+14   56      0        0  1.73e+10  0.00e+00  0.00e+00  1.21e+42  6.16e-14  3.15e+10  7.12e+04  8.41e+04  1.08e+00  6.72e+15  9.75e+14  1.73e+14  8.02e+14  1.69e+39  1.70e+40  1.39e+40  2.62e+37  1.34e+39  8.14e+38  0.00e+00  1.69e+40  1.50e+40  2.43e+37  0.00e+00  6.96e+38  1.21e+39  9.72e+38  1.97e+38  0.00e+00  1.16e+35  7.51e+38 
1.374e+14   57      0        0  1.71e+10  0.00e+00  0.00e+00  1.33e+42  6.08e-14  3.11e+10  7.13e+04  8.42e+04  1.02e+00  6.72e+15  9.29e+14  1.57e+14  7.72e+14  1.80e+39  1.75e+40  1.44e+40  2.64e+37  1.39e+39  8.52e+38  0.00e+00  1.75e+40  1.54e+40  2.52e+37  0.00e+00  7.42e+38  1.29e+39  1.04e+39  2.01e+38  0.00e+00  9.56e+34  7.86e+38 
1.419e+14   58      0        0  1.70e+10  0.00e+00  0.00e+00  1.46e+42  5.99e-14  3.07e+10  7.14e+04  8.43e+04  9.72e-01  6.73e+15  8.85e+14  1.42e+14  7.43e+14  1.92e+39  1.81e+40  1.49e+40  2.57e+37  1.43e+39  8.86e+38  0.00e+00  1.81e+40  1.59e+40  2.72e+37  0.00e+00  7.90e+38  1.38e+39  1.10e+39  2.05e+38  0.00e+00  1.07e+35  8.20e+38 
1.465e+14   59      0        0  1.68e+10  0.00e+00  0.00e+00  1.59e+42  5.89e-14  3.02e+10  7.16e+04  8.43e+04  9.24e-01  6.73e+15  8.43e+14  1.28e+14  7.14e+14  2.03e+39  1.86e+40  1.53e+40  2.50e+37  1.47e+39  9.65e+38  0.00e+00  1.87e+40  1.64e+40  2.82e+37  0.00e+00  8.38e+38  1.46e+39  1.17e+39  2.10e+38  0.00e+00  1.29e+35  8.95e+38 
1.512e+14   60      0        0  1.66e+10  0.00e+00  0.00e+00  1.75e+42  5.78e-14  2.96e+10  7.17e+04  8.44e+04  8.79e-01  6.74e+15  8.03e+14  1.16e+14  6.87e+14  2.15e+39  1.92e+40  1.58e+40  2.54e+37  1.50e+39  1.06e+39  0.00e+00  1.92e+40  1.68e+40  2.73e+37  0.00e+00  8.86e+38  1.54e+39  1.23e+39  2.14e+38  0.00e+00  1.47e+35  9.78e+38 
1.561e+14   61      0        0  1.64e+10  0.00e+00  0.00e+00  1.91e+42  5.67e-14  2.90e+10  7.18e+04  8.45e+04  8.33e-01  6.74e+15  7.65e+14  1.05e+14  6.61e+14  2.26e+39  1.97e+40  1.63e+40  2.53e+37  1.52e+39  1.10e+39  0.00e+00  1.97e+40  1.72e+40  2.84e+37  0.00e+00  9.32e+38  1.62e+39  1.30e+39  2.17e+38  0.00e+00  1.53e+35  1.02e+39 
1.612e+14   62      0        0  1.62e+10  0.00e+00  0.00e+00  2.09e+42  5.54e-14  2.84e+10  7.20e+04  8.45e+04  7.91e-01  6.75e+15  7.29e+14  9.47e+13  6.35e+14  2.37e+39  2.02e+40  1.67e+40  2.34e+37  1.54e+39  1.17e+39  0.00e+00  2.02e+40  1.76e+40  2.96e+37  0.00e+00  9.78e+38  1.69e+39  1.36e+39  2.19e+38  0.00e+00  1.48e+35  1.08e+39 
1.664e+14   63      0        0  1.60e+10  0.00e+00  0.00e+00  2.29e+42  5.41e-14  2.77e+10  7.21e+04  8.47e+04  7.49e-01  6.76e+15  6.95e+14  8.55e+13  6.09e+14  2.47e+39  2.07e+40  1.71e+40  2.24e+37  1.56e+39  1.21e+39  0.00e+00  2.07e+40  1.79e+40  2.98e+37  0.00e+00  1.02e+39  1.77e+39  1.42e+39  2.22e+38  0.00e+00  1.51e+35  1.12e+39 
1.718e+14   64      0        0  1.58e+10  0.00e+00  0.00e+00  2.51e+42  5.27e-14  2.70e+10  7.24e+04  8.47e+04  7.11e-01  6.77e+15  6.62e+14  7.71e+13  5.84e+14  2.57e+39  2.12e+40  1.75e+40  2.15e+37  1.56e+39  1.31e+39  0.00e+00  2.12e+40  1.83e+40  2.92e+37  0.00e+00  1.06e+39  1.84e+39  1.48e+39  2.25e+38  0.00e+00  1.09e+35  1.21e+39 
1.774e+14   65      0        0  1.56e+10  0.00e+00  0.00e+00  2.75e+42  5.13e-14  2.63e+10  7.25e+04  8.48e+04  6.74e-01  6.77e+15  6.30e+14  6.95e+13  5.60e+14  2.66e+39  2.15e+40  1.78e+40  2.03e+37  1.56e+39  1.33e+39  0.00e+00  2.15e+40  1.86e+40  2.99e+37  0.00e+00  1.10e+39  1.91e+39  1.53e+39  2.28e+38  0.00e+00  1.42e+35  1.23e+39 
1.832e+14   66      0        0  1.54e+10  0.00e+00  0.00e+00  3.01e+42  4.99e-14  2.55e+10  7.26e+04  8.49e+04  6.39e-01  6.78e+15  5.99e+14  6.25e+13  5.37e+14  2.76e+39  2.19e+40  1.82e+40  2.01e+37  1.56e+39  1.42e+39  0.00e+00  2.19e+40  1.89e+40  2.91e+37  0.00e+00  1.14e+39  1.97e+39  1.58e+39  2.30e+38  0.00e+00  1.58e+35  1.31e+39 
1.891e+14   67      0        0  1.52e+10  0.00e+00  0.00e+00  3.30e+42  4.84e-14  2.48e+10  7.27e+04  8.49e+04  6.07e-01  6.78e+15  5.69e+14  5.62e+13  5.13e+14  2.85e+39  2.23e+40  1.85e+40  1.91e+37  1.56e+39  1.49e+39  0.00e+00  2.22e+40  1.91e+40  2.99e+37  0.00e+00  1.18e+39  2.04e+39  1.63e+39  2.33e+38  0.00e+00  1.47e+35  1.37e+39 
1.953e+14   68      0        0  1.50e+10  0.00e+00  0.00e+00  3.61e+42  4.69e-14  2.40e+10  7.27e+04  8.49e+04  5.76e-01  6.78e+15  5.41e+14  5.05e+13  4.91e+14  2.93e+39  2.25e+40  1.87e+40  1.81e+37  1.55e+39  1.52e+39  0.00e+00  2.25e+40  1.93e+40  3.18e+37  0.00e+00  1.22e+39  2.10e+39  1.68e+39  2.35e+38  0.00e+00  1.53e+35  1.41e+39 
2.016e+14   69      0        0  1.48e+10  0.00e+00  0.00e+00  3.96e+42  4.54e-14  2.33e+10  7.28e+04  8.50e+04  5.46e-01  6.78e+15  5.14e+14  4.54e+13  4.68e+14  3.01e+39  2.27e+40  1.89e+40  1.75e+37  1.54e+39  1.56e+39  0.00e+00  2.28e+40  1.94e+40  3.22e+37  0.00e+00  1.25e+39  2.15e+39  1.73e+39  2.37e+38  0.00e+00  1.81e+35  1.44e+39 
2.082e+14   70      0        0  1.46e+10  0.00e+00  0.00e+00  4.34e+42  4.40e-14  2.25e+10  7.29e+04  8.49e+04  5.19e-01  6.78e+15  4.87e+14  4.07e+13  4.46e+14  3.09e+39  2.30e+40  1.91e+40  1.65e+37  1.53e+39  1.66e+39  0.00e+00  2.30e+40  1.95e+40  3.12e+37  0.00e+00  1.28e+39  2.21e+39  1.77e+39  2.40e+38  0.00e+00  1.68e+35  1.53e+39 
2.149e+14   71      0        0  1.44e+10  0.00e+00  0.00e+00  4.76e+42  4.25e-14  2.18e+10  7.29e+04  8.49e+04  4.92e-01  6.78e+15  4.62e+14  3.65e+13  4.25e+14  3.16e+39  2.31e+40  1.93e+40  1.56e+37  1.50e+39  1.69e+39  0.00e+00  2.31e+40  1.96e+40  3.01e+37  0.00e+00  1.32e+39  2.26e+39  1.82e+39  2.42e+38  0.00e+00  2.03e+35  1.56e+39 
2.219e+14   72      0        0  1.42e+10  0.00e+00  0.00e+00  5.22e+42  4.10e-14  2.10e+10  7.28e+04  8.49e+04  4.67e-01  6.78e+15  4.37e+14  3.27e+13  4.05e+14  3.23e+39  2.32e+40  1.94e+40  1.50e+37  1.48e+39  1.74e+39  0.00e+00  2.32e+40  1.97e+40  3.06e+37  0.00e+00  1.34e+39  2.31e+39  1.85e+39  2.43e+38  0.00e+00  1.48e+35  1.61e+39 
2.291e+14   73      0        0  1.40e+10  0.00e+00  0.00e+00  5.72e+42  3.95e-14  2.02e+10  7.28e+04  8.48e+04  4.43e-01  6.77e+15  4.14e+14  2.93e+13  3.85e+14  3.29e+39  2.33e+40  1.95e+40  1.45e+37  1.46e+39  1.78e+39  0.00e+00  2.33e+40  1.97e+40  3.13e+37  0.00e+00  1.37e+39  2.35e+39  1.89e+39  2.44e+38  0.00e+00  1.86e+35  1.65e+39 
2.365e+14   74      0        0  1.38e+10  0.00e+00  0.00e+00  6.27e+42  3.80e-14  1.95e+10  7.28e+04  8.47e+04  4.20e-01  6.77e+15  3.91e+14  2.62e+13  3.65e+14  3.34e+39  2.33e+40  1.95e+40  1.35e+37  1.43e+39  1.83e+39  0.00e+00  2.33e+40  1.96e+40  3.14e+37  0.00e+00  1.39e+39  2.39e+39  1.92e+39  2.46e+38  0.00e+00  1.66e+35  1.69e+39 
2.442e+14   75      0        0  1.36e+10  0.00e+00  0.00e+00  6.88e+42  3.66e-14  1.87e+10  7.28e+04  8.46e+04  4.00e-01  6.76e+15  3.70e+14  2.34e+13  3.46e+14  3.39e+39  2.33e+40  1.94e+40  1.31e+37  1.40e+39  1.89e+39  0.00e+00  2.33e+40  1.95e+40  3.18e+37  0.00e+00  1.41e+39  2.43e+39  1.95e+39  2.49e+38  0.00e+00  2.06e+35  1.74e+39 
2.521e+14   76      0        0  1.34e+10  0.00e+00  0.00e+00  7.55e+42  3.51e-14  1.80e+10  7.27e+04  8.45e+04  3.79e-01  6.75e+15  3.49e+14  2.09e+13  3.28e+14  3.42e+39  2.32e+40  1.94e+40  1.25e+37  1.36e+39  1.96e+39  0.00e+00  2.32e+40  1.94e+40  3.12e+37  0.00e+00  1.42e+39  2.45e+39  1.97e+39  2.51e+38  0.00e+00  2.22e+35  1.81e+39 
2.603e+14   77      0        0  1.33e+10  0.00e+00  0.00e+00  8.28e+42  3.37e-14  1.73e+10  7.25e+04  8.44e+04  3.60e-01  6.74e+15  3.29e+14  1.87e+13  3.11e+14  3.46e+39  2.31e+40  1.93e+40  1.17e+37  1.33e+39  1.99e+39  0.00e+00  2.31e+40  1.92e+40  3.13e+37  0.00e+00  1.44e+39  2.48e+39  1.99e+39  2.52e+38  0.00e+00  1.80e+35  1.83e+39 
2.688e+14   78      0        0  1.31e+10  0.00e+00  0.00e+00  9.09e+42  3.23e-14  1.66e+10  7.25e+04  8.42e+04  3.42e-01  6.72e+15  3.11e+14  1.67e+13  2.94e+14  3.49e+39  2.29e+40  1.91e+40  1.10e+37  1.30e+39  2.03e+39  0.00e+00  2.29e+40  1.91e+40  3.26e+37  0.00e+00  1.45e+39  2.50e+39  2.01e+39  2.53e+38  0.00e+00  1.74e+35  1.88e+39 
2.775e+14   79      0        0  1.30e+10  0.00e+00  0.00e+00  9.97e+42  3.10e-14  1.59e+10  7.23e+04  8.40e+04  3.25e-01  6.71e+15  2.93e+14  1.49e+13  2.78e+14  3.52e+39  2.28e+40  1.90e+40  1.05e+37  1.26e+39  2.08e+39  0.00e+00  2.28e+40  1.89e+40  3.25e+37  0.00e+00  1.46e+39  2.53e+39  2.03e+39  2.53e+38  0.00e+00  1.74e+35  1.93e+39 
2.865e+14   80      0        0  1.28e+10  0.00e+00  0.00e+00  1.09e+43  2.98e-14  1.52e+10  7.21e+04  8.38e+04  3.09e-01  6.69e+15  2.76e+14  1.33e+13  2.62e+14  3.56e+39  2.26e+40  1.89e+40  1.01e+37  1.22e+39  2.11e+39  0.00e+00  2.26e+40  1.87e+40  3.29e+37  0.00e+00  1.48e+39  2.56e+39  2.05e+39  2.52e+38  0.00e+00  1.52e+35  1.95e+39 
2.958e+14   81      0        0  1.26e+10  0.00e+00  0.00e+00  1.20e+43  2.86e-14  1.47e+10  7.20e+04  8.37e+04  2.93e-01  6.68e+15  2.60e+14  1.19e+13  2.48e+14  3.61e+39  2.25e+40  1.88e+40  9.91e+36  1.20e+39  2.14e+39  0.00e+00  2.25e+40  1.86e+40  3.46e+37  0.00e+00  1.50e+39  2.59e+39  2.08e+39  2.52e+38  0.00e+00  2.12e+35  1.99e+39 
3.054e+14   82      0        0  1.25e+10  0.00e+00  0.00e+00  1.32e+43  2.75e-14  1.41e+10  7.19e+04  8.36e+04  2.78e-01  6.67e+15  2.45e+14  1.07e+13  2.34e+14  3.66e+39  2.24e+40  1.87e+40  9.53e+36  1.18e+39  2.19e+39  0.00e+00  2.24e+40  1.84e+40  3.50e+37  0.00e+00  1.52e+39  2.63e+39  2.11e+39  2.52e+38  0.00e+00  1.68e+35  2.03e+39 
3.153e+14   83      0        0  1.23e+10  0.00e+00  0.00e+00  1.45e+43  2.64e-14  1.35e+10  7.17e+04  8.34e+04  2.64e-01  6.66e+15  2.30e+14  9.53e+12  2.20e+14  3.70e+39  2.23e+40  1.85e+40  8.85e+36  1.13e+39  2.25e+39  0.00e+00  2.23e+40  1.82e+40  3.57e+37  0.00e+00  1.53e+39  2.66e+39  2.13e+39  2.54e+38  0.00e+00  1.89e+35  2.09e+39 
3.256e+14   84      0        0  1.22e+10  0.00e+00  0.00e+00  1.59e+43  2.54e-14  1.30e+10  7.16e+04  8.32e+04  2.50e-01  6.64e+15  2.16e+14  8.52e+12  2.08e+14  3.74e+39  2.21e+40  1.83e+40  8.39e+36  1.10e+39  2.30e+39  0.00e+00  2.21e+40  1.80e+40  3.63e+37  0.00e+00  1.55e+39  2.69e+39  2.16e+39  2.56e+38  0.00e+00  1.80e+35  2.13e+39 
3.362e+14   85      0        0  1.20e+10  0.00e+00  0.00e+00  1.75e+43  2.43e-14  1.25e+10  7.13e+04  8.30e+04  2.37e-01  6.63e+15  2.03e+14  7.61e+12  1.95e+14  3.78e+39  2.19e+40  1.82e+40  8.16e+36  1.07e+39  2.34e+39  0.00e+00  2.19e+40  1.78e+40  3.65e+37  0.00e+00  1.56e+39  2.72e+39  2.18e+39  2.59e+38  0.00e+00  1.83e+35  2.17e+39 
3.471e+14   86      0        0  1.19e+10  0.00e+00  0.00e+00  1.92e+43  2.33e-14  1.20e+10  7.12e+04  8.28e+04  2.25e-01  6.61e+15  1.91e+14  6.79e+12  1.84e+14  3.82e+39  2.17e+40  1.79e+40  8.05e+36  1.03e+39  2.41e+39  0.00e+00  2.17e+40  1.75e+40  3.65e+37  0.00e+00  1.58e+39  2.75e+39  2.20e+39  2.62e+38  0.00e+00  2.01e+35  2.22e+39 
3.583e+14   87      0        0  1.17e+10  0.00e+00  0.00e+00  2.10e+43  2.24e-14  1.15e+10  7.10e+04  8.26e+04  2.13e-01  6.59e+15  1.79e+14  6.06e+12  1.73e+14  3.85e+39  2.15e+40  1.77e+40  7.63e+36  1.00e+39  2.47e+39  0.00e+00  2.15e+40  1.73e+40  3.77e+37  0.00e+00  1.59e+39  2.78e+39  2.22e+39  2.64e+38  0.00e+00  1.03e+35  2.29e+39 
3.700e+14   88      0        0  1.16e+10  0.00e+00  0.00e+00  2.31e+43  2.14e-14  1.10e+10  7.07e+04  8.23e+04  2.02e-01  6.57e+15  1.67e+14  5.41e+12  1.62e+14  3.88e+39  2.12e+40  1.75e+40  7.39e+36  9.71e+38  2.52e+39  0.00e+00  2.12e+40  1.70e+40  3.86e+37  0.00e+00  1.60e+39  2.80e+39  2.24e+39  2.67e+38  0.00e+00  1.61e+35  2.33e+39 
3.820e+14   89      0        0  1.15e+10  0.00e+00  0.00e+00  2.54e+43  2.05e-14  1.05e+10  7.04e+04  8.20e+04  1.92e-01  6.55e+15  1.57e+14  4.83e+12  1.52e+14  3.90e+39  2.09e+40  1.71e+40  7.03e+36  9.37e+38  2.55e+39  0.00e+00  2.09e+40  1.66e+40  3.91e+37  0.00e+00  1.61e+39  2.82e+39  2.26e+39  2.69e+38  0.00e+00  1.59e+35  2.36e+39 
3.944e+14   90      0        0  1.14e+10  0.00e+00  0.00e+00  2.79e+43  1.96e-14  1.01e+10  7.01e+04  8.18e+04  1.81e-01  6.53e+15  1.47e+14  4.30e+12  1.42e+14  3.92e+39  2.06e+40  1.68e+40  6.73e+36  8.98e+38  2.59e+39  0.00e+00  2.06e+40  1.63e+40  3.94e+37  0.00e+00  1.61e+39  2.84e+39  2.27e+39  2.73e+38  0.00e+00  1.84e+35  2.40e+39 
4.072e+14   91      0        0  1.13e+10  0.00e+00  0.00e+00  3.07e+43  1.88e-14  9.62e+09  6.98e+04  8.15e+04  1.72e-01  6.51e+15  1.37e+14  3.84e+12  1.33e+14  3.93e+39  2.02e+40  1.65e+40  6.38e+36  8.62e+38  2.62e+39  0.00e+00  2.02e+40  1.59e+40  3.99e+37  0.00e+00  1.61e+39  2.85e+39  2.28e+39  2.76e+38  0.00e+00  1.65e+35  2.43e+39 
4.204e+14   92      0        0  1.12e+10  0.00e+00  0.00e+00  3.37e+43  1.80e-14  9.19e+09  6.95e+04  8.12e+04  1.63e-01  6.48e+15  1.28e+14  3.42e+12  1.25e+14  3.95e+39  1.99e+40  1.62e+40  6.23e+36  8.29e+38  2.67e+39  0.00e+00  1.99e+40  1.55e+40  4.12e+37  0.00e+00  1.62e+39  2.87e+39  2.29e+39  2.77e+38  0.00e+00  1.62e+35  2.48e+39 
4.341e+14   93      0        0  1.11e+10  0.00e+00  0.00e+00  3.70e+43  1.72e-14  8.79e+09  6.92e+04  8.09e+04  1.55e-01  6.46e+15  1.19e+14  3.05e+12  1.16e+14  3.96e+39  1.95e+40  1.58e+40  6.23e+36  7.93e+38  2.69e+39  0.00e+00  1.95e+40  1.52e+40  4.23e+37  0.00e+00  1.62e+39  2.88e+39  2.29e+39  2.75e+38  0.00e+00  1.76e+35  2.50e+39 
4.482e+14   94      0        0  1.09e+10  0.00e+00  0.00e+00  4.07e+43  1.64e-14  8.39e+09  6.89e+04  8.06e+04  1.46e-01  6.44e+15  1.11e+14  2.73e+12  1.09e+14  3.96e+39  1.91e+40  1.54e+40  6.02e+36  7.58e+38  2.75e+39  0.00e+00  1.91e+40  1.48e+40  4.24e+37  0.00e+00  1.62e+39  2.88e+39  2.30e+39  2.78e+38  0.00e+00  1.65e+35  2.55e+39 
4.627e+14   95      0        0  1.08e+10  0.00e+00  0.00e+00  4.48e+43  1.56e-14  8.01e+09  6.85e+04  8.03e+04  1.38e-01  6.41e+15  1.04e+14  2.44e+12  1.01e+14  3.96e+39  1.87e+40  1.51e+40  5.88e+36  7.29e+38  2.77e+39  0.00e+00  1.87e+40  1.44e+40  4.37e+37  0.00e+00  1.62e+39  2.89e+39  2.30e+39  2.84e+38  0.00e+00  1.69e+35  2.57e+39 
4.777e+14   96      0        0  1.08e+10  0.00e+00  0.00e+00  4.92e+43  1.49e-14  7.64e+09  6.83e+04  8.01e+04  1.30e-01  6.39e+15  9.67e+13  2.17e+12  9.45e+13  3.96e+39  1.84e+40  1.47e+40  5.83e+36  6.94e+38  2.82e+39  0.00e+00  1.84e+40  1.40e+40  4.37e+37  0.00e+00  1.61e+39  2.89e+39  2.30e+39  2.87e+38  0.00e+00  1.75e+35  2.60e+39 
4.932e+14   97      0        0  1.07e+10  0.00e+00  0.00e+00  5.41e+43  1.42e-14  7.29e+09  6.79e+04  7.97e+04  1.23e-01  6.37e+15  9.00e+13  1.94e+12  8.81e+13  3.96e+39  1.80e+40  1.43e+40  5.77e+36  6.64e+38  2.86e+39  0.00e+00  1.80e+40  1.36e+40  4.46e+37  0.00e+00  1.61e+39  2.89e+39  2.30e+39  2.86e+38  0.00e+00  2.03e+35  2.63e+39 
5.093e+14   98      0        0  1.06e+10  0.00e+00  0.00e+00  5.95e+43  1.36e-14  6.96e+09  6.76e+04  7.95e+04  1.16e-01  6.34e+15  8.38e+13  1.74e+12  8.21e+13  3.96e+39  1.76e+40  1.39e+40  5.43e+36  6.32e+38  2.88e+39  0.00e+00  1.76e+40  1.32e+40  4.71e+37  0.00e+00  1.61e+39  2.90e+39  2.30e+39  2.86e+38  0.00e+00  9.47e+34  2.67e+39 
5.258e+14   99      0        0  1.05e+10  0.00e+00  0.00e+00  6.54e+43  1.30e-14  6.64e+09  6.73e+04  7.92e+04  1.10e-01  6.32e+15  7.79e+13  1.55e+12  7.64e+13  3.95e+39  1.72e+40  1.35e+40  5.31e+36  6.01e+38  2.91e+39  0.00e+00  1.72e+40  1.28e+40  4.81e+37  0.00e+00  1.60e+39  2.90e+39  2.30e+39  2.88e+38  0.00e+00  1.67e+35  2.69e+39 
5.429e+14  100      0        0  1.04e+10  0.00e+00  0.00e+00  7.19e+43  1.23e-14  6.32e+09  6.69e+04  7.88e+04  1.04e-01  6.30e+15  7.24e+13  1.39e+12  7.10e+13  3.94e+39  1.68e+40  1.31e+40  5.18e+36  5.70e+38  2.94e+39  0.00e+00  1.68e+40  1.24e+40  4.88e+37  0.00e+00  1.59e+39  2.90e+39  2.30e+39  2.93e+38  0.00e+00  1.66e+35  2.72e+39 
5.605e+14  101      0        0  1.04e+10  0.00e+00  0.00e+00  7.91e+43  1.18e-14  6.02e+09  6.65e+04  7.85e+04  9.79e-02  6.27e+15  6.71e+13  1.24e+12  6.59e+13  3.92e+39  1.63e+40  1.27e+40  4.92e+36  5.38e+38  2.96e+39  0.00e+00  1.63e+40  1.20e+40  5.07e+37  0.00e+00  1.58e+39  2.88e+39  2.29e+39  2.99e+38  0.00e+00  1.41e+35  2.74e+39 
5.787e+14  102      0        0  1.03e+10  0.00e+00  0.00e+00  8.70e+43  1.12e-14  5.72e+09  6.62e+04  7.82e+04  9.22e-02  6.24e+15  6.22e+13  1.11e+12  6.11e+13  3.89e+39  1.59e+40  1.23e+40  4.77e+36  5.10e+38  2.98e+39  0.00e+00  1.59e+40  1.16e+40  5.13e+37  0.00e+00  1.57e+39  2.87e+39  2.27e+39  3.00e+38  0.00e+00  1.55e+35  2.76e+39 
5.975e+14  103      0        0  1.03e+10  0.00e+00  0.00e+00  9.56e+43  1.06e-14  5.43e+09  6.59e+04  7.79e+04  8.69e-02  6.22e+15  5.77e+13  9.96e+11  5.67e+13  3.85e+39  1.54e+40  1.18e+40  4.63e+36  4.79e+38  2.98e+39  0.00e+00  1.54e+40  1.11e+40  5.21e+37  0.00e+00  1.55e+39  2.84e+39  2.25e+39  2.93e+38  0.00e+00  1.40e+35  2.76e+39 
6.169e+14  104      0        0  1.02e+10  0.00e+00  0.00e+00  1.05e+44  1.00e-14  5.14e+09  6.55e+04  7.76e+04  8.15e-02  6.20e+15  5.34e+13  8.93e+11  5.25e+13  3.80e+39  1.49e+40  1.14e+40  4.42e+36  4.50e+38  2.95e+39  0.00e+00  1.49e+40  1.07e+40  5.32e+37  0.00e+00  1.52e+39  2.81e+39  2.22e+39  2.93e+38  0.00e+00  1.23e+35  2.73e+39 
6.369e+14  105      0        0  1.01e+10  0.00e+00  0.00e+00  1.16e+44  9.48e-15  4.86e+09  6.51e+04  7.73e+04  7.67e-02  6.17e+15  4.93e+13  8.01e+11  4.85e+13  3.72e+39  1.43e+40  1.09e+40  4.32e+36  4.17e+38  2.93e+39  0.00e+00  1.43e+40  1.02e+40  5.43e+37  0.00e+00  1.49e+39  2.75e+39  2.17e+39  3.06e+38  0.00e+00  1.19e+35  2.71e+39 
6.576e+14  106      0        0  1.01e+10  0.00e+00  0.00e+00  1.27e+44  8.92e-15  4.57e+09  6.47e+04  7.69e+04  7.22e-02  6.14e+15  4.56e+13  7.18e+11  4.48e+13  3.61e+39  1.37e+40  1.04e+40  4.26e+36  3.86e+38  2.89e+39  0.00e+00  1.37e+40  9.67e+39  5.60e+37  0.00e+00  1.44e+39  2.68e+39  2.12e+39  3.10e+38  0.00e+00  1.25e+35  2.69e+39 
6.789e+14  107      0        0  1.01e+10  0.00e+00  0.00e+00  1.40e+44  8.37e-15  4.29e+09  6.44e+04  7.66e+04  6.78e-02  6.11e+15  4.20e+13  6.45e+11  4.14e+13  3.50e+39  1.31e+40  9.83e+39  3.71e+36  3.51e+38  2.82e+39  0.00e+00  1.31e+40  9.16e+39  5.52e+37  0.00e+00  1.39e+39  2.59e+39  2.05e+39  2.94e+38  0.00e+00  1.42e+35  2.62e+39 
7.010e+14  108      0        0  1.00e+10  0.00e+00  0.00e+00  1.54e+44  7.84e-15  4.01e+09  6.39e+04  7.63e+04  6.34e-02  6.09e+15  3.88e+13  5.81e+11  3.82e+13  3.36e+39  1.24e+40  9.32e+39  3.48e+36  3.20e+38  2.72e+39  0.00e+00  1.24e+40  8.64e+39  5.42e+37  0.00e+00  1.34e+39  2.50e+39  1.97e+39  2.83e+38  0.00e+00  1.35e+35  2.53e+39 
7.237e+14  109      0        0  9.98e+09  0.00e+00  0.00e+00  1.69e+44  7.31e-15  3.74e+09  6.37e+04  7.60e+04  5.94e-02  6.07e+15  3.57e+13  5.24e+11  3.52e+13  3.22e+39  1.18e+40  8.77e+39  3.40e+36  2.87e+38  2.66e+39  0.00e+00  1.18e+40  8.14e+39  5.31e+37  0.00e+00  1.28e+39  2.39e+39  1.89e+39  2.98e+38  0.00e+00  1.05e+35  2.46e+39 
7.472e+14  110      0        0  9.96e+09  0.00e+00  0.00e+00  1.86e+44  6.78e-15  3.47e+09  6.27e+04  7.56e+04  5.57e-02  6.04e+15  3.29e+13  4.72e+11  3.24e+13  3.03e+39  1.10e+40  8.20e+39  3.44e+36  2.57e+38  2.46e+39  0.00e+00  1.10e+40  7.52e+39  5.04e+37  0.00e+00  1.19e+39  2.27e+39  1.78e+39  3.07e+38  0.00e+00  8.42e+34  2.28e+39 
7.715e+14  111      0        0  9.98e+09  0.00e+00  0.00e+00  2.05e+44  6.26e-15  3.21e+09  6.28e+04  7.52e+04  5.22e-02  6.01e+15  3.02e+13  4.26e+11  2.98e+13  2.85e+39  1.03e+40  7.62e+39  2.80e+36  2.27e+38  2.39e+39  0.00e+00  1.03e+40  7.04e+39  4.93e+37  0.00e+00  1.12e+39  2.13e+39  1.68e+39  2.93e+38  0.00e+00  9.05e+34  2.22e+39 
7.965e+14  112      0        0  9.97e+09  0.00e+00  0.00e+00  2.26e+44  5.79e-15  2.96e+09  6.25e+04  7.50e+04  4.88e-02  5.98e+15  2.78e+13  3.85e+11  2.74e+13  2.67e+39  9.59e+39  7.10e+39  2.17e+36  2.00e+38  2.25e+39  0.00e+00  9.58e+39  6.55e+39  4.62e+37  0.00e+00  1.05e+39  2.00e+39  1.57e+39  2.72e+38  0.00e+00  6.93e+34  2.09e+39 
8.224e+14  113      0        0  9.93e+09  0.00e+00  0.00e+00  2.48e+44  5.35e-15  2.74e+09  6.21e+04  7.46e+04  4.57e-02  5.96e+15  2.56e+13  3.49e+11  2.52e+13  2.50e+39  8.96e+39  6.62e+39  2.36e+36  1.75e+38  2.14e+39  0.00e+00  8.95e+39  6.09e+39  4.35e+37  0.00e+00  9.85e+38  1.88e+39  1.48e+39  2.83e+38  0.00e+00  8.38e+34  1.98e+39 
8.491e+14  114      0        0  9.94e+09  0.00e+00  0.00e+00  2.74e+44  4.93e-15  2.52e+09  5.76e+04  7.42e+04  4.29e-02  5.93e+15  2.35e+13  3.16e+11  2.32e+13  2.29e+39  8.45e+39  6.14e+39  3.23e+36  1.77e+38  2.11e+39  0.00e+00  7.92e+39  5.27e+39  3.91e+37  0.00e+00  8.80e+38  1.76e+39  1.37e+39  2.85e+38  0.00e+00  1.07e+35  1.94e+39 
8.767e+14  115      0        0  1.00e+10  0.00e+00  0.00e+00  3.01e+44  4.54e-15  2.33e+09  6.04e+04  7.39e+04  4.01e-02  5.90e+15  2.16e+13  2.85e+11  2.13e+13  2.17e+39  7.68e+39  5.68e+39  2.19e+36  1.38e+38  1.83e+39  0.00e+00  7.67e+39  5.14e+39  3.96e+37  0.00e+00  8.47e+38  1.65e+39  1.29e+39  2.88e+38  0.00e+00  6.91e+34  1.70e+39 
9.051e+14  116      0        0  1.01e+10  0.00e+00  0.00e+00  3.32e+44  4.18e-15  2.14e+09  5.83e+04  7.36e+04  3.74e-02  5.88e+15  1.98e+13  2.59e+11  1.95e+13  2.01e+39  7.32e+39  5.27e+39  1.70e+36  1.31e+38  1.90e+39  0.00e+00  6.95e+39  4.63e+39  3.66e+37  0.00e+00  7.74e+38  1.54e+39  1.20e+39  2.49e+38  0.00e+00  5.96e+34  1.76e+39 
9.345e+14  117      0        0  1.01e+10  0.00e+00  0.00e+00  3.65e+44  3.85e-15  1.97e+09  6.03e+04  7.33e+04  3.49e-02  5.86e+15  1.82e+13  2.37e+11  1.80e+13  1.90e+39  6.69e+39  4.90e+39  1.47e+36  1.05e+38  1.67e+39  0.00e+00  6.68e+39  4.46e+39  3.54e+37  0.00e+00  7.38e+38  1.44e+39  1.12e+39  2.62e+38  0.00e+00  4.70e+34  1.55e+39 
9.649e+14  118      0        0  1.01e+10  0.00e+00  0.00e+00  4.02e+44  3.54e-15  1.81e+09  5.89e+04  7.30e+04  3.28e-02  5.83e+15  1.68e+13  2.15e+11  1.66e+13  1.75e+39  6.16e+39  4.53e+39  1.85e+36  9.32e+37  1.52e+39  0.00e+00  6.16e+39  4.06e+39  3.47e+37  0.00e+00  6.76e+38  1.33e+39  1.04e+39  2.87e+38  0.00e+00  5.75e+34  1.41e+39 
9.962e+14  119      0        0  1.02e+10  0.00e+00  0.00e+00  4.43e+44  3.25e-15  1.66e+09  5.82e+04  7.26e+04  3.07e-02  5.80e+15  1.54e+13  1.95e+11  1.52e+13  1.62e+39  5.67e+39  4.18e+39  1.68e+36  8.18e+37  1.40e+39  0.00e+00  5.67e+39  3.72e+39  3.31e+37  0.00e+00  6.22e+38  1.24e+39  9.64e+38  2.78e+38  0.00e+00  5.89e+34  1.30e+39 
1.029e+15  120      0        0  1.03e+10  0.00e+00  0.00e+00  4.88e+44  2.98e-15  1.53e+09  5.87e+04  7.24e+04  2.85e-02  5.78e+15  1.41e+13  1.78e+11  1.40e+13  1.51e+39  5.33e+39  3.87e+39  1.01e+36  7.15e+37  1.38e+39  0.00e+00  5.29e+39  3.49e+39  3.21e+37  0.00e+00  5.81e+38  1.15e+39  8.96e+38  2.42e+38  0.00e+00  3.71e+34  1.29e+39 
1.062e+15  121      0        1  1.03e+10  0.00e+00  0.00e+00  5.37e+44  2.74e-15  1.40e+09  5.74e+04  7.23e+04  2.65e-02  5.77e+15  1.31e+13  1.63e+11  1.29e+13  1.40e+39  5.16e+39  3.62e+39  9.54e+35  7.63e+37  1.46e+39  0.00e+00  4.86e+39  3.19e+39  2.92e+37  0.00e+00  5.34e+38  1.07e+39  8.32e+38  2.27e+38  0.00e+00  2.98e+34  1.37e+39 
1.096e+15  122      0        1  1.03e+10  0.00e+00  0.00e+00  5.91e+44  2.52e-15  1.29e+09  5.43e+04  7.21e+04  2.48e-02  5.76e+15  1.21e+13  1.49e+11  1.19e+13  1.27e+39  4.77e+39  3.37e+39  1.23e+36  6.81e+37  1.33e+39  0.00e+00  4.38e+39  2.82e+39  2.49e+37  0.00e+00  4.78e+38  9.95e+38  7.68e+38  2.42e+38  0.00e+00  4.20e+34  1.25e+39 
1.132e+15  123      0        2  1.03e+10  0.00e+00  0.00e+00  6.52e+44  2.31e-15  1.18e+09  4.59e+04  7.19e+04  2.31e-02  5.74e+15  1.11e+13  1.36e+11  1.10e+13  1.10e+39  4.54e+39  3.12e+39  2.04e+36  6.90e+37  1.34e+39  0.00e+00  3.57e+39  2.22e+39  1.67e+37  0.00e+00  3.96e+38  9.22e+38  6.92e+38  2.07e+38  0.00e+00  6.02e+34  1.24e+39 
1.169e+15  124      0        2  1.04e+10  0.00e+00  0.00e+00  7.18e+44  2.11e-15  1.08e+09  4.45e+04  7.18e+04  2.14e-02  5.74e+15  1.03e+13  1.25e+11  1.02e+13  1.00e+39  9.34e+39  2.90e+39  5.94e+37  6.27e+37  6.31e+39  0.00e+00  3.22e+39  2.00e+39  1.28e+37  0.00e+00  3.57e+38  8.48e+38  6.34e+38  1.75e+38  0.00e+00  3.78e+34  1.23e+39 
1.207e+15  125      0        2  1.05e+10  0.00e+00  0.00e+00  7.90e+44  1.92e-15  9.84e+08  4.13e+04  7.19e+04  1.98e-02  5.74e+15  9.58e+12  1.14e+11  9.46e+12  8.96e+38  8.90e+40  2.71e+39  2.53e+39  5.79e+37  8.37e+40  0.00e+00  2.82e+39  1.73e+39  1.16e+37  0.00e+00  3.11e+38  7.77e+38  5.73e+38  1.56e+38  0.00e+00  2.92e+34  1.21e+39 
1.246e+15  126      0        1  1.05e+10  0.00e+00  0.00e+00  8.70e+44  1.74e-15  8.93e+08  3.19e+04  7.19e+04  1.85e-02  5.74e+15  8.93e+12  1.05e+11  8.82e+12  7.57e+38  1.30e+40  2.52e+39  3.32e+39  5.16e+37  7.07e+39  0.00e+00  2.18e+39  1.25e+39  2.15e+37  0.00e+00  2.37e+38  7.10e+38  4.98e+38  1.39e+38  0.00e+00  3.73e+34  1.10e+39 
1.286e+15  127      0        2  1.06e+10  0.00e+00  0.00e+00  9.60e+44  1.57e-15  8.06e+08  4.31e+04  7.18e+04  1.72e-02  5.73e+15  8.28e+12  9.36e+10  8.18e+12  1.64e+39  3.99e+41  2.32e+39  1.13e+39  4.11e+37  3.96e+41  0.00e+00  3.43e+39  1.56e+39  9.11e+38  0.00e+00  2.61e+38  6.33e+38  4.71e+38  1.97e+38  0.00e+00  3.09e+34  9.35e+38 
1.328e+15  128      0        0  1.08e+10  0.00e+00  0.00e+00  1.06e+45  1.41e-15  7.24e+08  3.53e+04  7.16e+04  1.61e-02  5.72e+15  7.64e+12  8.46e+10  7.56e+12  1.77e+40  4.85e+39  2.11e+39  7.70e+38  3.57e+37  1.93e+39  0.00e+00  1.90e+40  1.17e+39  1.71e+40  0.00e+00  2.02e+38  5.41e+38  4.07e+38  1.42e+38  0.00e+00  2.54e+34  8.29e+38 
1.371e+15  129      0        0  1.09e+10  0.00e+00  0.00e+00  1.17e+45  1.27e-15  6.49e+08  3.40e+04  7.17e+04  1.49e-02  5.73e+15  7.13e+12  7.74e+10  7.05e+12  2.34e+39  3.30e+39  1.95e+39  4.97e+38  2.68e+37  8.24e+38  0.00e+00  3.52e+39  1.04e+39  1.79e+39  0.00e+00  1.74e+38  7.23e+38  3.72e+38  1.21e+38  0.00e+00  1.63e+34  6.94e+38 
1.416e+15  130      0        0  1.10e+10  0.00e+00  0.00e+00  1.29e+45  1.14e-15  5.82e+08  3.46e+04  7.24e+04  1.36e-02  5.78e+15  6.77e+12  7.03e+10  6.70e+12  2.24e+39  3.25e+39  1.84e+39  5.86e+38  2.29e+37  7.93e+38  0.00e+00  3.38e+39  9.87e+38  1.76e+39  0.00e+00  1.56e+38  6.40e+38  3.30e+38  1.29e+38  0.00e+00  1.43e+34  6.62e+38 
1.462e+15  131      0        2  1.11e+10  0.00e+00  0.00e+00  1.42e+45  1.02e-15  5.21e+08  3.75e+04  7.28e+04  1.26e-02  5.81e+15  6.37e+12  5.81e+10  6.31e+12  2.96e+39  5.43e+42  1.72e+39  1.38e+39  2.23e+37  5.43e+42  0.00e+00  4.12e+39  9.96e+38  2.51e+39  0.00e+00  1.45e+38  5.64e+38  2.97e+38  1.48e+38  0.00e+00  1.51e+34  6.72e+38 
1.509e+15  132      0        2  1.13e+10  0.00e+00  0.00e+00  1.56e+45  9.07e-16  4.64e+08  3.72e+04  7.16e+04  1.23e-02  5.71e+15  5.84e+12  4.99e+10  5.79e+12  2.48e+39  1.43e+40  1.52e+39  1.02e+39  1.82e+37  1.17e+40  0.00e+00  3.52e+39  8.89e+38  2.09e+39  0.00e+00  1.27e+38  4.94e+38  2.59e+38  1.39e+38  0.00e+00  1.20e+34  5.56e+38 
1.558e+15  133      0        0  1.14e+10  0.00e+00  0.00e+00  1.73e+45  8.00e-16  4.09e+08  2.99e+04  7.10e+04  1.18e-02  5.67e+15  5.39e+12  4.38e+10  5.34e+12  7.54e+38  2.71e+39  1.35e+39  7.59e+38  1.46e+37  5.89e+38  0.00e+00  1.52e+39  6.42e+38  4.48e+38  0.00e+00  9.34e+37  4.27e+38  2.13e+38  1.04e+38  0.00e+00  8.63e+33  4.72e+38 
1.609e+15  134      0        0  1.16e+10  0.00e+00  0.00e+00  1.91e+45  7.04e-16  3.60e+08  3.00e+04  7.05e+04  1.12e-02  5.63e+15  5.00e+12  3.80e+10  4.96e+12  1.64e+39  2.35e+39  1.20e+39  7.13e+38  1.15e+37  4.20e+38  0.00e+00  2.34e+39  5.79e+38  1.38e+39  0.00e+00  7.96e+37  2.79e+38  1.80e+38  1.09e+38  0.00e+00  7.72e+33  4.03e+38 
1.661e+15  135      0        0  1.18e+10  0.00e+00  0.00e+00  2.11e+45  6.22e-16  3.18e+08  3.01e+04  6.94e+04  1.09e-02  5.54e+15  4.58e+12  3.22e+10  4.55e+12  1.43e+39  2.08e+39  1.05e+39  6.57e+38  9.14e+36  3.61e+38  0.00e+00  2.07e+39  5.20e+38  1.20e+39  0.00e+00  6.88e+37  2.40e+38  1.55e+38  1.16e+38  0.00e+00  6.25e+33  3.47e+38 
1.715e+15  136      0        0  1.21e+10  0.00e+00  0.00e+00  2.33e+45  5.49e-16  2.81e+08  2.96e+04  6.76e+04  1.10e-02  5.39e+15  4.13e+12  2.75e+10  4.11e+12  1.14e+39  1.71e+39  9.00e+38  5.02e+38  7.45e+36  3.04e+38  0.00e+00  1.71e+39  4.52e+38  9.45e+38  0.00e+00  5.88e+37  2.07e+38  1.33e+38  1.07e+38  0.00e+00  5.34e+33  2.93e+38 
1.771e+15  137      0        0  1.24e+10  0.00e+00  0.00e+00  2.58e+45  4.84e-16  2.48e+08  2.90e+04  6.59e+04  1.10e-02  5.26e+15  3.74e+12  2.41e+10  3.72e+12  8.75e+38  1.37e+39  7.71e+38  3.37e+38  6.08e+36  2.55e+38  0.00e+00  1.36e+39  3.90e+38  7.11e+38  0.00e+00  4.98e+37  1.78e+38  1.14e+38  9.09e+37  0.00e+00  4.12e+33  2.47e+38 
1.828e+15  138      0        0  1.26e+10  0.00e+00  0.00e+00  2.84e+45  4.29e-16  2.19e+08  2.89e+04  6.48e+04  1.08e-02  5.18e+15  3.43e+12  2.13e+10  3.40e+12  7.37e+38  1.19e+39  6.77e+38  2.89e+38  4.91e+36  2.17e+38  0.00e+00  1.18e+39  3.48e+38  5.96e+38  0.00e+00  4.29e+37  1.54e+38  9.88e+37  9.06e+37  0.00e+00  3.06e+33  2.10e+38 
1.887e+15  139      0        0  1.29e+10  0.00e+00  0.00e+00  3.15e+45  3.81e-16  1.95e+08  2.87e+04  6.37e+04  1.05e-02  5.08e+15  3.13e+12  1.84e+10  3.11e+12  6.15e+38  1.06e+39  5.93e+38  2.79e+38  4.03e+36  1.85e+38  0.00e+00  1.03e+39  3.10e+38  4.91e+38  0.00e+00  3.74e+37  1.35e+38  8.63e+37  9.79e+37  0.00e+00  2.52e+33  1.80e+38 
1.949e+15  140      0        0  1.32e+10  0.00e+00  0.00e+00  3.49e+45  3.39e-16  1.73e+08  2.82e+04  6.21e+04  1.04e-02  4.96e+15  2.80e+12  1.56e+10  2.78e+12  4.92e+38  8.80e+38  5.07e+38  2.12e+38  3.34e+36  1.58e+38  0.00e+00  8.60e+38  2.69e+38  3.85e+38  0.00e+00  3.23e+37  1.18e+38  7.53e+37  9.22e+37  0.00e+00  2.27e+33  1.53e+38 
2.012e+15  141      0        0  1.36e+10  0.00e+00  0.00e+00  3.85e+45  3.01e-16  1.54e+08  2.77e+04  6.05e+04  1.04e-02  4.83e+15  2.51e+12  1.36e+10  2.50e+12  3.84e+38  7.07e+38  4.33e+38  1.35e+38  2.76e+36  1.35e+38  0.00e+00  6.99e+38  2.32e+38  2.91e+38  0.00e+00  2.77e+37  1.03e+38  6.52e+37  7.72e+37  0.00e+00  1.88e+33  1.32e+38 
2.077e+15  142      0        0  1.37e+10  0.00e+00  0.00e+00  4.26e+45  2.67e-16  1.36e+08  2.75e+04  5.95e+04  1.02e-02  4.75e+15  2.30e+12  1.22e+10  2.29e+12  3.23e+38  6.19e+38  3.80e+38  1.18e+38  2.28e+36  1.18e+38  0.00e+00  6.11e+38  2.07e+38  2.42e+38  0.00e+00  2.40e+37  8.94e+37  5.67e+37  7.69e+37  0.00e+00  1.19e+33  1.15e+38 
2.145e+15  143      0        0  1.40e+10  0.00e+00  0.00e+00  4.72e+45  2.37e-16  1.21e+08  2.74e+04  5.84e+04  1.00e-02  4.66e+15  2.10e+12  1.05e+10  2.09e+12  2.78e+38  5.65e+38  3.33e+38  1.27e+38  1.85e+36  1.03e+38  0.00e+00  5.58e+38  1.86e+38  2.07e+38  0.00e+00  2.10e+37  7.83e+37  4.96e+37  9.09e+37  0.00e+00  1.16e+33  1.01e+38 
2.214e+15  144      0        0  1.45e+10  0.00e+00  0.00e+00  5.25e+45  2.09e-16  1.07e+08  2.68e+04  5.67e+04  9.97e-03  4.53e+15  1.86e+12  8.73e+09  1.85e+12  2.13e+38  4.70e+38  2.78e+38  1.03e+38  1.53e+36  8.70e+37  0.00e+00  4.63e+38  1.58e+38  1.52e+38  0.00e+00  1.79e+37  6.79e+37  4.28e+37  8.88e+37  0.00e+00  1.05e+33  8.55e+37 
2.286e+15  145      0        0  1.50e+10  0.00e+00  0.00e+00  5.83e+45  1.83e-16  9.38e+07  2.60e+04  5.50e+04  9.88e-03  4.39e+15  1.63e+12  7.55e+09  1.62e+12  1.55e+38  3.58e+38  2.28e+38  5.72e+37  1.25e+36  7.15e+37  0.00e+00  3.56e+38  1.30e+38  1.04e+38  0.00e+00  1.49e+37  5.78e+37  3.62e+37  6.78e+37  0.00e+00  8.01e+32  7.06e+37 
2.361e+15  146      0        0  1.52e+10  0.00e+00  0.00e+00  6.44e+45  1.60e-16  8.20e+07  2.61e+04  5.39e+04  9.61e-03  4.30e+15  1.47e+12  6.86e+09  1.46e+12  1.33e+38  2.85e+38  1.94e+38  3.09e+37  9.55e+35  5.90e+37  0.00e+00  3.08e+38  1.14e+38  9.02e+37  0.00e+00  1.26e+37  4.88e+37  3.06e+37  5.82e+37  0.00e+00  4.99e+32  5.85e+37 
2.437e+15  147      0        0  1.53e+10  0.00e+00  0.00e+00  7.12e+45  1.41e-16  7.20e+07  2.52e+04  5.32e+04  9.33e-03  4.24e+15  1.34e+12  6.19e+09  1.34e+12  9.60e+37  2.59e+38  1.69e+38  3.78e+37  8.00e+35  5.13e+37  0.00e+00  2.59e+38  9.80e+37  5.95e+37  0.00e+00  1.05e+37  4.16e+37  2.59e+37  6.33e+37  0.00e+00  4.06e+32  5.09e+37 
2.516e+15  148      0        0  1.56e+10  0.00e+00  0.00e+00  7.92e+45  1.25e-16  6.38e+07  2.41e+04  5.21e+04  9.07e-03  4.16e+15  1.21e+12  5.34e+09  1.20e+12  6.84e+37  2.26e+38  1.46e+38  3.31e+37  6.87e+35  4.62e+37  0.00e+00  2.24e+38  8.30e+37  3.71e+37  0.00e+00  8.89e+36  3.63e+37  2.24e+37  7.06e+37  0.00e+00  2.47e+32  4.60e+37 
2.598e+15  149      0        1  1.62e+10  0.00e+00  0.00e+00  8.83e+45  1.13e-16  5.76e+07  2.45e+04  5.07e+04  8.91e-03  4.04e+15  1.06e+12  4.57e+09  1.05e+12  6.57e+37  1.89e+38  1.23e+38  2.89e+37  5.42e+35  3.65e+37  0.00e+00  2.09e+38  7.44e+37  3.72e+37  0.00e+00  8.15e+36  3.30e+37  2.04e+37  6.75e+37  0.00e+00  2.34e+32  3.64e+37 
2.682e+15  150      0        0  1.67e+10  0.00e+00  0.00e+00  9.76e+45  1.05e-16  5.37e+07  2.39e+04  4.95e+04  8.60e-03  3.95e+15  9.32e+11  4.11e+09  9.28e+11  5.68e+37  1.51e+38  1.09e+38  7.66e+36  5.08e+35  3.40e+37  0.00e+00  1.65e+38  6.59e+37  2.96e+37  0.00e+00  7.71e+36  3.17e+37  1.95e+37  4.09e+37  0.00e+00  1.26e+32  3.39e+37 
2.769e+15  151      0        0  1.65e+10  0.00e+00  0.00e+00  1.06e+46  1.03e-16  5.26e+07  2.55e+04  4.96e+04  8.03e-03  3.96e+15  8.74e+11  4.03e+09  8.70e+11  7.70e+37  1.58e+38  1.10e+38  7.82e+36  4.67e+35  3.95e+37  0.00e+00  1.69e+38  7.02e+37  4.79e+37  0.00e+00  8.43e+36  3.31e+37  2.07e+37  2.05e+37  0.00e+00  1.78e+32  3.94e+37 
2.859e+15  152      0        0  1.57e+10  0.00e+00  0.00e+00  1.14e+46  1.04e-16  5.32e+07  2.63e+04  5.02e+04  7.26e-03  4.00e+15  8.29e+11  4.09e+09  8.25e+11  9.57e+37  1.73e+38  1.18e+38  8.96e+36  4.73e+35  4.62e+37  0.00e+00  1.77e+38  7.48e+37  6.33e+37  0.00e+00  9.51e+36  3.65e+37  2.30e+37  4.61e+36  0.00e+00  3.87e+32  4.60e+37 
2.952e+15  153     -1        0  1.47e+10  0.00e+00  0.00e+00  0.00e+00  0.00e+00  0.00e+00  0.00e+00  0.00e+00  0.00e+00  0.00e+00  0.00e+00  0.00e+00  0.00e+00  0.00e+00  0.00e+00  0.00e+00  0.00e+00  0.00e+00  0.00e+00  0.00e+00  0.00e+00  0.00e+00  0.00e+00  0.00e+00  0.00e+00  0.00e+00  0.00e+00  0.00e+00  0.00e+00  0.00e+00  0.00e+00 
3.048e+15  154     -1        0  1.47e+10  0.00e+00  0.00e+00  0.00e+00  0.00e+00  0.00e+00  0.00e+00  0.00e+00  0.00e+00  0.00e+00  0.00e+00  0.00e+00  0.00e+00  0.00e+00  0.00e+00  0.00e+00  0.00e+00  0.00e+00  0.00e+00  0.00e+00  0.00e+00  0.00e+00  0.00e+00  0.00e+00  0.00e+00  0.00e+00  0.00e+00  0.00e+00  0.00e+00  0.00e+00  0.00e+00 
