       r    i inwind      i01      i02 
2.22e+13    0     -1 0.00e+00 0.00e+00 
2.30e+13    1      0 1.87e-02 2.07e+10 
2.37e+13    2      0 1.69e-02 2.04e+10 
2.45e+13    3      0 1.94e-02 2.01e+10 
2.53e+13    4      0 2.55e-02 2.00e+10 
2.61e+13    5      0 3.99e-02 1.99e+10 
2.69e+13    6      0 2.80e-02 1.99e+10 
2.78e+13    7      0 2.84e-02 1.99e+10 
2.87e+13    8      0 3.05e-02 2.01e+10 
2.96e+13    9      0 5.16e-02 2.02e+10 
3.06e+13   10      0 4.27e-02 2.04e+10 
3.16e+13   11      0 7.06e-02 2.07e+10 
3.26e+13   12      0 7.23e-02 2.11e+10 
3.37e+13   13      0 6.21e-02 2.16e+10 
3.48e+13   14      0 5.79e-02 2.21e+10 
3.59e+13   15      0 9.35e-02 2.26e+10 
3.71e+13   16      0 8.39e-02 2.32e+10 
3.83e+13   17      0 1.20e-01 2.39e+10 
3.95e+13   18      0 1.56e-01 2.45e+10 
4.08e+13   19      0 1.97e-01 2.53e+10 
4.21e+13   20      0 1.90e-01 2.60e+10 
4.35e+13   21      0 1.33e-01 2.67e+10 
4.49e+13   22      0 2.48e-01 2.73e+10 
4.64e+13   23      0 1.64e-01 2.80e+10 
4.79e+13   24      0 3.65e-01 2.86e+10 
4.94e+13   25      0 3.47e-01 2.92e+10 
5.10e+13   26      0 3.24e-01 2.97e+10 
5.27e+13   27      0 1.98e-01 3.03e+10 
5.44e+13   28      0 5.11e-01 3.07e+10 
5.62e+13   29      0 2.24e-01 3.11e+10 
5.80e+13   30      0 3.38e-01 3.14e+10 
5.99e+13   31      0 5.70e-01 3.16e+10 
6.18e+13   32      0 1.99e-01 3.18e+10 
6.38e+13   33      0 3.08e-01 3.19e+10 
6.59e+13   34      0 3.88e-01 3.20e+10 
6.80e+13   35      0 6.44e-01 3.20e+10 
7.02e+13   36      0 3.87e-01 3.19e+10 
7.25e+13   37      0 5.08e-01 3.18e+10 
7.49e+13   38      0 6.90e-01 3.16e+10 
7.73e+13   39      0 7.04e-01 3.14e+10 
7.98e+13   40      0 6.10e-01 3.12e+10 
8.24e+13   41      0 7.94e-01 3.09e+10 
8.51e+13   42      0 7.25e-01 3.06e+10 
8.78e+13   43      0 8.29e-01 3.03e+10 
9.07e+13   44      0 8.43e-01 3.00e+10 
9.36e+13   45      0 6.94e-01 2.96e+10 
9.67e+13   46      0 7.61e-01 2.93e+10 
9.98e+13   47      0 5.48e-01 2.89e+10 
1.03e+14   48      0 9.13e-01 2.86e+10 
1.06e+14   49      0 6.71e-01 2.83e+10 
1.10e+14   50      0 7.79e-01 2.79e+10 
1.13e+14   51      0 8.71e-01 2.76e+10 
1.17e+14   52      0 8.97e-01 2.73e+10 
1.21e+14   53      0 7.21e-01 2.71e+10 
1.25e+14   54      0 7.85e-01 2.69e+10 
1.29e+14   55      0 9.36e-01 2.66e+10 
1.33e+14   56      0 7.69e-01 2.63e+10 
1.37e+14   57      0 9.14e-01 2.59e+10 
1.42e+14   58      0 8.14e-01 2.55e+10 
1.46e+14   59      0 7.31e-01 2.51e+10 
1.51e+14   60      0 7.26e-01 2.47e+10 
1.56e+14   61      0 7.22e-01 2.42e+10 
1.61e+14   62      0 7.09e-01 2.36e+10 
1.66e+14   63      0 7.46e-01 2.31e+10 
1.72e+14   64      0 9.19e-01 2.25e+10 
1.77e+14   65      0 7.28e-01 2.19e+10 
1.83e+14   66      0 7.94e-01 2.13e+10 
1.89e+14   67      0 6.89e-01 2.07e+10 
1.95e+14   68      0 6.98e-01 2.00e+10 
2.02e+14   69      0 6.04e-01 1.94e+10 
2.08e+14   70      0 5.84e-01 1.87e+10 
2.15e+14   71      0 5.33e-01 1.81e+10 
2.22e+14   72      0 6.37e-01 1.75e+10 
2.29e+14   73      0 4.75e-01 1.69e+10 
2.37e+14   74      0 5.37e-01 1.62e+10 
2.44e+14   75      0 3.91e-01 1.56e+10 
2.52e+14   76      0 4.87e-01 1.50e+10 
2.60e+14   77      0 3.20e-01 1.44e+10 
2.69e+14   78      0 4.67e-01 1.38e+10 
2.78e+14   79      0 4.30e-01 1.32e+10 
2.87e+14   80      0 4.66e-01 1.27e+10 
2.96e+14   81      0 3.87e-01 1.22e+10 
3.05e+14   82      0 3.19e-01 1.17e+10 
3.15e+14   83      0 4.00e-01 1.13e+10 
3.26e+14   84      0 3.25e-01 1.08e+10 
3.36e+14   85      0 3.33e-01 1.04e+10 
3.47e+14   86      0 3.08e-01 9.96e+09 
3.58e+14   87      0 3.85e-01 9.55e+09 
3.70e+14   88      0 2.96e-01 9.15e+09 
3.82e+14   89      0 3.12e-01 8.75e+09 
3.94e+14   90      0 1.95e-01 8.38e+09 
4.07e+14   91      0 2.58e-01 8.01e+09 
4.20e+14   92      0 2.28e-01 7.66e+09 
4.34e+14   93      0 2.06e-01 7.32e+09 
4.48e+14   94      0 2.43e-01 6.99e+09 
4.63e+14   95      0 1.81e-01 6.67e+09 
4.78e+14   96      0 2.18e-01 6.36e+09 
4.93e+14   97      0 1.89e-01 6.07e+09 
5.09e+14   98      0 2.06e-01 5.80e+09 
5.26e+14   99      0 1.85e-01 5.53e+09 
5.43e+14  100      0 2.02e-01 5.27e+09 
5.60e+14  101      0 1.82e-01 5.01e+09 
5.79e+14  102      0 1.64e-01 4.77e+09 
5.97e+14  103      0 1.57e-01 4.52e+09 
6.17e+14  104      0 1.47e-01 4.28e+09 
6.37e+14  105      0 1.53e-01 4.04e+09 
6.58e+14  106      0 1.48e-01 3.80e+09 
6.79e+14  107      0 1.21e-01 3.57e+09 
7.01e+14  108      0 1.18e-01 3.34e+09 
7.24e+14  109      0 1.16e-01 3.12e+09 
7.47e+14  110      0 1.16e-01 2.89e+09 
7.71e+14  111      0 9.67e-02 2.67e+09 
7.97e+14  112      0 9.02e-02 2.47e+09 
8.22e+14  113      0 7.58e-02 2.28e+09 
8.49e+14  114      0 7.79e-02 2.10e+09 
8.77e+14  115      0 7.37e-02 1.94e+09 
9.05e+14  116      0 5.86e-02 1.78e+09 
9.35e+14  117      0 5.30e-02 1.64e+09 
9.65e+14  118      0 5.04e-02 1.51e+09 
9.96e+14  119      0 5.04e-02 1.38e+09 
1.03e+15  120      0 3.90e-02 1.27e+09 
1.06e+15  121      0 3.54e-02 1.17e+09 
1.10e+15  122      0 3.69e-02 1.07e+09 
1.13e+15  123      0 3.83e-02 9.83e+08 
1.17e+15  124      0 3.30e-02 8.99e+08 
1.21e+15  125      0 2.94e-02 8.19e+08 
1.25e+15  126      0 3.26e-02 7.44e+08 
1.29e+15  127      0 2.31e-02 6.71e+08 
1.33e+15  128      0 2.37e-02 6.03e+08 
1.37e+15  129      0 1.93e-02 5.41e+08 
1.42e+15  130      0 1.60e-02 4.85e+08 
1.46e+15  131      0 1.28e-02 4.35e+08 
1.51e+15  132      0 1.09e-02 3.87e+08 
1.56e+15  133      0 1.03e-02 3.41e+08 
1.61e+15  134      0 8.45e-03 3.00e+08 
1.66e+15  135      0 7.05e-03 2.65e+08 
1.71e+15  136      0 5.67e-03 2.34e+08 
1.77e+15  137      0 5.08e-03 2.07e+08 
1.83e+15  138      0 4.27e-03 1.83e+08 
1.89e+15  139      0 3.68e-03 1.63e+08 
1.95e+15  140      0 3.37e-03 1.45e+08 
2.01e+15  141      0 2.82e-03 1.28e+08 
2.08e+15  142      0 2.41e-03 1.14e+08 
2.14e+15  143      0 2.07e-03 1.01e+08 
2.21e+15  144      0 1.86e-03 8.93e+07 
2.29e+15  145      0 1.64e-03 7.83e+07 
2.36e+15  146      0 1.37e-03 6.84e+07 
2.44e+15  147      0 1.17e-03 6.01e+07 
2.52e+15  148      0 1.05e-03 5.33e+07 
2.60e+15  149      0 9.54e-04 4.80e+07 
2.68e+15  150      0 1.02e-03 4.49e+07 
2.77e+15  151      0 1.04e-03 4.39e+07 
2.86e+15  152      0 1.19e-03 4.44e+07 
2.95e+15  153     -1 0.00e+00 0.00e+00 
3.05e+15  154     -1 0.00e+00 0.00e+00 
