       r    i inwind      i01      i02      i03      i04      i05      i06      i07      i08      i09 
2.22e+13    0     -1 0.00e+00 0.00e+00 0.00e+00 0.00e+00 0.00e+00 0.00e+00 0.00e+00 0.00e+00 0.00e+00 
2.30e+13    1      0 1.00e-20 1.00e-20 1.00e-20 1.00e-20 1.39e-17 3.04e-09 1.00e+00 1.04e-18 1.00e-20 
2.37e+13    2      0 1.00e-20 1.00e-20 1.00e-20 1.00e-20 3.53e-17 5.06e-09 1.00e+00 7.62e-20 1.00e-20 
2.45e+13    3      0 1.00e-20 1.00e-20 1.00e-20 1.00e-20 7.09e-17 7.41e-09 1.00e+00 1.00e-20 1.00e-20 
2.53e+13    4      0 1.00e-20 1.00e-20 1.00e-20 1.00e-20 1.32e-16 1.04e-08 1.00e+00 1.00e-20 1.00e-20 
2.61e+13    5      0 1.00e-20 1.00e-20 1.00e-20 1.00e-20 2.35e-16 1.43e-08 1.00e+00 1.00e-20 1.00e-20 
2.69e+13    6      0 1.00e-20 1.00e-20 1.00e-20 1.00e-20 4.11e-16 1.94e-08 1.00e+00 1.00e-20 1.00e-20 
2.78e+13    7      0 1.00e-20 1.00e-20 1.00e-20 1.00e-20 7.16e-16 2.63e-08 1.00e+00 1.00e-20 1.00e-20 
2.87e+13    8      0 1.00e-20 1.00e-20 1.00e-20 1.00e-20 1.24e-15 3.55e-08 1.00e+00 1.00e-20 1.00e-20 
2.96e+13    9      0 1.00e-20 1.00e-20 1.00e-20 1.00e-20 2.16e-15 4.81e-08 1.00e+00 1.00e-20 1.00e-20 
3.06e+13   10      0 1.00e-20 1.00e-20 1.00e-20 1.00e-20 3.77e-15 6.53e-08 1.00e+00 1.00e-20 1.00e-20 
3.16e+13   11      0 1.00e-20 1.00e-20 1.00e-20 1.00e-20 6.58e-15 8.86e-08 1.00e+00 1.00e-20 1.00e-20 
3.26e+13   12      0 1.00e-20 1.00e-20 1.00e-20 1.00e-20 1.14e-14 1.20e-07 1.00e+00 1.00e-20 1.00e-20 
3.37e+13   13      0 1.00e-20 1.00e-20 1.00e-20 1.00e-20 1.97e-14 1.61e-07 1.00e+00 1.00e-20 1.00e-20 
3.48e+13   14      0 1.00e-20 1.00e-20 1.00e-20 1.00e-20 3.44e-14 2.19e-07 1.00e+00 1.00e-20 1.00e-20 
3.59e+13   15      0 1.00e-20 1.00e-20 1.00e-20 1.00e-20 6.09e-14 3.00e-07 1.00e+00 1.00e-20 1.00e-20 
3.71e+13   16      0 1.00e-20 1.00e-20 1.00e-20 1.00e-20 1.07e-13 4.10e-07 1.00e+00 1.00e-20 1.00e-20 
3.83e+13   17      0 1.00e-20 1.00e-20 1.00e-20 1.00e-20 1.89e-13 5.58e-07 1.00e+00 1.00e-20 1.00e-20 
3.95e+13   18      0 1.00e-20 1.00e-20 1.00e-20 1.00e-20 3.28e-13 7.56e-07 1.00e+00 1.00e-20 1.00e-20 
4.08e+13   19      0 1.00e-20 1.00e-20 1.00e-20 1.17e-20 5.62e-13 1.02e-06 1.00e+00 1.00e-20 1.00e-20 
4.21e+13   20      0 1.00e-20 1.00e-20 1.00e-20 2.39e-20 9.59e-13 1.36e-06 1.00e+00 1.00e-20 1.00e-20 
4.35e+13   21      0 1.00e-20 1.00e-20 1.00e-20 4.87e-20 1.63e-12 1.82e-06 1.00e+00 1.00e-20 1.00e-20 
4.49e+13   22      0 1.00e-20 1.00e-20 1.00e-20 9.96e-20 2.78e-12 2.45e-06 1.00e+00 1.00e-20 1.00e-20 
4.64e+13   23      0 1.00e-20 1.00e-20 1.00e-20 1.98e-19 4.63e-12 3.24e-06 1.00e+00 1.00e-20 1.00e-20 
4.79e+13   24      0 1.00e-20 1.00e-20 1.00e-20 3.90e-19 7.68e-12 4.30e-06 1.00e+00 1.00e-20 1.00e-20 
4.94e+13   25      0 1.00e-20 1.00e-20 1.00e-20 7.38e-19 1.23e-11 5.55e-06 1.00e+00 1.00e-20 1.00e-20 
5.10e+13   26      0 1.00e-20 1.00e-20 1.00e-20 1.42e-18 2.01e-11 7.35e-06 1.00e+00 1.00e-20 1.00e-20 
5.27e+13   27      0 1.00e-20 1.00e-20 1.00e-20 2.66e-18 3.22e-11 9.56e-06 1.00e+00 1.00e-20 1.00e-20 
5.44e+13   28      0 1.00e-20 1.00e-20 1.00e-20 4.79e-18 4.99e-11 1.21e-05 1.00e+00 1.00e-20 1.00e-20 
5.62e+13   29      0 1.00e-20 1.00e-20 1.00e-20 8.15e-18 7.34e-11 1.48e-05 1.00e+00 1.00e-20 1.00e-20 
5.80e+13   30      0 1.00e-20 1.00e-20 1.00e-20 1.43e-17 1.12e-10 1.88e-05 1.00e+00 1.00e-20 1.00e-20 
5.99e+13   31      0 1.00e-20 1.00e-20 1.00e-20 2.46e-17 1.68e-10 2.36e-05 1.00e+00 1.00e-20 1.00e-20 
6.18e+13   32      0 1.00e-20 1.00e-20 1.00e-20 4.06e-17 2.43e-10 2.88e-05 1.00e+00 1.00e-20 1.00e-20 
6.38e+13   33      0 1.00e-20 1.00e-20 1.00e-20 6.65e-17 3.51e-10 3.54e-05 1.00e+00 1.00e-20 1.00e-20 
6.59e+13   34      0 1.00e-20 1.00e-20 1.00e-20 1.04e-16 4.85e-10 4.21e-05 1.00e+00 1.00e-20 1.00e-20 
6.80e+13   35      0 1.00e-20 1.00e-20 1.00e-20 1.60e-16 6.68e-10 5.01e-05 1.00e+00 1.00e-20 1.00e-20 
7.02e+13   36      0 1.00e-20 1.00e-20 1.00e-20 2.43e-16 9.13e-10 5.99e-05 1.00e+00 1.00e-20 1.00e-20 
7.25e+13   37      0 1.00e-20 1.00e-20 1.00e-20 3.54e-16 1.20e-09 6.95e-05 1.00e+00 1.00e-20 1.00e-20 
7.49e+13   38      0 1.00e-20 1.00e-20 1.00e-20 4.97e-16 1.53e-09 7.85e-05 1.00e+00 1.00e-20 1.00e-20 
7.73e+13   39      0 1.00e-20 1.00e-20 1.00e-20 7.05e-16 1.97e-09 9.01e-05 1.00e+00 1.00e-20 1.00e-20 
7.98e+13   40      0 1.00e-20 1.00e-20 1.00e-20 9.58e-16 2.45e-09 1.01e-04 1.00e+00 1.00e-20 1.00e-20 
8.24e+13   41      0 1.00e-20 1.00e-20 1.00e-20 1.33e-15 3.14e-09 1.17e-04 1.00e+00 1.00e-20 1.00e-20 
8.51e+13   42      0 1.00e-20 1.00e-20 1.00e-20 1.72e-15 3.75e-09 1.28e-04 1.00e+00 1.00e-20 1.00e-20 
8.78e+13   43      0 1.00e-20 1.00e-20 1.00e-20 2.16e-15 4.41e-09 1.38e-04 1.00e+00 1.00e-20 1.00e-20 
9.07e+13   44      0 1.00e-20 1.00e-20 1.00e-20 2.66e-15 5.10e-09 1.50e-04 1.00e+00 1.00e-20 1.00e-20 
9.36e+13   45      0 1.00e-20 1.00e-20 1.00e-20 3.30e-15 5.97e-09 1.65e-04 1.00e+00 1.00e-20 1.00e-20 
9.67e+13   46      0 1.00e-20 1.00e-20 1.00e-20 3.79e-15 6.50e-09 1.71e-04 1.00e+00 1.00e-20 1.00e-20 
9.98e+13   47      0 1.00e-20 1.00e-20 1.00e-20 4.13e-15 6.76e-09 1.69e-04 1.00e+00 1.00e-20 1.00e-20 
1.03e+14   48      0 1.00e-20 1.00e-20 1.00e-20 4.45e-15 7.00e-09 1.69e-04 1.00e+00 1.00e-20 1.00e-20 
1.06e+14   49      0 1.00e-20 1.00e-20 1.00e-20 4.84e-15 7.33e-09 1.72e-04 1.00e+00 1.00e-20 1.00e-20 
1.10e+14   50      0 1.00e-20 1.00e-20 1.00e-20 5.21e-15 7.62e-09 1.75e-04 1.00e+00 1.00e-20 1.00e-20 
1.13e+14   51      0 1.00e-20 1.00e-20 1.00e-20 5.22e-15 7.39e-09 1.67e-04 1.00e+00 1.00e-20 1.00e-20 
1.17e+14   52      0 1.00e-20 1.00e-20 1.00e-20 5.32e-15 7.32e-09 1.63e-04 1.00e+00 1.00e-20 1.00e-20 
1.21e+14   53      0 1.00e-20 1.00e-20 1.00e-20 5.41e-15 7.25e-09 1.59e-04 1.00e+00 1.00e-20 1.00e-20 
1.25e+14   54      0 1.00e-20 1.00e-20 1.00e-20 5.71e-15 7.45e-09 1.61e-04 1.00e+00 1.00e-20 1.00e-20 
1.29e+14   55      0 1.00e-20 1.00e-20 1.00e-20 5.51e-15 7.05e-09 1.53e-04 1.00e+00 1.00e-20 1.00e-20 
1.33e+14   56      0 1.00e-20 1.00e-20 1.00e-20 5.98e-15 7.49e-09 1.60e-04 1.00e+00 1.00e-20 1.00e-20 
1.37e+14   57      0 1.00e-20 1.00e-20 1.00e-20 5.84e-15 7.20e-09 1.54e-04 1.00e+00 1.00e-20 1.00e-20 
1.42e+14   58      0 1.00e-20 1.00e-20 1.00e-20 5.91e-15 7.19e-09 1.55e-04 1.00e+00 1.00e-20 1.00e-20 
1.46e+14   59      0 1.00e-20 1.00e-20 1.00e-20 5.75e-15 6.89e-09 1.49e-04 1.00e+00 1.00e-20 1.00e-20 
1.51e+14   60      0 1.00e-20 1.00e-20 1.00e-20 5.23e-15 6.20e-09 1.35e-04 1.00e+00 1.00e-20 1.00e-20 
1.56e+14   61      0 1.00e-20 1.00e-20 1.00e-20 5.08e-15 5.98e-09 1.32e-04 1.00e+00 1.00e-20 1.00e-20 
1.61e+14   62      0 1.00e-20 1.00e-20 1.00e-20 5.00e-15 5.85e-09 1.30e-04 1.00e+00 1.00e-20 1.00e-20 
1.66e+14   63      0 1.00e-20 1.00e-20 1.00e-20 4.76e-15 5.52e-09 1.24e-04 1.00e+00 1.00e-20 1.00e-20 
1.72e+14   64      0 1.00e-20 1.00e-20 1.00e-20 4.36e-15 5.04e-09 1.15e-04 1.00e+00 1.00e-20 1.00e-20 
1.77e+14   65      0 1.00e-20 1.00e-20 1.00e-20 4.29e-15 4.92e-09 1.13e-04 1.00e+00 1.00e-20 1.00e-20 
1.83e+14   66      0 1.00e-20 1.00e-20 1.00e-20 3.94e-15 4.49e-09 1.05e-04 1.00e+00 1.00e-20 1.00e-20 
1.89e+14   67      0 1.00e-20 1.00e-20 1.00e-20 3.88e-15 4.41e-09 1.03e-04 1.00e+00 1.00e-20 1.00e-20 
1.95e+14   68      0 1.00e-20 1.00e-20 1.00e-20 4.01e-15 4.52e-09 1.06e-04 1.00e+00 1.00e-20 1.00e-20 
2.02e+14   69      0 1.00e-20 1.00e-20 1.00e-20 3.92e-15 4.39e-09 1.03e-04 1.00e+00 1.00e-20 1.00e-20 
2.08e+14   70      0 1.00e-20 1.00e-20 1.00e-20 3.71e-15 4.10e-09 9.69e-05 1.00e+00 1.00e-20 1.00e-20 
2.15e+14   71      0 1.00e-20 1.00e-20 1.00e-20 3.47e-15 3.80e-09 9.08e-05 1.00e+00 1.00e-20 1.00e-20 
2.22e+14   72      0 1.00e-20 1.00e-20 1.00e-20 3.44e-15 3.74e-09 8.97e-05 1.00e+00 1.00e-20 1.00e-20 
2.29e+14   73      0 1.00e-20 1.00e-20 1.00e-20 3.43e-15 3.71e-09 8.97e-05 1.00e+00 1.00e-20 1.00e-20 
2.37e+14   74      0 1.00e-20 1.00e-20 1.00e-20 3.43e-15 3.66e-09 8.81e-05 1.00e+00 1.00e-20 1.00e-20 
2.44e+14   75      0 1.00e-20 1.00e-20 1.00e-20 3.52e-15 3.70e-09 8.77e-05 1.00e+00 1.00e-20 1.00e-20 
2.52e+14   76      0 1.00e-20 1.00e-20 1.00e-20 3.41e-15 3.55e-09 8.43e-05 1.00e+00 1.00e-20 1.00e-20 
2.60e+14   77      0 1.00e-20 1.00e-20 1.00e-20 3.47e-15 3.56e-09 8.37e-05 1.00e+00 1.00e-20 1.00e-20 
2.69e+14   78      0 1.00e-20 1.00e-20 1.00e-20 3.69e-15 3.72e-09 8.61e-05 1.00e+00 1.00e-20 1.00e-20 
2.78e+14   79      0 1.00e-20 1.00e-20 1.00e-20 3.70e-15 3.68e-09 8.48e-05 1.00e+00 1.00e-20 1.00e-20 
2.87e+14   80      0 1.00e-20 1.00e-20 1.00e-20 3.82e-15 3.73e-09 8.46e-05 1.00e+00 1.00e-20 1.00e-20 
2.96e+14   81      0 1.00e-20 1.00e-20 1.00e-20 4.08e-15 3.92e-09 8.78e-05 1.00e+00 1.00e-20 1.00e-20 
3.05e+14   82      0 1.00e-20 1.00e-20 1.00e-20 4.18e-15 3.95e-09 8.74e-05 1.00e+00 1.00e-20 1.00e-20 
3.15e+14   83      0 1.00e-20 1.00e-20 1.00e-20 4.39e-15 4.05e-09 8.79e-05 1.00e+00 1.00e-20 1.00e-20 
3.26e+14   84      0 1.00e-20 1.00e-20 1.00e-20 4.57e-15 4.14e-09 8.83e-05 1.00e+00 1.00e-20 1.00e-20 
3.36e+14   85      0 1.00e-20 1.00e-20 1.00e-20 4.73e-15 4.19e-09 8.79e-05 1.00e+00 1.00e-20 1.00e-20 
3.47e+14   86      0 1.00e-20 1.00e-20 1.00e-20 4.87e-15 4.21e-09 8.70e-05 1.00e+00 1.00e-20 1.00e-20 
3.58e+14   87      0 1.00e-20 1.00e-20 1.00e-20 5.15e-15 4.37e-09 8.91e-05 1.00e+00 1.00e-20 1.00e-20 
3.70e+14   88      0 1.00e-20 1.00e-20 1.00e-20 5.54e-15 4.58e-09 9.08e-05 1.00e+00 1.00e-20 1.00e-20 
3.82e+14   89      0 1.00e-20 1.00e-20 1.00e-20 5.91e-15 4.74e-09 9.16e-05 1.00e+00 1.00e-20 1.00e-20 
3.94e+14   90      0 1.00e-20 1.00e-20 1.00e-20 6.26e-15 4.90e-09 9.22e-05 1.00e+00 1.00e-20 1.00e-20 
4.07e+14   91      0 1.00e-20 1.00e-20 1.00e-20 6.70e-15 5.09e-09 9.31e-05 1.00e+00 1.00e-20 1.00e-20 
4.20e+14   92      0 1.00e-20 1.00e-20 1.00e-20 7.42e-15 5.45e-09 9.61e-05 1.00e+00 1.00e-20 1.00e-20 
4.34e+14   93      0 1.00e-20 1.00e-20 1.00e-20 8.10e-15 5.78e-09 9.88e-05 1.00e+00 1.00e-20 1.00e-20 
4.48e+14   94      0 1.00e-20 1.00e-20 1.00e-20 8.49e-15 5.91e-09 9.91e-05 1.00e+00 1.00e-20 1.00e-20 
4.63e+14   95      0 1.00e-20 1.00e-20 1.00e-20 9.40e-15 6.35e-09 1.03e-04 1.00e+00 1.00e-20 1.00e-20 
4.78e+14   96      0 1.00e-20 1.00e-20 1.00e-20 9.99e-15 6.55e-09 1.03e-04 1.00e+00 1.00e-20 1.00e-20 
4.93e+14   97      0 1.00e-20 1.00e-20 1.00e-20 1.10e-14 6.94e-09 1.06e-04 1.00e+00 1.00e-20 1.00e-20 
5.09e+14   98      0 1.00e-20 1.00e-20 1.00e-20 1.24e-14 7.64e-09 1.12e-04 1.00e+00 1.00e-20 1.00e-20 
5.26e+14   99      0 1.00e-20 1.00e-20 1.00e-20 1.38e-14 8.17e-09 1.15e-04 1.00e+00 1.00e-20 1.00e-20 
5.43e+14  100      0 1.00e-20 1.00e-20 1.00e-20 1.51e-14 8.64e-09 1.18e-04 1.00e+00 1.00e-20 1.00e-20 
5.60e+14  101      0 1.00e-20 1.00e-20 1.00e-20 1.70e-14 9.45e-09 1.24e-04 1.00e+00 1.00e-20 1.00e-20 
5.79e+14  102      0 1.00e-20 1.00e-20 1.00e-20 1.87e-14 1.00e-08 1.27e-04 1.00e+00 1.00e-20 1.00e-20 
5.97e+14  103      0 1.00e-20 1.00e-20 1.00e-20 2.08e-14 1.08e-08 1.31e-04 1.00e+00 1.00e-20 1.00e-20 
6.17e+14  104      0 1.00e-20 1.00e-20 1.00e-20 2.34e-14 1.17e-08 1.37e-04 1.00e+00 1.00e-20 1.00e-20 
6.37e+14  105      0 1.00e-20 1.00e-20 1.00e-20 2.63e-14 1.28e-08 1.44e-04 1.00e+00 1.00e-20 1.00e-20 
6.58e+14  106      0 1.00e-20 1.00e-20 1.00e-20 3.02e-14 1.42e-08 1.54e-04 1.00e+00 1.00e-20 1.00e-20 
6.79e+14  107      0 1.00e-20 1.00e-20 1.00e-20 3.31e-14 1.51e-08 1.58e-04 1.00e+00 1.00e-20 1.00e-20 
7.01e+14  108      0 1.00e-20 1.00e-20 1.00e-20 3.56e-14 1.59e-08 1.62e-04 1.00e+00 1.00e-20 1.00e-20 
7.24e+14  109      0 1.00e-20 1.00e-20 1.00e-20 3.86e-14 1.68e-08 1.67e-04 1.00e+00 1.00e-20 1.00e-20 
7.47e+14  110      0 1.00e-20 1.00e-20 1.00e-20 4.16e-14 1.78e-08 1.72e-04 1.00e+00 1.00e-20 1.00e-20 
7.71e+14  111      0 1.00e-20 1.00e-20 1.00e-20 4.54e-14 1.90e-08 1.78e-04 1.00e+00 1.00e-20 1.00e-20 
7.97e+14  112      0 1.00e-20 1.00e-20 1.00e-20 4.74e-14 1.95e-08 1.79e-04 1.00e+00 1.00e-20 1.00e-20 
8.22e+14  113      0 1.00e-20 1.00e-20 1.00e-20 4.92e-14 2.01e-08 1.82e-04 1.00e+00 1.00e-20 1.00e-20 
8.49e+14  114      0 1.00e-20 1.00e-20 1.00e-20 5.34e-14 2.22e-08 2.00e-04 1.00e+00 1.00e-20 1.00e-20 
8.77e+14  115      0 1.00e-20 1.00e-20 1.00e-20 5.81e-14 2.30e-08 1.99e-04 1.00e+00 1.00e-20 1.00e-20 
9.05e+14  116      0 1.00e-20 1.00e-20 1.00e-20 6.20e-14 2.46e-08 2.10e-04 1.00e+00 1.00e-20 1.00e-20 
9.35e+14  117      0 1.00e-20 1.00e-20 1.00e-20 6.36e-14 2.45e-08 2.04e-04 1.00e+00 1.00e-20 1.00e-20 
9.65e+14  118      0 1.00e-20 1.00e-20 1.00e-20 7.07e-14 2.72e-08 2.25e-04 1.00e+00 1.00e-20 1.00e-20 
9.96e+14  119      0 1.00e-20 1.00e-20 1.00e-20 7.72e-14 2.94e-08 2.37e-04 1.00e+00 1.00e-20 1.00e-20 
1.03e+15  120      0 1.00e-20 1.00e-20 1.00e-20 8.19e-14 3.07e-08 2.43e-04 1.00e+00 1.00e-20 1.00e-20 
1.06e+15  121      0 1.00e-20 1.00e-20 1.00e-20 8.05e-14 3.08e-08 2.48e-04 1.00e+00 1.00e-20 1.00e-20 
1.10e+15  122      0 1.00e-20 1.00e-20 1.00e-20 7.73e-14 3.06e-08 2.54e-04 1.00e+00 1.00e-20 1.00e-20 
1.13e+15  123      0 1.00e-20 1.00e-20 1.00e-20 6.64e-14 2.86e-08 2.72e-04 1.00e+00 1.00e-20 1.00e-20 
1.17e+15  124      0 1.00e-20 1.00e-20 1.00e-20 5.35e-14 2.37e-08 2.47e-04 1.00e+00 1.00e-20 1.00e-20 
1.21e+15  125      0 1.00e-20 1.00e-20 1.00e-20 5.02e-14 2.39e-08 3.00e-04 1.00e+00 1.00e-20 1.00e-20 
1.25e+15  126      0 1.00e-20 1.00e-20 1.00e-20 1.86e-13 9.65e-08 1.46e-03 9.99e-01 1.00e-20 1.00e-20 
1.29e+15  127      0 1.00e-20 1.00e-20 2.25e-19 4.76e-12 2.51e-06 2.56e-02 9.74e-01 1.00e-20 1.00e-20 
1.33e+15  128      0 1.00e-20 1.00e-20 8.66e-18 2.37e-10 1.24e-04 1.00e+00 4.90e-19 1.00e-20 1.00e-20 
1.37e+15  129      0 1.00e-20 1.00e-20 6.19e-14 1.86e-06 1.00e+00 2.17e-16 1.00e-20 1.00e-20 1.00e-20 
1.42e+15  130      0 1.00e-20 1.00e-20 5.07e-14 1.66e-06 1.00e+00 4.08e-16 1.00e-20 1.00e-20 1.00e-20 
1.46e+15  131      0 1.00e-20 1.00e-20 5.33e-14 1.71e-06 1.00e+00 7.81e-15 1.00e-20 1.00e-20 1.00e-20 
1.51e+15  132      0 1.00e-20 1.00e-20 7.07e-14 2.20e-06 1.00e+00 5.70e-15 1.00e-20 1.00e-20 1.00e-20 
1.56e+15  133      0 1.00e-20 1.00e-20 1.01e-13 4.02e-06 1.00e+00 1.17e-18 1.00e-20 1.00e-20 1.00e-20 
1.61e+15  134      0 1.00e-20 1.39e-17 2.31e-08 1.00e+00 7.02e-12 1.00e-20 1.00e-20 1.00e-20 1.00e-20 
1.66e+15  135      0 1.00e-20 1.45e-17 2.44e-08 1.00e+00 7.65e-12 1.00e-20 1.00e-20 1.00e-20 1.00e-20 
1.71e+15  136      0 1.00e-20 1.70e-17 2.88e-08 1.00e+00 4.89e-12 1.00e-20 1.00e-20 1.00e-20 1.00e-20 
1.77e+15  137      0 1.00e-20 1.99e-17 3.43e-08 1.00e+00 2.56e-12 1.00e-20 1.00e-20 1.00e-20 1.00e-20 
1.83e+15  138      0 1.00e-20 2.19e-17 3.84e-08 1.00e+00 2.28e-12 1.00e-20 1.00e-20 1.00e-20 1.00e-20 
1.89e+15  139      0 1.00e-20 2.56e-17 4.52e-08 1.00e+00 1.76e-12 1.00e-20 1.00e-20 1.00e-20 1.00e-20 
1.95e+15  140      0 1.00e-20 3.34e-17 5.80e-08 1.00e+00 1.05e-12 1.00e-20 1.00e-20 1.00e-20 1.00e-20 
2.01e+15  141      0 1.00e-20 4.61e-17 7.84e-08 1.00e+00 5.40e-13 1.00e-20 1.00e-20 1.00e-20 1.00e-20 
2.08e+15  142      0 1.00e-20 5.94e-17 1.01e-07 1.00e+00 4.45e-13 1.00e-20 1.00e-20 1.00e-20 1.00e-20 
2.14e+15  143      0 1.00e-20 8.13e-17 1.35e-07 1.00e+00 4.13e-13 1.00e-20 1.00e-20 1.00e-20 1.00e-20 
2.21e+15  144      0 1.00e-20 1.34e-16 2.10e-07 1.00e+00 1.85e-13 1.00e-20 1.00e-20 1.00e-20 1.00e-20 
2.29e+15  145      0 1.00e-20 2.29e-16 3.34e-07 1.00e+00 6.33e-14 1.00e-20 1.00e-20 1.00e-20 1.00e-20 
2.36e+15  146      0 1.00e-20 3.23e-16 4.57e-07 1.00e+00 7.79e-14 1.00e-20 1.00e-20 1.00e-20 1.00e-20 
2.44e+15  147      0 1.00e-20 4.35e-16 6.16e-07 1.00e+00 2.22e-14 1.00e-20 1.00e-20 1.00e-20 1.00e-20 
2.52e+15  148      0 1.00e-20 8.44e-16 1.03e-06 1.00e+00 4.14e-15 1.00e-20 1.00e-20 1.00e-20 1.00e-20 
2.60e+15  149      0 1.00e-20 1.86e-15 1.98e-06 1.00e+00 7.43e-15 1.00e-20 1.00e-20 1.00e-20 1.00e-20 
2.68e+15  150      0 1.00e-20 3.11e-15 2.96e-06 1.00e+00 3.02e-15 1.00e-20 1.00e-20 1.00e-20 1.00e-20 
2.77e+15  151      0 1.00e-20 2.59e-15 2.42e-06 1.00e+00 3.30e-14 1.00e-20 1.00e-20 1.00e-20 1.00e-20 
2.86e+15  152      0 1.00e-20 1.92e-15 2.00e-06 1.00e+00 9.50e-14 1.00e-20 1.00e-20 1.00e-20 1.00e-20 
2.95e+15  153     -1 0.00e+00 0.00e+00 0.00e+00 0.00e+00 0.00e+00 0.00e+00 0.00e+00 0.00e+00 0.00e+00 
3.05e+15  154     -1 0.00e+00 0.00e+00 0.00e+00 0.00e+00 0.00e+00 0.00e+00 0.00e+00 0.00e+00 0.00e+00 
