       r    i inwind      i01      i02      i03      i04      i05      i06      i07      i08      i09 
2.22e+13    0     -1 0.00e+00 0.00e+00 0.00e+00 0.00e+00 0.00e+00 0.00e+00 0.00e+00 0.00e+00 0.00e+00 
2.30e+13    1      0 1.76e-13 1.76e-13 1.76e-13 1.76e-13 2.46e-10 5.36e-02 1.76e+07 1.83e-11 1.76e-13 
2.37e+13    2      0 1.74e-13 1.74e-13 1.74e-13 1.74e-13 6.13e-10 8.78e-02 1.74e+07 1.32e-12 1.74e-13 
2.45e+13    3      0 1.71e-13 1.71e-13 1.71e-13 1.71e-13 1.22e-09 1.27e-01 1.71e+07 1.71e-13 1.71e-13 
2.53e+13    4      0 1.70e-13 1.70e-13 1.70e-13 1.70e-13 2.24e-09 1.77e-01 1.70e+07 1.70e-13 1.70e-13 
2.61e+13    5      0 1.69e-13 1.69e-13 1.69e-13 1.69e-13 3.97e-09 2.41e-01 1.69e+07 1.69e-13 1.69e-13 
2.69e+13    6      0 1.69e-13 1.69e-13 1.69e-13 1.69e-13 6.96e-09 3.28e-01 1.69e+07 1.69e-13 1.69e-13 
2.78e+13    7      0 1.70e-13 1.70e-13 1.70e-13 1.70e-13 1.22e-08 4.46e-01 1.70e+07 1.70e-13 1.70e-13 
2.87e+13    8      0 1.71e-13 1.71e-13 1.71e-13 1.71e-13 2.12e-08 6.06e-01 1.71e+07 1.71e-13 1.71e-13 
2.96e+13    9      0 1.72e-13 1.72e-13 1.72e-13 1.72e-13 3.72e-08 8.27e-01 1.72e+07 1.72e-13 1.72e-13 
3.06e+13   10      0 1.74e-13 1.74e-13 1.74e-13 1.74e-13 6.56e-08 1.13e+00 1.74e+07 1.74e-13 1.74e-13 
3.16e+13   11      0 1.76e-13 1.76e-13 1.76e-13 1.76e-13 1.16e-07 1.56e+00 1.76e+07 1.76e-13 1.76e-13 
3.26e+13   12      0 1.80e-13 1.80e-13 1.80e-13 1.80e-13 2.05e-07 2.15e+00 1.80e+07 1.80e-13 1.80e-13 
3.37e+13   13      0 1.83e-13 1.83e-13 1.83e-13 1.83e-13 3.61e-07 2.96e+00 1.83e+07 1.83e-13 1.83e-13 
3.48e+13   14      0 1.88e-13 1.88e-13 1.88e-13 1.88e-13 6.46e-07 4.12e+00 1.88e+07 1.88e-13 1.88e-13 
3.59e+13   15      0 1.93e-13 1.93e-13 1.93e-13 1.93e-13 1.17e-06 5.79e+00 1.93e+07 1.93e-13 1.93e-13 
3.71e+13   16      0 1.97e-13 1.97e-13 1.97e-13 1.97e-13 2.12e-06 8.10e+00 1.97e+07 1.97e-13 1.97e-13 
3.83e+13   17      0 2.03e-13 2.03e-13 2.03e-13 2.03e-13 3.83e-06 1.13e+01 2.03e+07 2.03e-13 2.03e-13 
3.95e+13   18      0 2.09e-13 2.09e-13 2.09e-13 2.09e-13 6.84e-06 1.58e+01 2.09e+07 2.09e-13 2.09e-13 
4.08e+13   19      0 2.15e-13 2.15e-13 2.15e-13 2.51e-13 1.21e-05 2.18e+01 2.15e+07 2.15e-13 2.15e-13 
4.21e+13   20      0 2.21e-13 2.21e-13 2.21e-13 5.29e-13 2.12e-05 3.01e+01 2.21e+07 2.21e-13 2.21e-13 
4.35e+13   21      0 2.27e-13 2.27e-13 2.27e-13 1.11e-12 3.69e-05 4.12e+01 2.27e+07 2.27e-13 2.27e-13 
4.49e+13   22      0 2.32e-13 2.32e-13 2.32e-13 2.32e-12 6.46e-05 5.70e+01 2.32e+07 2.32e-13 2.32e-13 
4.64e+13   23      0 2.38e-13 2.38e-13 2.38e-13 4.71e-12 1.10e-04 7.72e+01 2.38e+07 2.38e-13 2.38e-13 
4.79e+13   24      0 2.44e-13 2.44e-13 2.44e-13 9.49e-12 1.87e-04 1.05e+02 2.44e+07 2.44e-13 2.44e-13 
4.94e+13   25      0 2.48e-13 2.48e-13 2.48e-13 1.83e-11 3.06e-04 1.38e+02 2.48e+07 2.48e-13 2.48e-13 
5.10e+13   26      0 2.53e-13 2.53e-13 2.53e-13 3.58e-11 5.10e-04 1.86e+02 2.53e+07 2.53e-13 2.53e-13 
5.27e+13   27      0 2.57e-13 2.57e-13 2.57e-13 6.84e-11 8.30e-04 2.46e+02 2.57e+07 2.57e-13 2.57e-13 
5.44e+13   28      0 2.61e-13 2.61e-13 2.61e-13 1.25e-10 1.31e-03 3.17e+02 2.61e+07 2.61e-13 2.61e-13 
5.62e+13   29      0 2.65e-13 2.65e-13 2.65e-13 2.16e-10 1.94e-03 3.93e+02 2.65e+07 2.65e-13 2.65e-13 
5.80e+13   30      0 2.67e-13 2.67e-13 2.67e-13 3.81e-10 2.99e-03 5.04e+02 2.67e+07 2.67e-13 2.67e-13 
5.99e+13   31      0 2.69e-13 2.69e-13 2.69e-13 6.61e-10 4.52e-03 6.37e+02 2.69e+07 2.69e-13 2.69e-13 
6.18e+13   32      0 2.71e-13 2.71e-13 2.71e-13 1.10e-09 6.57e-03 7.80e+02 2.71e+07 2.71e-13 2.71e-13 
6.38e+13   33      0 2.72e-13 2.72e-13 2.72e-13 1.81e-09 9.54e-03 9.63e+02 2.72e+07 2.72e-13 2.72e-13 
6.59e+13   34      0 2.72e-13 2.72e-13 2.72e-13 2.82e-09 1.32e-02 1.15e+03 2.72e+07 2.72e-13 2.72e-13 
6.80e+13   35      0 2.72e-13 2.72e-13 2.72e-13 4.36e-09 1.82e-02 1.36e+03 2.72e+07 2.72e-13 2.72e-13 
7.02e+13   36      0 2.71e-13 2.71e-13 2.71e-13 6.60e-09 2.48e-02 1.63e+03 2.71e+07 2.71e-13 2.71e-13 
7.25e+13   37      0 2.70e-13 2.70e-13 2.70e-13 9.57e-09 3.24e-02 1.88e+03 2.70e+07 2.70e-13 2.70e-13 
7.49e+13   38      0 2.69e-13 2.69e-13 2.69e-13 1.34e-08 4.12e-02 2.11e+03 2.69e+07 2.69e-13 2.69e-13 
7.73e+13   39      0 2.68e-13 2.68e-13 2.68e-13 1.89e-08 5.28e-02 2.41e+03 2.67e+07 2.68e-13 2.68e-13 
7.98e+13   40      0 2.66e-13 2.66e-13 2.66e-13 2.54e-08 6.52e-02 2.67e+03 2.66e+07 2.66e-13 2.66e-13 
8.24e+13   41      0 2.63e-13 2.63e-13 2.63e-13 3.51e-08 8.26e-02 3.07e+03 2.63e+07 2.63e-13 2.63e-13 
8.51e+13   42      0 2.61e-13 2.61e-13 2.61e-13 4.48e-08 9.79e-02 3.33e+03 2.61e+07 2.61e-13 2.61e-13 
8.78e+13   43      0 2.58e-13 2.58e-13 2.58e-13 5.57e-08 1.14e-01 3.57e+03 2.58e+07 2.58e-13 2.58e-13 
9.07e+13   44      0 2.55e-13 2.55e-13 2.55e-13 6.79e-08 1.30e-01 3.83e+03 2.55e+07 2.55e-13 2.55e-13 
9.36e+13   45      0 2.52e-13 2.52e-13 2.52e-13 8.31e-08 1.50e-01 4.15e+03 2.52e+07 2.52e-13 2.52e-13 
9.67e+13   46      0 2.49e-13 2.49e-13 2.49e-13 9.44e-08 1.62e-01 4.25e+03 2.49e+07 2.49e-13 2.49e-13 
9.98e+13   47      0 2.46e-13 2.46e-13 2.46e-13 1.02e-07 1.66e-01 4.17e+03 2.46e+07 2.46e-13 2.46e-13 
1.03e+14   48      0 2.43e-13 2.43e-13 2.43e-13 1.08e-07 1.70e-01 4.12e+03 2.43e+07 2.43e-13 2.43e-13 
1.06e+14   49      0 2.40e-13 2.40e-13 2.40e-13 1.16e-07 1.76e-01 4.14e+03 2.40e+07 2.40e-13 2.40e-13 
1.10e+14   50      0 2.38e-13 2.38e-13 2.38e-13 1.24e-07 1.81e-01 4.16e+03 2.38e+07 2.38e-13 2.38e-13 
1.13e+14   51      0 2.35e-13 2.35e-13 2.35e-13 1.23e-07 1.74e-01 3.93e+03 2.35e+07 2.35e-13 2.35e-13 
1.17e+14   52      0 2.33e-13 2.33e-13 2.33e-13 1.24e-07 1.70e-01 3.78e+03 2.33e+07 2.33e-13 2.33e-13 
1.21e+14   53      0 2.31e-13 2.31e-13 2.31e-13 1.25e-07 1.67e-01 3.66e+03 2.31e+07 2.31e-13 2.31e-13 
1.25e+14   54      0 2.29e-13 2.29e-13 2.29e-13 1.30e-07 1.70e-01 3.68e+03 2.29e+07 2.29e-13 2.29e-13 
1.29e+14   55      0 2.26e-13 2.26e-13 2.26e-13 1.25e-07 1.60e-01 3.46e+03 2.26e+07 2.26e-13 2.26e-13 
1.33e+14   56      0 2.24e-13 2.24e-13 2.24e-13 1.34e-07 1.68e-01 3.59e+03 2.24e+07 2.24e-13 2.24e-13 
1.37e+14   57      0 2.21e-13 2.21e-13 2.21e-13 1.29e-07 1.59e-01 3.40e+03 2.21e+07 2.21e-13 2.21e-13 
1.42e+14   58      0 2.17e-13 2.17e-13 2.17e-13 1.29e-07 1.56e-01 3.36e+03 2.17e+07 2.17e-13 2.17e-13 
1.46e+14   59      0 2.14e-13 2.14e-13 2.14e-13 1.23e-07 1.47e-01 3.19e+03 2.14e+07 2.14e-13 2.14e-13 
1.51e+14   60      0 2.10e-13 2.10e-13 2.10e-13 1.10e-07 1.30e-01 2.84e+03 2.10e+07 2.10e-13 2.10e-13 
1.56e+14   61      0 2.06e-13 2.06e-13 2.06e-13 1.04e-07 1.23e-01 2.72e+03 2.06e+07 2.06e-13 2.06e-13 
1.61e+14   62      0 2.01e-13 2.01e-13 2.01e-13 1.01e-07 1.18e-01 2.62e+03 2.01e+07 2.01e-13 2.01e-13 
1.66e+14   63      0 1.96e-13 1.96e-13 1.96e-13 9.34e-08 1.08e-01 2.43e+03 1.96e+07 1.96e-13 1.96e-13 
1.72e+14   64      0 1.91e-13 1.91e-13 1.91e-13 8.36e-08 9.64e-02 2.20e+03 1.91e+07 1.91e-13 1.91e-13 
1.77e+14   65      0 1.86e-13 1.86e-13 1.86e-13 8.00e-08 9.16e-02 2.10e+03 1.86e+07 1.86e-13 1.86e-13 
1.83e+14   66      0 1.81e-13 1.81e-13 1.81e-13 7.12e-08 8.13e-02 1.89e+03 1.81e+07 1.81e-13 1.81e-13 
1.89e+14   67      0 1.76e-13 1.76e-13 1.76e-13 6.83e-08 7.74e-02 1.81e+03 1.76e+07 1.76e-13 1.76e-13 
1.95e+14   68      0 1.70e-13 1.70e-13 1.70e-13 6.83e-08 7.69e-02 1.80e+03 1.70e+07 1.70e-13 1.70e-13 
2.02e+14   69      0 1.65e-13 1.65e-13 1.65e-13 6.47e-08 7.24e-02 1.71e+03 1.65e+07 1.65e-13 1.65e-13 
2.08e+14   70      0 1.60e-13 1.60e-13 1.60e-13 5.92e-08 6.54e-02 1.55e+03 1.60e+07 1.60e-13 1.60e-13 
2.15e+14   71      0 1.54e-13 1.54e-13 1.54e-13 5.35e-08 5.87e-02 1.40e+03 1.54e+07 1.54e-13 1.54e-13 
2.22e+14   72      0 1.49e-13 1.49e-13 1.49e-13 5.11e-08 5.57e-02 1.34e+03 1.49e+07 1.49e-13 1.49e-13 
2.29e+14   73      0 1.43e-13 1.43e-13 1.43e-13 4.92e-08 5.33e-02 1.29e+03 1.43e+07 1.43e-13 1.43e-13 
2.37e+14   74      0 1.38e-13 1.38e-13 1.38e-13 4.74e-08 5.06e-02 1.22e+03 1.38e+07 1.38e-13 1.38e-13 
2.44e+14   75      0 1.33e-13 1.33e-13 1.33e-13 4.68e-08 4.91e-02 1.16e+03 1.33e+07 1.33e-13 1.33e-13 
2.52e+14   76      0 1.28e-13 1.28e-13 1.28e-13 4.35e-08 4.52e-02 1.07e+03 1.28e+07 1.28e-13 1.28e-13 
2.60e+14   77      0 1.22e-13 1.22e-13 1.22e-13 4.24e-08 4.36e-02 1.02e+03 1.22e+07 1.22e-13 1.22e-13 
2.69e+14   78      0 1.17e-13 1.17e-13 1.17e-13 4.33e-08 4.37e-02 1.01e+03 1.17e+07 1.17e-13 1.17e-13 
2.78e+14   79      0 1.13e-13 1.13e-13 1.13e-13 4.16e-08 4.14e-02 9.54e+02 1.13e+07 1.13e-13 1.13e-13 
2.87e+14   80      0 1.08e-13 1.08e-13 1.08e-13 4.13e-08 4.03e-02 9.15e+02 1.08e+07 1.08e-13 1.08e-13 
2.96e+14   81      0 1.04e-13 1.04e-13 1.04e-13 4.24e-08 4.07e-02 9.12e+02 1.04e+07 1.04e-13 1.04e-13 
3.05e+14   82      0 9.98e-14 9.98e-14 9.98e-14 4.17e-08 3.94e-02 8.73e+02 9.98e+06 9.98e-14 9.98e-14 
3.15e+14   83      0 9.59e-14 9.59e-14 9.59e-14 4.21e-08 3.88e-02 8.43e+02 9.59e+06 9.59e-14 9.59e-14 
3.26e+14   84      0 9.20e-14 9.20e-14 9.20e-14 4.21e-08 3.81e-02 8.13e+02 9.20e+06 9.20e-14 9.20e-14 
3.36e+14   85      0 8.83e-14 8.83e-14 8.83e-14 4.18e-08 3.70e-02 7.77e+02 8.83e+06 8.83e-14 8.83e-14 
3.47e+14   86      0 8.47e-14 8.47e-14 8.47e-14 4.12e-08 3.57e-02 7.38e+02 8.47e+06 8.47e-14 8.47e-14 
3.58e+14   87      0 8.13e-14 8.13e-14 8.13e-14 4.19e-08 3.55e-02 7.24e+02 8.12e+06 8.13e-14 8.13e-14 
3.70e+14   88      0 7.78e-14 7.78e-14 7.78e-14 4.31e-08 3.56e-02 7.07e+02 7.78e+06 7.78e-14 7.78e-14 
3.82e+14   89      0 7.45e-14 7.45e-14 7.45e-14 4.40e-08 3.54e-02 6.82e+02 7.45e+06 7.45e-14 7.45e-14 
3.94e+14   90      0 7.13e-14 7.13e-14 7.13e-14 4.47e-08 3.49e-02 6.57e+02 7.13e+06 7.13e-14 7.13e-14 
4.07e+14   91      0 6.82e-14 6.82e-14 6.82e-14 4.56e-08 3.47e-02 6.35e+02 6.82e+06 6.82e-14 6.82e-14 
4.20e+14   92      0 6.52e-14 6.52e-14 6.52e-14 4.84e-08 3.55e-02 6.27e+02 6.52e+06 6.52e-14 6.52e-14 
4.34e+14   93      0 6.23e-14 6.23e-14 6.23e-14 5.05e-08 3.60e-02 6.15e+02 6.23e+06 6.23e-14 6.23e-14 
4.48e+14   94      0 5.95e-14 5.95e-14 5.95e-14 5.05e-08 3.51e-02 5.90e+02 5.95e+06 5.95e-14 5.95e-14 
4.63e+14   95      0 5.68e-14 5.68e-14 5.68e-14 5.34e-08 3.60e-02 5.84e+02 5.68e+06 5.68e-14 5.68e-14 
4.78e+14   96      0 5.42e-14 5.42e-14 5.42e-14 5.41e-08 3.55e-02 5.59e+02 5.41e+06 5.42e-14 5.42e-14 
4.93e+14   97      0 5.17e-14 5.17e-14 5.17e-14 5.66e-08 3.59e-02 5.47e+02 5.17e+06 5.17e-14 5.17e-14 
5.09e+14   98      0 4.93e-14 4.93e-14 4.93e-14 6.13e-08 3.77e-02 5.53e+02 4.93e+06 4.93e-14 4.93e-14 
5.26e+14   99      0 4.71e-14 4.71e-14 4.71e-14 6.49e-08 3.85e-02 5.43e+02 4.71e+06 4.71e-14 4.71e-14 
5.43e+14  100      0 4.48e-14 4.48e-14 4.48e-14 6.75e-08 3.87e-02 5.29e+02 4.48e+06 4.48e-14 4.48e-14 
5.60e+14  101      0 4.27e-14 4.27e-14 4.27e-14 7.27e-08 4.03e-02 5.29e+02 4.27e+06 4.27e-14 4.27e-14 
5.79e+14  102      0 4.06e-14 4.06e-14 4.06e-14 7.60e-08 4.07e-02 5.15e+02 4.06e+06 4.06e-14 4.06e-14 
5.97e+14  103      0 3.85e-14 3.85e-14 3.85e-14 8.01e-08 4.14e-02 5.05e+02 3.85e+06 3.85e-14 3.85e-14 
6.17e+14  104      0 3.65e-14 3.65e-14 3.65e-14 8.52e-08 4.27e-02 5.00e+02 3.65e+06 3.65e-14 3.65e-14 
6.37e+14  105      0 3.44e-14 3.44e-14 3.44e-14 9.04e-08 4.39e-02 4.95e+02 3.44e+06 3.44e-14 3.44e-14 
6.58e+14  106      0 3.24e-14 3.24e-14 3.24e-14 9.78e-08 4.60e-02 4.98e+02 3.24e+06 3.24e-14 3.24e-14 
6.79e+14  107      0 3.04e-14 3.04e-14 3.04e-14 1.01e-07 4.59e-02 4.79e+02 3.04e+06 3.04e-14 3.04e-14 
7.01e+14  108      0 2.85e-14 2.85e-14 2.85e-14 1.01e-07 4.53e-02 4.62e+02 2.84e+06 2.85e-14 2.85e-14 
7.24e+14  109      0 2.65e-14 2.65e-14 2.65e-14 1.02e-07 4.47e-02 4.43e+02 2.65e+06 2.65e-14 2.65e-14 
7.47e+14  110      0 2.46e-14 2.46e-14 2.46e-14 1.02e-07 4.39e-02 4.23e+02 2.46e+06 2.46e-14 2.46e-14 
7.71e+14  111      0 2.27e-14 2.27e-14 2.27e-14 1.03e-07 4.33e-02 4.06e+02 2.27e+06 2.27e-14 2.27e-14 
7.97e+14  112      0 2.10e-14 2.10e-14 2.10e-14 9.95e-08 4.10e-02 3.77e+02 2.10e+06 2.10e-14 2.10e-14 
8.22e+14  113      0 1.94e-14 1.94e-14 1.94e-14 9.56e-08 3.90e-02 3.53e+02 1.94e+06 1.94e-14 1.94e-14 
8.49e+14  114      0 1.79e-14 1.79e-14 1.79e-14 9.55e-08 3.97e-02 3.59e+02 1.79e+06 1.79e-14 1.79e-14 
8.77e+14  115      0 1.65e-14 1.65e-14 1.65e-14 9.58e-08 3.80e-02 3.28e+02 1.65e+06 1.65e-14 1.65e-14 
9.05e+14  116      0 1.52e-14 1.52e-14 1.52e-14 9.42e-08 3.74e-02 3.19e+02 1.52e+06 1.52e-14 1.52e-14 
9.35e+14  117      0 1.40e-14 1.40e-14 1.40e-14 8.90e-08 3.43e-02 2.86e+02 1.40e+06 1.40e-14 1.40e-14 
9.65e+14  118      0 1.28e-14 1.28e-14 1.28e-14 9.09e-08 3.50e-02 2.89e+02 1.28e+06 1.28e-14 1.28e-14 
9.96e+14  119      0 1.18e-14 1.18e-14 1.18e-14 9.09e-08 3.46e-02 2.79e+02 1.18e+06 1.18e-14 1.18e-14 
1.03e+15  120      0 1.08e-14 1.08e-14 1.08e-14 8.86e-08 3.32e-02 2.63e+02 1.08e+06 1.08e-14 1.08e-14 
1.06e+15  121      0 9.96e-15 9.96e-15 9.96e-15 8.02e-08 3.07e-02 2.47e+02 9.95e+05 9.96e-15 9.96e-15 
1.10e+15  122      0 9.14e-15 9.14e-15 9.14e-15 7.07e-08 2.79e-02 2.32e+02 9.14e+05 9.14e-15 9.14e-15 
1.13e+15  123      0 8.37e-15 8.37e-15 8.37e-15 5.56e-08 2.39e-02 2.28e+02 8.37e+05 8.37e-15 8.37e-15 
1.17e+15  124      0 7.65e-15 7.65e-15 7.65e-15 4.09e-08 1.81e-02 1.89e+02 7.65e+05 7.65e-15 7.65e-15 
1.21e+15  125      0 6.97e-15 6.97e-15 6.97e-15 3.50e-08 1.66e-02 2.09e+02 6.97e+05 6.97e-15 6.97e-15 
1.25e+15  126      0 6.33e-15 6.33e-15 6.33e-15 1.18e-07 6.11e-02 9.25e+02 6.32e+05 6.33e-15 6.33e-15 
1.29e+15  127      0 5.71e-15 5.71e-15 1.28e-13 2.72e-06 1.44e+00 1.46e+04 5.57e+05 5.71e-15 5.71e-15 
1.33e+15  128      0 5.13e-15 5.13e-15 4.45e-12 1.22e-04 6.35e+01 5.13e+05 2.52e-13 5.13e-15 5.13e-15 
1.37e+15  129      0 4.61e-15 4.61e-15 2.85e-08 8.57e-01 4.61e+05 9.98e-11 4.61e-15 4.61e-15 4.61e-15 
1.42e+15  130      0 4.13e-15 4.13e-15 2.09e-08 6.86e-01 4.13e+05 1.69e-10 4.13e-15 4.13e-15 4.13e-15 
1.46e+15  131      0 3.70e-15 3.70e-15 1.97e-08 6.31e-01 3.70e+05 2.89e-09 3.70e-15 3.70e-15 3.70e-15 
1.51e+15  132      0 3.29e-15 3.29e-15 2.33e-08 7.25e-01 3.29e+05 1.88e-09 3.29e-15 3.29e-15 3.29e-15 
1.56e+15  133      0 2.90e-15 2.90e-15 2.95e-08 1.17e+00 2.90e+05 3.40e-13 2.90e-15 2.90e-15 2.90e-15 
1.61e+15  134      0 2.56e-15 3.56e-12 5.90e-03 2.56e+05 1.80e-06 2.56e-15 2.56e-15 2.56e-15 2.56e-15 
1.66e+15  135      0 2.26e-15 3.27e-12 5.51e-03 2.26e+05 1.73e-06 2.26e-15 2.26e-15 2.26e-15 2.26e-15 
1.71e+15  136      0 1.99e-15 3.38e-12 5.73e-03 1.99e+05 9.75e-07 1.99e-15 1.99e-15 1.99e-15 1.99e-15 
1.77e+15  137      0 1.76e-15 3.49e-12 6.02e-03 1.76e+05 4.50e-07 1.76e-15 1.76e-15 1.76e-15 1.76e-15 
1.83e+15  138      0 1.56e-15 3.42e-12 5.98e-03 1.56e+05 3.55e-07 1.56e-15 1.56e-15 1.56e-15 1.56e-15 
1.89e+15  139      0 1.38e-15 3.55e-12 6.25e-03 1.38e+05 2.44e-07 1.38e-15 1.38e-15 1.38e-15 1.38e-15 
1.95e+15  140      0 1.23e-15 4.12e-12 7.14e-03 1.23e+05 1.29e-07 1.23e-15 1.23e-15 1.23e-15 1.23e-15 
2.01e+15  141      0 1.09e-15 5.03e-12 8.56e-03 1.09e+05 5.89e-08 1.09e-15 1.09e-15 1.09e-15 1.09e-15 
2.08e+15  142      0 9.68e-16 5.75e-12 9.73e-03 9.68e+04 4.31e-08 9.68e-16 9.68e-16 9.68e-16 9.68e-16 
2.14e+15  143      0 8.61e-16 7.00e-12 1.16e-02 8.61e+04 3.56e-08 8.61e-16 8.61e-16 8.61e-16 8.61e-16 
2.21e+15  144      0 7.60e-16 1.02e-11 1.59e-02 7.60e+04 1.40e-08 7.60e-16 7.60e-16 7.60e-16 7.60e-16 
2.29e+15  145      0 6.66e-16 1.52e-11 2.22e-02 6.66e+04 4.22e-09 6.66e-16 6.66e-16 6.66e-16 6.66e-16 
2.36e+15  146      0 5.82e-16 1.88e-11 2.66e-02 5.82e+04 4.53e-09 5.82e-16 5.82e-16 5.82e-16 5.82e-16 
2.44e+15  147      0 5.11e-16 2.23e-11 3.15e-02 5.11e+04 1.14e-09 5.11e-16 5.11e-16 5.11e-16 5.11e-16 
2.52e+15  148      0 4.54e-16 3.83e-11 4.67e-02 4.54e+04 1.88e-10 4.54e-16 4.54e-16 4.54e-16 4.54e-16 
2.60e+15  149      0 4.09e-16 7.60e-11 8.11e-02 4.09e+04 3.04e-10 4.09e-16 4.09e-16 4.09e-16 4.09e-16 
2.68e+15  150      0 3.82e-16 1.19e-10 1.13e-01 3.82e+04 1.15e-10 3.82e-16 3.82e-16 3.82e-16 3.82e-16 
2.77e+15  151      0 3.74e-16 9.69e-11 9.05e-02 3.74e+04 1.23e-09 3.74e-16 3.74e-16 3.74e-16 3.74e-16 
2.86e+15  152      0 3.78e-16 7.25e-11 7.55e-02 3.78e+04 3.59e-09 3.78e-16 3.78e-16 3.78e-16 3.78e-16 
2.95e+15  153     -1 0.00e+00 0.00e+00 0.00e+00 0.00e+00 0.00e+00 0.00e+00 0.00e+00 0.00e+00 0.00e+00 
3.05e+15  154     -1 0.00e+00 0.00e+00 0.00e+00 0.00e+00 0.00e+00 0.00e+00 0.00e+00 0.00e+00 0.00e+00 
