       r    i inwind      i01      i02      i03 
2.22e+13    0     -1 0.00e+00 0.00e+00 0.00e+00 
2.30e+13    1      0 4.93e-30 2.82e-12 1.00e+00 
2.37e+13    2      0 5.02e-30 3.18e-12 1.00e+00 
2.45e+13    3      0 5.08e-30 4.63e-12 1.00e+00 
2.53e+13    4      0 5.13e-30 3.47e-12 1.00e+00 
2.61e+13    5      0 5.15e-30 3.67e-12 1.00e+00 
2.69e+13    6      0 5.15e-30 4.89e-12 1.00e+00 
2.78e+13    7      0 5.13e-30 6.51e-12 1.00e+00 
2.87e+13    8      0 5.10e-30 7.02e-12 1.00e+00 
2.96e+13    9      0 5.06e-30 5.46e-12 1.00e+00 
3.06e+13   10      0 5.01e-30 8.14e-12 1.00e+00 
3.16e+13   11      0 4.94e-30 6.97e-12 1.00e+00 
3.26e+13   12      0 4.85e-30 1.05e-11 1.00e+00 
3.37e+13   13      0 4.75e-30 9.92e-12 1.00e+00 
3.48e+13   14      0 4.64e-30 7.45e-12 1.00e+00 
3.59e+13   15      0 4.52e-30 6.99e-12 1.00e+00 
3.71e+13   16      0 4.41e-30 1.32e-11 1.00e+00 
3.83e+13   17      0 4.29e-30 1.39e-11 1.00e+00 
3.95e+13   18      0 4.17e-30 1.68e-11 1.00e+00 
4.08e+13   19      0 4.05e-30 1.86e-11 1.00e+00 
4.21e+13   20      0 3.94e-30 2.40e-11 1.00e+00 
4.35e+13   21      0 3.84e-30 1.68e-11 1.00e+00 
4.49e+13   22      0 3.75e-30 2.15e-11 1.00e+00 
4.64e+13   23      0 3.66e-30 3.27e-11 1.00e+00 
4.79e+13   24      0 3.58e-30 3.00e-11 1.00e+00 
4.94e+13   25      0 3.51e-30 2.28e-11 1.00e+00 
5.10e+13   26      0 3.44e-30 3.65e-11 1.00e+00 
5.27e+13   27      0 3.38e-30 4.30e-11 1.00e+00 
5.44e+13   28      0 3.33e-30 4.71e-11 1.00e+00 
5.62e+13   29      0 3.29e-30 4.77e-11 1.00e+00 
5.80e+13   30      0 3.26e-30 5.89e-11 1.00e+00 
5.99e+13   31      0 3.23e-30 6.10e-11 1.00e+00 
6.18e+13   32      0 3.22e-30 6.82e-11 1.00e+00 
6.38e+13   33      0 3.20e-30 7.71e-11 1.00e+00 
6.59e+13   34      0 3.20e-30 7.38e-11 1.00e+00 
6.80e+13   35      0 3.20e-30 9.64e-11 1.00e+00 
7.02e+13   36      0 3.21e-30 1.15e-10 1.00e+00 
7.25e+13   37      0 3.22e-30 1.27e-10 1.00e+00 
7.49e+13   38      0 3.24e-30 1.25e-10 1.00e+00 
7.73e+13   39      0 3.26e-30 1.59e-10 1.00e+00 
7.98e+13   40      0 3.28e-30 1.94e-10 1.00e+00 
8.24e+13   41      0 3.31e-30 2.45e-10 1.00e+00 
8.51e+13   42      0 3.34e-30 2.83e-10 1.00e+00 
8.78e+13   43      0 3.37e-30 3.06e-10 1.00e+00 
9.07e+13   44      0 3.41e-30 3.32e-10 1.00e+00 
9.36e+13   45      0 3.45e-30 3.45e-10 1.00e+00 
9.67e+13   46      0 3.50e-30 3.61e-10 1.00e+00 
9.98e+13   47      0 3.54e-30 3.81e-10 1.00e+00 
1.03e+14   48      0 3.58e-30 3.96e-10 1.00e+00 
1.06e+14   49      0 3.62e-30 4.08e-10 1.00e+00 
1.10e+14   50      0 3.66e-30 4.48e-10 1.00e+00 
1.13e+14   51      0 3.70e-30 4.67e-10 1.00e+00 
1.17e+14   52      0 3.74e-30 5.04e-10 1.00e+00 
1.21e+14   53      0 3.78e-30 5.28e-10 1.00e+00 
1.25e+14   54      0 3.81e-30 5.59e-10 1.00e+00 
1.29e+14   55      0 3.85e-30 6.12e-10 1.00e+00 
1.33e+14   56      0 3.89e-30 6.58e-10 1.00e+00 
1.37e+14   57      0 3.95e-30 6.96e-10 1.00e+00 
1.42e+14   58      0 4.01e-30 7.23e-10 1.00e+00 
1.46e+14   59      0 4.07e-30 7.52e-10 1.00e+00 
1.51e+14   60      0 4.15e-30 7.88e-10 1.00e+00 
1.56e+14   61      0 4.23e-30 8.37e-10 1.00e+00 
1.61e+14   62      0 4.33e-30 8.72e-10 1.00e+00 
1.66e+14   63      0 4.43e-30 8.98e-10 1.00e+00 
1.72e+14   64      0 4.55e-30 9.53e-10 1.00e+00 
1.77e+14   65      0 4.68e-30 9.82e-10 1.00e+00 
1.83e+14   66      0 4.81e-30 1.04e-09 1.00e+00 
1.89e+14   67      0 4.96e-30 1.08e-09 1.00e+00 
1.95e+14   68      0 5.11e-30 1.13e-09 1.00e+00 
2.02e+14   69      0 5.28e-30 1.17e-09 1.00e+00 
2.08e+14   70      0 5.46e-30 1.20e-09 1.00e+00 
2.15e+14   71      0 5.65e-30 1.28e-09 1.00e+00 
2.22e+14   72      0 5.85e-30 1.31e-09 1.00e+00 
2.29e+14   73      0 6.07e-30 1.36e-09 1.00e+00 
2.37e+14   74      0 6.31e-30 1.40e-09 1.00e+00 
2.44e+14   75      0 1.07e-20 1.48e-09 1.00e+00 
2.52e+14   76      0 1.14e-20 1.55e-09 1.00e+00 
2.60e+14   77      0 1.20e-20 1.60e-09 1.00e+00 
2.69e+14   78      0 1.28e-20 1.66e-09 1.00e+00 
2.78e+14   79      0 1.37e-20 1.74e-09 1.00e+00 
2.87e+14   80      0 1.46e-20 1.79e-09 1.00e+00 
2.96e+14   81      0 1.58e-20 1.88e-09 1.00e+00 
3.05e+14   82      0 1.66e-20 1.94e-09 1.00e+00 
3.15e+14   83      0 1.78e-20 2.02e-09 1.00e+00 
3.26e+14   84      0 1.91e-20 2.11e-09 1.00e+00 
3.36e+14   85      0 2.07e-20 2.21e-09 1.00e+00 
3.47e+14   86      0 2.22e-20 2.31e-09 1.00e+00 
3.58e+14   87      0 2.38e-20 2.40e-09 1.00e+00 
3.70e+14   88      0 2.55e-20 2.50e-09 1.00e+00 
3.82e+14   89      0 2.75e-20 2.62e-09 1.00e+00 
3.94e+14   90      0 2.97e-20 2.74e-09 1.00e+00 
4.07e+14   91      0 3.21e-20 2.87e-09 1.00e+00 
4.20e+14   92      0 3.47e-20 3.01e-09 1.00e+00 
4.34e+14   93      0 3.74e-20 3.15e-09 1.00e+00 
4.48e+14   94      0 4.00e-20 3.26e-09 1.00e+00 
4.63e+14   95      0 4.35e-20 3.44e-09 1.00e+00 
4.78e+14   96      0 4.71e-20 3.61e-09 1.00e+00 
4.93e+14   97      0 5.09e-20 3.78e-09 1.00e+00 
5.09e+14   98      0 5.47e-20 3.93e-09 1.00e+00 
5.26e+14   99      0 5.94e-20 4.12e-09 1.00e+00 
5.43e+14  100      0 6.41e-20 4.30e-09 1.00e+00 
5.60e+14  101      0 7.00e-20 4.55e-09 1.00e+00 
5.79e+14  102      0 7.62e-20 4.78e-09 1.00e+00 
5.97e+14  103      0 8.16e-20 4.96e-09 1.00e+00 
6.17e+14  104      0 8.71e-20 5.15e-09 1.00e+00 
6.37e+14  105      0 9.39e-20 5.39e-09 1.00e+00 
6.58e+14  106      0 1.01e-19 5.67e-09 1.00e+00 
6.79e+14  107      0 1.18e-19 5.87e-09 1.00e+00 
7.01e+14  108      0 1.33e-19 5.99e-09 1.00e+00 
7.24e+14  109      0 1.42e-19 6.26e-09 1.00e+00 
7.47e+14  110      0 1.47e-19 6.35e-09 1.00e+00 
7.71e+14  111      0 1.56e-19 6.66e-09 1.00e+00 
7.97e+14  112      0 1.59e-19 6.71e-09 1.00e+00 
8.22e+14  113      0 1.67e-19 6.96e-09 1.00e+00 
8.49e+14  114      0 1.81e-19 7.23e-09 1.00e+00 
8.77e+14  115      0 1.76e-19 7.12e-09 1.00e+00 
9.05e+14  116      0 1.95e-19 7.66e-09 1.00e+00 
9.35e+14  117      0 1.91e-19 7.58e-09 1.00e+00 
9.65e+14  118      0 1.95e-19 7.61e-09 1.00e+00 
9.96e+14  119      0 1.98e-19 7.63e-09 1.00e+00 
1.03e+15  120      0 2.08e-19 7.98e-09 1.00e+00 
1.06e+15  121      0 2.14e-19 8.11e-09 1.00e+00 
1.10e+15  122      0 2.25e-19 8.26e-09 1.00e+00 
1.13e+15  123      0 2.71e-19 9.12e-09 1.00e+00 
1.17e+15  124      0 2.82e-19 9.36e-09 1.00e+00 
1.21e+15  125      0 3.02e-19 9.68e-09 1.00e+00 
1.25e+15  126      0 3.88e-19 1.09e-08 1.00e+00 
1.29e+15  127      0 2.53e-19 8.50e-09 1.00e+00 
1.33e+15  128      0 3.02e-19 9.29e-09 1.00e+00 
1.37e+15  129      0 2.90e-19 8.96e-09 1.00e+00 
1.42e+15  130      0 2.34e-19 7.80e-09 1.00e+00 
1.46e+15  131      0 1.77e-19 6.35e-09 1.00e+00 
1.51e+15  132      0 1.74e-19 6.37e-09 1.00e+00 
1.56e+15  133      0 2.15e-19 7.25e-09 1.00e+00 
1.61e+15  134      0 2.02e-19 7.09e-09 1.00e+00 
1.66e+15  135      0 2.11e-19 7.61e-09 1.00e+00 
1.71e+15  136      0 2.51e-19 9.11e-09 1.00e+00 
1.77e+15  137      0 3.06e-19 1.13e-08 1.00e+00 
1.83e+15  138      0 3.41e-19 1.29e-08 1.00e+00 
1.89e+15  139      0 4.06e-19 1.55e-08 1.00e+00 
1.95e+15  140      0 5.48e-19 2.05e-08 1.00e+00 
2.01e+15  141      0 7.50e-19 2.81e-08 1.00e+00 
2.08e+15  142      0 9.35e-19 3.58e-08 1.00e+00 
2.14e+15  143      0 1.25e-18 4.84e-08 1.00e+00 
2.21e+15  144      0 2.14e-18 8.02e-08 1.00e+00 
2.29e+15  145      0 4.05e-18 1.50e-07 1.00e+00 
2.36e+15  146      0 6.33e-18 2.44e-07 1.00e+00 
2.44e+15  147      0 1.03e-17 4.00e-07 1.00e+00 
2.52e+15  148      0 2.14e-17 8.06e-07 1.00e+00 
2.60e+15  149      0 5.36e-17 1.95e-06 1.00e+00 
2.68e+15  150      0 9.61e-17 3.34e-06 1.00e+00 
2.77e+15  151      0 7.43e-17 2.66e-06 1.00e+00 
2.86e+15  152      0 3.58e-17 1.31e-06 1.00e+00 
2.95e+15  153     -1 0.00e+00 0.00e+00 0.00e+00 
3.05e+15  154     -1 0.00e+00 0.00e+00 0.00e+00 
