       r    i inwind      i01      i02      i03 
2.22e+13    0     -1 0.00e+00 0.00e+00 0.00e+00 
2.30e+13    1      0 1.00e-20 5.72e-03 2.03e+09 
2.37e+13    2      0 1.00e-20 6.34e-03 1.99e+09 
2.45e+13    3      0 1.00e-20 9.12e-03 1.97e+09 
2.53e+13    4      0 1.00e-20 6.76e-03 1.95e+09 
2.61e+13    5      0 1.00e-20 7.12e-03 1.94e+09 
2.69e+13    6      0 1.00e-20 9.50e-03 1.94e+09 
2.78e+13    7      0 1.00e-20 1.27e-02 1.95e+09 
2.87e+13    8      0 1.00e-20 1.38e-02 1.96e+09 
2.96e+13    9      0 1.00e-20 1.08e-02 1.98e+09 
3.06e+13   10      0 1.00e-20 1.62e-02 2.00e+09 
3.16e+13   11      0 1.00e-20 1.41e-02 2.03e+09 
3.26e+13   12      0 1.00e-20 2.17e-02 2.06e+09 
3.37e+13   13      0 1.00e-20 2.09e-02 2.11e+09 
3.48e+13   14      0 1.00e-20 1.61e-02 2.16e+09 
3.59e+13   15      0 1.00e-20 1.55e-02 2.21e+09 
3.71e+13   16      0 1.00e-20 2.99e-02 2.27e+09 
3.83e+13   17      0 1.00e-20 3.24e-02 2.33e+09 
3.95e+13   18      0 1.00e-20 4.02e-02 2.40e+09 
4.08e+13   19      0 1.00e-20 4.60e-02 2.47e+09 
4.21e+13   20      0 1.00e-20 6.10e-02 2.54e+09 
4.35e+13   21      0 1.00e-20 4.37e-02 2.60e+09 
4.49e+13   22      0 1.00e-20 5.73e-02 2.67e+09 
4.64e+13   23      0 1.00e-20 8.95e-02 2.74e+09 
4.79e+13   24      0 1.00e-20 8.40e-02 2.80e+09 
4.94e+13   25      0 1.00e-20 6.51e-02 2.85e+09 
5.10e+13   26      0 1.00e-20 1.06e-01 2.91e+09 
5.27e+13   27      0 1.00e-20 1.27e-01 2.96e+09 
5.44e+13   28      0 1.00e-20 1.41e-01 3.00e+09 
5.62e+13   29      0 1.00e-20 1.45e-01 3.04e+09 
5.80e+13   30      0 1.00e-20 1.81e-01 3.07e+09 
5.99e+13   31      0 1.00e-20 1.89e-01 3.09e+09 
6.18e+13   32      0 1.00e-20 2.12e-01 3.11e+09 
6.38e+13   33      0 1.00e-20 2.41e-01 3.12e+09 
6.59e+13   34      0 1.00e-20 2.31e-01 3.13e+09 
6.80e+13   35      0 1.00e-20 3.01e-01 3.13e+09 
7.02e+13   36      0 1.00e-20 3.60e-01 3.12e+09 
7.25e+13   37      0 1.00e-20 3.94e-01 3.11e+09 
7.49e+13   38      0 1.00e-20 3.85e-01 3.09e+09 
7.73e+13   39      0 1.00e-20 4.87e-01 3.07e+09 
7.98e+13   40      0 1.00e-20 5.92e-01 3.05e+09 
8.24e+13   41      0 1.00e-20 7.41e-01 3.02e+09 
8.51e+13   42      0 1.00e-20 8.49e-01 2.99e+09 
8.78e+13   43      0 1.00e-20 9.05e-01 2.96e+09 
9.07e+13   44      0 1.00e-20 9.72e-01 2.93e+09 
9.36e+13   45      0 1.00e-20 9.99e-01 2.90e+09 
9.67e+13   46      0 1.00e-20 1.03e+00 2.86e+09 
9.98e+13   47      0 1.00e-20 1.08e+00 2.83e+09 
1.03e+14   48      0 1.00e-20 1.11e+00 2.79e+09 
1.06e+14   49      0 1.00e-20 1.13e+00 2.76e+09 
1.10e+14   50      0 1.00e-20 1.22e+00 2.73e+09 
1.13e+14   51      0 1.00e-20 1.26e+00 2.70e+09 
1.17e+14   52      0 1.00e-20 1.35e+00 2.67e+09 
1.21e+14   53      0 1.00e-20 1.40e+00 2.65e+09 
1.25e+14   54      0 1.00e-20 1.47e+00 2.62e+09 
1.29e+14   55      0 1.00e-20 1.59e+00 2.60e+09 
1.33e+14   56      0 1.00e-20 1.69e+00 2.57e+09 
1.37e+14   57      0 1.00e-20 1.76e+00 2.53e+09 
1.42e+14   58      0 1.00e-20 1.80e+00 2.50e+09 
1.46e+14   59      0 1.00e-20 1.85e+00 2.46e+09 
1.51e+14   60      0 1.00e-20 1.90e+00 2.41e+09 
1.56e+14   61      0 1.00e-20 1.98e+00 2.36e+09 
1.61e+14   62      0 1.00e-20 2.01e+00 2.31e+09 
1.66e+14   63      0 1.00e-20 2.03e+00 2.26e+09 
1.72e+14   64      0 1.00e-20 2.09e+00 2.20e+09 
1.77e+14   65      0 1.00e-20 2.10e+00 2.14e+09 
1.83e+14   66      0 1.00e-20 2.17e+00 2.08e+09 
1.89e+14   67      0 1.00e-20 2.19e+00 2.02e+09 
1.95e+14   68      0 1.00e-20 2.20e+00 1.96e+09 
2.02e+14   69      0 1.00e-20 2.21e+00 1.89e+09 
2.08e+14   70      0 1.00e-20 2.20e+00 1.83e+09 
2.15e+14   71      0 1.00e-20 2.27e+00 1.77e+09 
2.22e+14   72      0 1.00e-20 2.24e+00 1.71e+09 
2.29e+14   73      0 1.00e-20 2.25e+00 1.65e+09 
2.37e+14   74      0 1.00e-20 2.23e+00 1.59e+09 
2.44e+14   75      0 1.63e-11 2.26e+00 1.52e+09 
2.52e+14   76      0 1.67e-11 2.27e+00 1.46e+09 
2.60e+14   77      0 1.69e-11 2.25e+00 1.40e+09 
2.69e+14   78      0 1.72e-11 2.23e+00 1.35e+09 
2.78e+14   79      0 1.78e-11 2.24e+00 1.29e+09 
2.87e+14   80      0 1.81e-11 2.23e+00 1.24e+09 
2.96e+14   81      0 1.89e-11 2.25e+00 1.19e+09 
3.05e+14   82      0 1.90e-11 2.22e+00 1.15e+09 
3.15e+14   83      0 1.96e-11 2.22e+00 1.10e+09 
3.26e+14   84      0 2.02e-11 2.23e+00 1.06e+09 
3.36e+14   85      0 2.10e-11 2.24e+00 1.01e+09 
3.47e+14   86      0 2.16e-11 2.24e+00 9.73e+08 
3.58e+14   87      0 2.22e-11 2.23e+00 9.33e+08 
3.70e+14   88      0 2.28e-11 2.23e+00 8.94e+08 
3.82e+14   89      0 2.35e-11 2.24e+00 8.56e+08 
3.94e+14   90      0 2.43e-11 2.24e+00 8.18e+08 
4.07e+14   91      0 2.51e-11 2.24e+00 7.83e+08 
4.20e+14   92      0 2.59e-11 2.25e+00 7.48e+08 
4.34e+14   93      0 2.67e-11 2.25e+00 7.15e+08 
4.48e+14   94      0 2.73e-11 2.23e+00 6.83e+08 
4.63e+14   95      0 2.83e-11 2.24e+00 6.52e+08 
4.78e+14   96      0 2.93e-11 2.24e+00 6.22e+08 
4.93e+14   97      0 3.02e-11 2.24e+00 5.93e+08 
5.09e+14   98      0 3.10e-11 2.23e+00 5.66e+08 
5.26e+14   99      0 3.21e-11 2.23e+00 5.40e+08 
5.43e+14  100      0 3.30e-11 2.22e+00 5.15e+08 
5.60e+14  101      0 3.43e-11 2.23e+00 4.90e+08 
5.79e+14  102      0 3.55e-11 2.23e+00 4.66e+08 
5.97e+14  103      0 3.61e-11 2.20e+00 4.42e+08 
6.17e+14  104      0 3.65e-11 2.16e+00 4.19e+08 
6.37e+14  105      0 3.71e-11 2.13e+00 3.95e+08 
6.58e+14  106      0 3.77e-11 2.11e+00 3.72e+08 
6.79e+14  107      0 4.12e-11 2.05e+00 3.49e+08 
7.01e+14  108      0 4.36e-11 1.96e+00 3.27e+08 
7.24e+14  109      0 4.33e-11 1.91e+00 3.05e+08 
7.47e+14  110      0 4.15e-11 1.79e+00 2.82e+08 
7.71e+14  111      0 4.07e-11 1.74e+00 2.61e+08 
7.97e+14  112      0 3.83e-11 1.62e+00 2.41e+08 
8.22e+14  113      0 3.72e-11 1.55e+00 2.23e+08 
8.49e+14  114      0 3.73e-11 1.49e+00 2.05e+08 
8.77e+14  115      0 3.34e-11 1.35e+00 1.89e+08 
9.05e+14  116      0 3.40e-11 1.34e+00 1.74e+08 
9.35e+14  117      0 3.07e-11 1.22e+00 1.61e+08 
9.65e+14  118      0 2.88e-11 1.12e+00 1.48e+08 
9.96e+14  119      0 2.68e-11 1.03e+00 1.35e+08 
1.03e+15  120      0 2.58e-11 9.92e-01 1.24e+08 
1.06e+15  121      0 2.45e-11 9.27e-01 1.14e+08 
1.10e+15  122      0 2.36e-11 8.67e-01 1.05e+08 
1.13e+15  123      0 2.61e-11 8.76e-01 9.61e+07 
1.17e+15  124      0 2.48e-11 8.22e-01 8.78e+07 
1.21e+15  125      0 2.42e-11 7.75e-01 8.01e+07 
1.25e+15  126      0 2.82e-11 7.94e-01 7.27e+07 
1.29e+15  127      0 1.66e-11 5.58e-01 6.56e+07 
1.33e+15  128      0 1.78e-11 5.48e-01 5.90e+07 
1.37e+15  129      0 1.53e-11 4.74e-01 5.29e+07 
1.42e+15  130      0 1.11e-11 3.70e-01 4.74e+07 
1.46e+15  131      0 7.51e-12 2.69e-01 4.25e+07 
1.51e+15  132      0 6.58e-12 2.41e-01 3.78e+07 
1.56e+15  133      0 7.16e-12 2.42e-01 3.33e+07 
1.61e+15  134      0 5.93e-12 2.08e-01 2.93e+07 
1.66e+15  135      0 5.48e-12 1.97e-01 2.59e+07 
1.71e+15  136      0 5.74e-12 2.09e-01 2.29e+07 
1.77e+15  137      0 6.17e-12 2.27e-01 2.02e+07 
1.83e+15  138      0 6.09e-12 2.30e-01 1.79e+07 
1.89e+15  139      0 6.45e-12 2.46e-01 1.59e+07 
1.95e+15  140      0 7.74e-12 2.89e-01 1.41e+07 
2.01e+15  141      0 9.40e-12 3.53e-01 1.25e+07 
2.08e+15  142      0 1.04e-11 3.98e-01 1.11e+07 
2.14e+15  143      0 1.24e-11 4.78e-01 9.88e+06 
2.21e+15  144      0 1.87e-11 7.00e-01 8.73e+06 
2.29e+15  145      0 3.10e-11 1.15e+00 7.65e+06 
2.36e+15  146      0 4.23e-11 1.63e+00 6.69e+06 
2.44e+15  147      0 6.03e-11 2.35e+00 5.87e+06 
2.52e+15  148      0 1.11e-10 4.20e+00 5.21e+06 
2.60e+15  149      0 2.52e-10 9.17e+00 4.70e+06 
2.68e+15  150      0 4.21e-10 1.46e+01 4.38e+06 
2.77e+15  151      0 3.18e-10 1.14e+01 4.29e+06 
2.86e+15  152      0 1.56e-10 5.71e+00 4.34e+06 
2.95e+15  153     -1 0.00e+00 0.00e+00 0.00e+00 
3.05e+15  154     -1 0.00e+00 0.00e+00 0.00e+00 
