       r    i inwind      i01      i02 
2.22e+13    0     -1 0.00e+00 0.00e+00 
2.30e+13    1      0 9.01e-13 1.00e+00 
2.37e+13    2      0 8.27e-13 1.00e+00 
2.45e+13    3      0 9.64e-13 1.00e+00 
2.53e+13    4      0 1.28e-12 1.00e+00 
2.61e+13    5      0 2.01e-12 1.00e+00 
2.69e+13    6      0 1.41e-12 1.00e+00 
2.78e+13    7      0 1.43e-12 1.00e+00 
2.87e+13    8      0 1.52e-12 1.00e+00 
2.96e+13    9      0 2.55e-12 1.00e+00 
3.06e+13   10      0 2.09e-12 1.00e+00 
3.16e+13   11      0 3.41e-12 1.00e+00 
3.26e+13   12      0 3.43e-12 1.00e+00 
3.37e+13   13      0 2.88e-12 1.00e+00 
3.48e+13   14      0 2.62e-12 1.00e+00 
3.59e+13   15      0 4.13e-12 1.00e+00 
3.71e+13   16      0 3.62e-12 1.00e+00 
3.83e+13   17      0 5.01e-12 1.00e+00 
3.95e+13   18      0 6.35e-12 1.00e+00 
4.08e+13   19      0 7.80e-12 1.00e+00 
4.21e+13   20      0 7.32e-12 1.00e+00 
4.35e+13   21      0 4.99e-12 1.00e+00 
4.49e+13   22      0 9.09e-12 1.00e+00 
4.64e+13   23      0 5.86e-12 1.00e+00 
4.79e+13   24      0 1.28e-11 1.00e+00 
4.94e+13   25      0 1.19e-11 1.00e+00 
5.10e+13   26      0 1.09e-11 1.00e+00 
5.27e+13   27      0 6.55e-12 1.00e+00 
5.44e+13   28      0 1.67e-11 1.00e+00 
5.62e+13   29      0 7.21e-12 1.00e+00 
5.80e+13   30      0 1.08e-11 1.00e+00 
5.99e+13   31      0 1.80e-11 1.00e+00 
6.18e+13   32      0 6.25e-12 1.00e+00 
6.38e+13   33      0 9.63e-12 1.00e+00 
6.59e+13   34      0 1.21e-11 1.00e+00 
6.80e+13   35      0 2.01e-11 1.00e+00 
7.02e+13   36      0 1.21e-11 1.00e+00 
7.25e+13   37      0 1.60e-11 1.00e+00 
7.49e+13   38      0 2.18e-11 1.00e+00 
7.73e+13   39      0 2.24e-11 1.00e+00 
7.98e+13   40      0 1.96e-11 1.00e+00 
8.24e+13   41      0 2.57e-11 1.00e+00 
8.51e+13   42      0 2.37e-11 1.00e+00 
8.78e+13   43      0 2.73e-11 1.00e+00 
9.07e+13   44      0 2.81e-11 1.00e+00 
9.36e+13   45      0 2.34e-11 1.00e+00 
9.67e+13   46      0 2.60e-11 1.00e+00 
9.98e+13   47      0 1.89e-11 1.00e+00 
1.03e+14   48      0 3.19e-11 1.00e+00 
1.06e+14   49      0 2.37e-11 1.00e+00 
1.10e+14   50      0 2.79e-11 1.00e+00 
1.13e+14   51      0 3.15e-11 1.00e+00 
1.17e+14   52      0 3.28e-11 1.00e+00 
1.21e+14   53      0 2.66e-11 1.00e+00 
1.25e+14   54      0 2.92e-11 1.00e+00 
1.29e+14   55      0 3.52e-11 1.00e+00 
1.33e+14   56      0 2.92e-11 1.00e+00 
1.37e+14   57      0 3.53e-11 1.00e+00 
1.42e+14   58      0 3.19e-11 1.00e+00 
1.46e+14   59      0 2.91e-11 1.00e+00 
1.51e+14   60      0 2.94e-11 1.00e+00 
1.56e+14   61      0 2.99e-11 1.00e+00 
1.61e+14   62      0 3.00e-11 1.00e+00 
1.66e+14   63      0 3.23e-11 1.00e+00 
1.72e+14   64      0 4.08e-11 1.00e+00 
1.77e+14   65      0 3.33e-11 1.00e+00 
1.83e+14   66      0 3.73e-11 1.00e+00 
1.89e+14   67      0 3.34e-11 1.00e+00 
1.95e+14   68      0 3.49e-11 1.00e+00 
2.02e+14   69      0 3.12e-11 1.00e+00 
2.08e+14   70      0 3.11e-11 1.00e+00 
2.15e+14   71      0 2.94e-11 1.00e+00 
2.22e+14   72      0 3.64e-11 1.00e+00 
2.29e+14   73      0 2.82e-11 1.00e+00 
2.37e+14   74      0 3.31e-11 1.00e+00 
2.44e+14   75      0 2.51e-11 1.00e+00 
2.52e+14   76      0 3.25e-11 1.00e+00 
2.60e+14   77      0 2.23e-11 1.00e+00 
2.69e+14   78      0 3.38e-11 1.00e+00 
2.78e+14   79      0 3.25e-11 1.00e+00 
2.87e+14   80      0 3.67e-11 1.00e+00 
2.96e+14   81      0 3.17e-11 1.00e+00 
3.05e+14   82      0 2.72e-11 1.00e+00 
3.15e+14   83      0 3.55e-11 1.00e+00 
3.26e+14   84      0 3.00e-11 1.00e+00 
3.36e+14   85      0 3.21e-11 1.00e+00 
3.47e+14   86      0 3.10e-11 1.00e+00 
3.58e+14   87      0 4.04e-11 1.00e+00 
3.70e+14   88      0 3.24e-11 1.00e+00 
3.82e+14   89      0 3.56e-11 1.00e+00 
3.94e+14   90      0 2.33e-11 1.00e+00 
4.07e+14   91      0 3.22e-11 1.00e+00 
4.20e+14   92      0 2.98e-11 1.00e+00 
4.34e+14   93      0 2.81e-11 1.00e+00 
4.48e+14   94      0 3.47e-11 1.00e+00 
4.63e+14   95      0 2.71e-11 1.00e+00 
4.78e+14   96      0 3.43e-11 1.00e+00 
4.93e+14   97      0 3.11e-11 1.00e+00 
5.09e+14   98      0 3.55e-11 1.00e+00 
5.26e+14   99      0 3.34e-11 1.00e+00 
5.43e+14  100      0 3.83e-11 1.00e+00 
5.60e+14  101      0 3.63e-11 1.00e+00 
5.79e+14  102      0 3.44e-11 1.00e+00 
5.97e+14  103      0 3.46e-11 1.00e+00 
6.17e+14  104      0 3.44e-11 1.00e+00 
6.37e+14  105      0 3.77e-11 1.00e+00 
6.58e+14  106      0 3.90e-11 1.00e+00 
6.79e+14  107      0 3.38e-11 1.00e+00 
7.01e+14  108      0 3.51e-11 1.00e+00 
7.24e+14  109      0 3.73e-11 1.00e+00 
7.47e+14  110      0 4.02e-11 1.00e+00 
7.71e+14  111      0 3.62e-11 1.00e+00 
7.97e+14  112      0 3.65e-11 1.00e+00 
8.22e+14  113      0 3.32e-11 1.00e+00 
8.49e+14  114      0 3.70e-11 1.00e+00 
8.77e+14  115      0 3.80e-11 1.00e+00 
9.05e+14  116      0 3.28e-11 1.00e+00 
9.35e+14  117      0 3.22e-11 1.00e+00 
9.65e+14  118      0 3.34e-11 1.00e+00 
9.96e+14  119      0 3.64e-11 1.00e+00 
1.03e+15  120      0 3.06e-11 1.00e+00 
1.06e+15  121      0 3.02e-11 1.00e+00 
1.10e+15  122      0 3.43e-11 1.00e+00 
1.13e+15  123      0 3.89e-11 1.00e+00 
1.17e+15  124      0 3.67e-11 1.00e+00 
1.21e+15  125      0 3.59e-11 1.00e+00 
1.25e+15  126      0 4.39e-11 1.00e+00 
1.29e+15  127      0 3.44e-11 1.00e+00 
1.33e+15  128      0 3.93e-11 1.00e+00 
1.37e+15  129      0 3.57e-11 1.00e+00 
1.42e+15  130      0 3.30e-11 1.00e+00 
1.46e+15  131      0 2.94e-11 1.00e+00 
1.51e+15  132      0 2.81e-11 1.00e+00 
1.56e+15  133      0 3.03e-11 1.00e+00 
1.61e+15  134      0 2.81e-11 1.00e+00 
1.66e+15  135      0 2.66e-11 1.00e+00 
1.71e+15  136      0 2.42e-11 1.00e+00 
1.77e+15  137      0 2.46e-11 1.00e+00 
1.83e+15  138      0 2.34e-11 1.00e+00 
1.89e+15  139      0 2.26e-11 1.00e+00 
1.95e+15  140      0 2.33e-11 1.00e+00 
2.01e+15  141      0 2.20e-11 1.00e+00 
2.08e+15  142      0 2.12e-11 1.00e+00 
2.14e+15  143      0 2.05e-11 1.00e+00 
2.21e+15  144      0 2.09e-11 1.00e+00 
2.29e+15  145      0 2.09e-11 1.00e+00 
2.36e+15  146      0 2.00e-11 1.00e+00 
2.44e+15  147      0 1.95e-11 1.00e+00 
2.52e+15  148      0 1.97e-11 1.00e+00 
2.60e+15  149      0 1.98e-11 1.00e+00 
2.68e+15  150      0 2.28e-11 1.00e+00 
2.77e+15  151      0 2.37e-11 1.00e+00 
2.86e+15  152      0 2.69e-11 1.00e+00 
2.95e+15  153     -1 0.00e+00 0.00e+00 
3.05e+15  154     -1 0.00e+00 0.00e+00 
