        r      rcen    i inwind converge       v_x       v_y       v_z       vol       rho        ne       t_e       t_r        h1       he2        c4        n5        o6  dmo_dt_x  dmo_dt_y  dmo_dt_z        ip        xi      ntot      nrad    nioniz 
2.223e+13 2.260e+13    0     -1        0  1.07e+10  0.00e+00  0.00e+00  0.00e+00  0.00e+00  0.00e+00  0.00e+00  0.00e+00  0.00e+00  0.00e+00  0.00e+00  0.00e+00  0.00e+00  0.00e+00  0.00e+00  0.00e+00  0.00e+00  0.00e+00  0.00e+00  0.00e+00  0.00e+00 
2.296e+13 2.333e+13    1      0        0  1.10e+10  0.00e+00  0.00e+00  5.49e+39  4.86e-14  2.49e+10  1.98e+05  1.67e+05  9.01e-13  2.82e-12  0.00e+00  0.00e+00  3.04e-09 -6.66e+32 -4.36e+31 -5.30e+32  2.82e+07  7.39e+08  1.02e+07  0.00e+00  9.86e+06 
2.370e+13 2.409e+13    2      0        0  1.13e+10  0.00e+00  0.00e+00  6.07e+39  4.78e-14  2.45e+10  1.87e+05  1.60e+05  8.27e-13  3.18e-12  0.00e+00  0.00e+00  5.06e-09 -9.18e+32 -3.52e+31 -4.43e+32  2.41e+07  6.08e+08  1.02e+07  0.00e+00  9.83e+06 
2.447e+13 2.487e+13    3      0        0  1.16e+10  0.00e+00  0.00e+00  6.72e+39  4.72e-14  2.42e+10  1.79e+05  1.55e+05  9.64e-13  4.63e-12  0.00e+00  0.00e+00  7.41e-09 -8.48e+32  8.12e+29 -5.83e+32  2.13e+07  5.24e+08  1.02e+07  0.00e+00  9.80e+06 
2.527e+13 2.568e+13    4      0        0  1.19e+10  0.00e+00  0.00e+00  7.43e+39  4.68e-14  2.40e+10  1.72e+05  1.52e+05  1.28e-12  3.47e-12  0.00e+00  0.00e+00  1.04e-08 -9.63e+32 -1.04e+31 -5.60e+32  1.90e+07  4.59e+08  1.02e+07  0.00e+00  9.77e+06 
2.609e+13 2.651e+13    5      0        0  1.22e+10  0.00e+00  0.00e+00  8.21e+39  4.66e-14  2.38e+10  1.66e+05  1.48e+05  2.01e-12  3.67e-12  0.00e+00  0.00e+00  1.43e-08 -9.18e+32  4.02e+31 -6.42e+32  1.71e+07  4.05e+08  1.02e+07  0.00e+00  9.75e+06 
2.693e+13 2.737e+13    6      0        0  1.25e+10  0.00e+00  0.00e+00  9.08e+39  4.66e-14  2.39e+10  1.61e+05  1.45e+05  1.41e-12  4.89e-12  0.00e+00  0.00e+00  1.94e-08 -9.79e+32  2.70e+31 -6.09e+32  1.54e+07  3.59e+08  1.02e+07  0.00e+00  9.73e+06 
2.781e+13 2.826e+13    7      0        0  1.27e+10  0.00e+00  0.00e+00  1.00e+40  4.68e-14  2.39e+10  1.56e+05  1.42e+05  1.43e-12  6.51e-12  0.00e+00  0.00e+00  2.63e-08 -1.00e+33 -5.17e+31 -5.64e+32  1.39e+07  3.17e+08  1.02e+07  0.00e+00  9.70e+06 
2.871e+13 2.918e+13    8      0        0  1.30e+10  0.00e+00  0.00e+00  1.11e+40  4.70e-14  2.41e+10  1.51e+05  1.39e+05  1.52e-12  7.02e-12  0.00e+00  0.00e+00  3.55e-08 -1.04e+33  9.61e+31 -7.52e+32  1.25e+07  2.81e+08  1.02e+07  0.00e+00  9.68e+06 
2.964e+13 3.012e+13    9      0        0  1.33e+10  0.00e+00  0.00e+00  1.23e+40  4.74e-14  2.43e+10  1.46e+05  1.36e+05  2.55e-12  5.46e-12  0.00e+00  0.00e+00  4.81e-08 -1.07e+33  1.34e+31 -7.37e+32  1.12e+07  2.50e+08  1.02e+07  0.00e+00  9.65e+06 
3.061e+13 3.110e+13   10      0        0  1.37e+10  0.00e+00  0.00e+00  1.36e+40  4.79e-14  2.45e+10  1.42e+05  1.33e+05  2.09e-12  8.14e-12  0.00e+00  0.00e+00  6.53e-08 -1.07e+33 -1.06e+31 -6.74e+32  1.01e+07  2.22e+08  1.02e+07  0.00e+00  9.62e+06 
3.160e+13 3.211e+13   11      0        0  1.40e+10  0.00e+00  0.00e+00  1.51e+40  4.86e-14  2.49e+10  1.38e+05  1.31e+05  3.41e-12  6.97e-12  0.00e+00  0.00e+00  8.86e-08 -1.07e+33 -2.92e+31 -6.65e+32  9.08e+06  1.96e+08  1.02e+07  0.00e+00  9.59e+06 
3.262e+13 3.315e+13   12      0        0  1.43e+10  0.00e+00  0.00e+00  1.67e+40  4.95e-14  2.53e+10  1.34e+05  1.28e+05  3.43e-12  1.05e-11  0.00e+00  0.00e+00  1.20e-07 -1.13e+33  9.23e+31 -7.02e+32  8.15e+06  1.74e+08  1.02e+07  0.00e+00  9.57e+06 
3.368e+13 3.423e+13   13      0        0  1.45e+10  0.00e+00  0.00e+00  1.85e+40  5.05e-14  2.59e+10  1.30e+05  1.26e+05  2.88e-12  9.92e-12  0.00e+00  0.00e+00  1.61e-07 -1.14e+33 -5.60e+31 -7.65e+32  7.30e+06  1.53e+08  1.02e+07  0.00e+00  9.54e+06 
3.478e+13 3.534e+13   14      0        0  1.48e+10  0.00e+00  0.00e+00  2.04e+40  5.17e-14  2.65e+10  1.26e+05  1.24e+05  2.62e-12  7.45e-12  0.00e+00  0.00e+00  2.19e-07 -1.24e+33 -1.14e+31 -7.33e+32  6.53e+06  1.36e+08  1.02e+07  0.00e+00  9.51e+06 
3.591e+13 3.649e+13   15      0        0  1.51e+10  0.00e+00  0.00e+00  2.26e+40  5.31e-14  2.72e+10  1.23e+05  1.22e+05  4.13e-12  6.99e-12  0.00e+00  0.00e+00  3.00e-07 -1.23e+33 -5.92e+31 -7.76e+32  5.83e+06  1.19e+08  1.02e+07  0.00e+00  9.48e+06 
3.707e+13 3.767e+13   16      0        0  1.53e+10  0.00e+00  0.00e+00  2.51e+40  5.44e-14  2.79e+10  1.19e+05  1.19e+05  3.62e-12  1.32e-11  0.00e+00  0.00e+00  4.10e-07 -1.36e+33  6.02e+31 -8.28e+32  5.22e+06  1.05e+08  1.02e+07  0.00e+00  9.45e+06 
3.828e+13 3.890e+13   17      0        0  1.56e+10  0.00e+00  0.00e+00  2.78e+40  5.59e-14  2.86e+10  1.16e+05  1.17e+05  5.01e-12  1.39e-11  0.00e+00  0.00e+00  5.58e-07 -1.30e+33 -1.14e+32 -8.05e+32  4.66e+06  9.24e+07  1.02e+07  0.00e+00  9.41e+06 
3.952e+13 4.016e+13   18      0        0  1.59e+10  0.00e+00  0.00e+00  3.08e+40  5.75e-14  2.94e+10  1.13e+05  1.15e+05  6.35e-12  1.68e-11  0.00e+00  0.00e+00  7.56e-07 -1.32e+33  2.10e+31 -8.05e+32  4.17e+06  8.18e+07  1.02e+07  0.00e+00  9.38e+06 
4.080e+13 4.146e+13   19      0        0  1.61e+10  0.00e+00  0.00e+00  3.40e+40  5.92e-14  3.03e+10  1.10e+05  1.13e+05  7.80e-12  1.86e-11  0.00e+00  0.00e+00  1.02e-06 -1.23e+33  5.36e+30 -8.62e+32  3.72e+06  7.18e+07  1.02e+07  0.00e+00  9.35e+06 
4.213e+13 4.281e+13   20      0        0  1.63e+10  0.00e+00  0.00e+00  3.77e+40  6.09e-14  3.12e+10  1.08e+05  1.11e+05  7.32e-12  2.40e-11  0.00e+00  0.00e+00  1.36e-06 -1.53e+33  1.12e+31 -9.91e+32  3.34e+06  6.38e+07  1.02e+07  0.00e+00  9.32e+06 
4.350e+13 4.420e+13   21      0        0  1.65e+10  0.00e+00  0.00e+00  4.17e+40  6.25e-14  3.20e+10  1.05e+05  1.10e+05  4.99e-12  1.68e-11  0.00e+00  0.00e+00  1.82e-06 -1.46e+33 -3.02e+31 -9.60e+32  3.00e+06  5.71e+07  1.02e+07  0.00e+00  9.28e+06 
4.491e+13 4.564e+13   22      0        0  1.68e+10  0.00e+00  0.00e+00  4.61e+40  6.40e-14  3.28e+10  1.02e+05  1.08e+05  9.09e-12  2.15e-11  0.00e+00  0.00e+00  2.45e-06 -1.68e+33  8.48e+30 -1.05e+33  2.70e+06  5.09e+07  1.02e+07  0.00e+00  9.24e+06 
4.637e+13 4.712e+13   23      0        0  1.70e+10  0.00e+00  0.00e+00  5.11e+40  6.56e-14  3.36e+10  1.00e+05  1.06e+05  5.86e-12  3.27e-11  0.00e+00  0.00e+00  3.24e-06 -1.57e+33  3.07e+31 -1.06e+33  2.43e+06  4.52e+07  1.02e+07  0.00e+00  9.21e+06 
4.787e+13 4.865e+13   24      0        0  1.71e+10  0.00e+00  0.00e+00  5.65e+40  6.71e-14  3.43e+10  9.78e+04  1.04e+05  1.28e-11  3.00e-11  0.00e+00  0.00e+00  4.30e-06 -1.66e+33  4.94e+31 -1.04e+33  2.20e+06  4.06e+07  1.02e+07  0.00e+00  9.17e+06 
4.942e+13 5.023e+13   25      0        0  1.73e+10  0.00e+00  0.00e+00  6.25e+40  6.84e-14  3.50e+10  9.57e+04  1.03e+05  1.19e-11  2.28e-11  0.00e+00  0.00e+00  5.55e-06 -1.75e+33 -5.81e+31 -1.01e+33  1.99e+06  3.62e+07  1.02e+07  0.00e+00  9.13e+06 
5.103e+13 5.186e+13   26      0        0  1.75e+10  0.00e+00  0.00e+00  6.90e+40  6.97e-14  3.57e+10  9.37e+04  1.02e+05  1.09e-11  3.65e-11  0.00e+00  0.00e+00  7.35e-06 -1.84e+33 -5.59e+31 -1.13e+33  1.81e+06  3.27e+07  1.02e+07  0.00e+00  9.09e+06 
5.269e+13 5.354e+13   27      0        0  1.76e+10  0.00e+00  0.00e+00  7.63e+40  7.09e-14  3.63e+10  9.19e+04  1.00e+05  6.55e-12  4.30e-11  0.00e+00  0.00e+00  9.56e-06 -1.82e+33  3.12e+31 -1.25e+33  1.65e+06  2.97e+07  1.02e+07  0.00e+00  9.05e+06 
5.440e+13 5.528e+13   28      0        0  1.78e+10  0.00e+00  0.00e+00  8.43e+40  7.20e-14  3.69e+10  9.02e+04  9.89e+04  1.67e-11  4.71e-11  0.00e+00  0.00e+00  1.21e-05 -1.78e+33  3.83e+31 -1.18e+33  1.50e+06  2.68e+07  1.03e+07  0.00e+00  9.01e+06 
5.616e+13 5.708e+13   29      0        0  1.79e+10  0.00e+00  0.00e+00  9.31e+40  7.29e-14  3.73e+10  8.86e+04  9.76e+04  7.21e-12  4.77e-11  0.00e+00  0.00e+00  1.48e-05 -1.79e+33  3.63e+31 -1.10e+33  1.38e+06  2.43e+07  1.03e+07  0.00e+00  8.98e+06 
5.799e+13 5.893e+13   30      0        0  1.80e+10  0.00e+00  0.00e+00  1.03e+41  7.36e-14  3.77e+10  8.69e+04  9.65e+04  1.08e-11  5.89e-11  0.00e+00  0.00e+00  1.88e-05 -1.83e+33 -7.41e+31 -1.28e+33  1.27e+06  2.21e+07  1.03e+07  0.00e+00  8.94e+06 
5.987e+13 6.084e+13   31      0        0  1.81e+10  0.00e+00  0.00e+00  1.14e+41  7.42e-14  3.80e+10  8.54e+04  9.53e+04  1.80e-11  6.10e-11  0.00e+00  0.00e+00  2.36e-05 -1.94e+33  4.67e+31 -1.28e+33  1.17e+06  2.02e+07  1.03e+07  0.00e+00  8.90e+06 
6.181e+13 6.282e+13   32      0        0  1.82e+10  0.00e+00  0.00e+00  1.25e+41  7.46e-14  3.82e+10  8.41e+04  9.42e+04  6.25e-12  6.82e-11  0.00e+00  0.00e+00  2.88e-05 -1.93e+33  4.46e+31 -1.16e+33  1.08e+06  1.85e+07  1.03e+07  0.00e+00  8.85e+06 
6.382e+13 6.486e+13   33      0        0  1.83e+10  0.00e+00  0.00e+00  1.38e+41  7.49e-14  3.84e+10  8.27e+04  9.32e+04  9.63e-12  7.71e-11  0.00e+00  0.00e+00  3.54e-05 -2.02e+33 -2.28e+31 -1.18e+33  9.97e+05  1.71e+07  1.03e+07  0.00e+00  8.81e+06 
6.589e+13 6.696e+13   34      0        0  1.84e+10  0.00e+00  0.00e+00  1.53e+41  7.50e-14  3.84e+10  8.14e+04  9.22e+04  1.21e-11  7.38e-11  0.00e+00  0.00e+00  4.21e-05 -1.99e+33 -1.05e+32 -1.26e+33  9.26e+05  1.57e+07  1.03e+07  0.00e+00  8.77e+06 
6.803e+13 6.914e+13   35      0        0  1.84e+10  0.00e+00  0.00e+00  1.68e+41  7.50e-14  3.84e+10  8.03e+04  9.13e+04  2.01e-11  9.64e-11  0.00e+00  0.00e+00  5.01e-05 -2.19e+33  4.61e+31 -1.35e+33  8.63e+05  1.47e+07  1.03e+07  0.00e+00  8.74e+06 
7.024e+13 7.138e+13   36      0        0  1.85e+10  0.00e+00  0.00e+00  1.86e+41  7.48e-14  3.83e+10  7.92e+04  9.05e+04  1.21e-11  1.15e-10  0.00e+00  0.00e+00  5.99e-05 -2.15e+33  9.58e+30 -1.30e+33  8.05e+05  1.36e+07  1.03e+07  0.00e+00  8.70e+06 
7.252e+13 7.370e+13   37      0        0  1.85e+10  0.00e+00  0.00e+00  2.05e+41  7.45e-14  3.81e+10  7.82e+04  8.97e+04  1.60e-11  1.27e-10  0.00e+00  0.00e+00  6.95e-05 -2.12e+33  8.31e+30 -1.45e+33  7.53e+05  1.26e+07  1.03e+07  0.00e+00  8.66e+06 
7.488e+13 7.609e+13   38      0        0  1.86e+10  0.00e+00  0.00e+00  2.25e+41  7.41e-14  3.80e+10  7.72e+04  8.90e+04  2.18e-11  1.25e-10  0.00e+00  0.00e+00  7.85e-05 -2.14e+33 -2.28e+31 -1.33e+33  7.06e+05  1.18e+07  1.03e+07  0.00e+00  8.62e+06 
7.731e+13 7.856e+13   39      0        0  1.86e+10  0.00e+00  0.00e+00  2.48e+41  7.37e-14  3.77e+10  7.63e+04  8.83e+04  2.24e-11  1.59e-10  0.00e+00  0.00e+00  9.01e-05 -2.13e+33 -2.21e+30 -1.32e+33  6.63e+05  1.10e+07  1.03e+07  0.00e+00  8.58e+06 
7.982e+13 8.111e+13   40      0        0  1.86e+10  0.00e+00  0.00e+00  2.73e+41  7.31e-14  3.75e+10  7.57e+04  8.76e+04  1.96e-11  1.94e-10  0.00e+00  0.00e+00  1.01e-04 -2.10e+33  1.24e+31 -1.34e+33  6.24e+05  1.03e+07  1.03e+07  0.00e+00  8.55e+06 
8.241e+13 8.375e+13   41      0        0  1.86e+10  0.00e+00  0.00e+00  3.01e+41  7.25e-14  3.71e+10  7.49e+04  8.71e+04  2.57e-11  2.45e-10  0.00e+00  0.00e+00  1.17e-04 -2.07e+33 -4.41e+30 -1.34e+33  5.88e+05  9.67e+06  1.03e+07  0.00e+00  8.51e+06 
8.508e+13 8.647e+13   42      0        0  1.86e+10  0.00e+00  0.00e+00  3.31e+41  7.18e-14  3.68e+10  7.44e+04  8.65e+04  2.37e-11  2.83e-10  0.00e+00  0.00e+00  1.28e-04 -2.17e+33  5.34e+31 -1.46e+33  5.56e+05  9.09e+06  1.04e+07  0.00e+00  8.48e+06 
8.785e+13 8.927e+13   43      0        0  1.86e+10  0.00e+00  0.00e+00  3.64e+41  7.11e-14  3.64e+10  7.37e+04  8.61e+04  2.73e-11  3.06e-10  0.00e+00  0.00e+00  1.38e-04 -2.23e+33  5.70e+31 -1.42e+33  5.27e+05  8.60e+06  1.04e+07  0.00e+00  8.45e+06 
9.070e+13 9.217e+13   44      0        0  1.85e+10  0.00e+00  0.00e+00  4.00e+41  7.03e-14  3.60e+10  7.32e+04  8.57e+04  2.81e-11  3.32e-10  0.00e+00  0.00e+00  1.50e-04 -2.11e+33  2.77e+31 -1.24e+33  4.99e+05  8.14e+06  1.04e+07  0.00e+00  8.42e+06 
9.364e+13 9.516e+13   45      0        0  1.85e+10  0.00e+00  0.00e+00  4.39e+41  6.95e-14  3.56e+10  7.27e+04  8.53e+04  2.34e-11  3.45e-10  0.00e+00  0.00e+00  1.65e-04 -2.26e+33  3.75e+31 -1.32e+33  4.75e+05  7.74e+06  1.04e+07  0.00e+00  8.40e+06 
9.668e+13 9.825e+13   46      0        0  1.84e+10  0.00e+00  0.00e+00  4.83e+41  6.86e-14  3.51e+10  7.23e+04  8.50e+04  2.60e-11  3.61e-10  0.00e+00  0.00e+00  1.71e-04 -2.12e+33  9.23e+30 -1.42e+33  4.51e+05  7.32e+06  1.04e+07  0.00e+00  8.37e+06 
9.982e+13 1.014e+14   47      0        0  1.84e+10  0.00e+00  0.00e+00  5.30e+41  6.78e-14  3.47e+10  7.20e+04  8.47e+04  1.89e-11  3.81e-10  0.00e+00  0.00e+00  1.69e-04 -2.35e+33  4.74e+31 -1.47e+33  4.29e+05  6.97e+06  1.04e+07  0.00e+00  8.35e+06 
1.031e+14 1.047e+14   48      0        0  1.83e+10  0.00e+00  0.00e+00  5.82e+41  6.70e-14  3.43e+10  7.16e+04  8.45e+04  3.19e-11  3.96e-10  0.00e+00  0.00e+00  1.69e-04 -2.24e+33  3.00e+31 -1.32e+33  4.10e+05  6.62e+06  1.05e+07  0.00e+00  8.33e+06 
1.064e+14 1.081e+14   49      0        0  1.82e+10  0.00e+00  0.00e+00  6.38e+41  6.62e-14  3.39e+10  7.14e+04  8.44e+04  2.37e-11  4.08e-10  0.00e+00  0.00e+00  1.72e-04 -2.17e+33 -4.22e+31 -1.51e+33  3.91e+05  6.34e+06  1.05e+07  0.00e+00  8.31e+06 
1.099e+14 1.116e+14   50      0        0  1.81e+10  0.00e+00  0.00e+00  7.00e+41  6.55e-14  3.35e+10  7.12e+04  8.42e+04  2.79e-11  4.48e-10  0.00e+00  0.00e+00  1.75e-04 -2.31e+33 -7.90e+31 -1.39e+33  3.74e+05  6.02e+06  1.05e+07  0.00e+00  8.29e+06 
1.134e+14 1.153e+14   51      0        0  1.80e+10  0.00e+00  0.00e+00  7.68e+41  6.48e-14  3.32e+10  7.11e+04  8.41e+04  3.15e-11  4.67e-10  0.00e+00  0.00e+00  1.67e-04 -2.31e+33  3.24e+30 -1.44e+33  3.57e+05  5.74e+06  1.05e+07  0.00e+00  8.28e+06 
1.171e+14 1.190e+14   52      0        0  1.79e+10  0.00e+00  0.00e+00  8.42e+41  6.41e-14  3.28e+10  7.10e+04  8.41e+04  3.28e-11  5.04e-10  0.00e+00  0.00e+00  1.63e-04 -2.32e+33 -2.69e+31 -1.47e+33  3.42e+05  5.51e+06  1.06e+07  0.00e+00  8.27e+06 
1.209e+14 1.229e+14   53      0        0  1.78e+10  0.00e+00  0.00e+00  9.23e+41  6.35e-14  3.25e+10  7.10e+04  8.41e+04  2.66e-11  5.28e-10  0.00e+00  0.00e+00  1.59e-04 -2.41e+33  9.96e+30 -1.65e+33  3.27e+05  5.30e+06  1.06e+07  0.00e+00  8.26e+06 
1.248e+14 1.269e+14   54      0        0  1.76e+10  0.00e+00  0.00e+00  1.01e+42  6.30e-14  3.22e+10  7.11e+04  8.41e+04  2.92e-11  5.59e-10  0.00e+00  0.00e+00  1.61e-04 -2.39e+33 -8.63e+30 -1.56e+33  3.13e+05  5.09e+06  1.06e+07  0.00e+00  8.26e+06 
1.289e+14 1.310e+14   55      0        0  1.75e+10  0.00e+00  0.00e+00  1.11e+42  6.23e-14  3.19e+10  7.12e+04  8.41e+04  3.52e-11  6.12e-10  0.00e+00  0.00e+00  1.53e-04 -2.44e+33  5.41e+31 -1.48e+33  3.00e+05  4.90e+06  1.07e+07  0.00e+00  8.25e+06 
1.331e+14 1.352e+14   56      0        0  1.73e+10  0.00e+00  0.00e+00  1.21e+42  6.16e-14  3.15e+10  7.12e+04  8.41e+04  2.92e-11  6.58e-10  0.00e+00  0.00e+00  1.60e-04 -2.53e+33  6.51e+30 -1.65e+33  2.88e+05  4.68e+06  1.07e+07  0.00e+00  8.25e+06 
1.374e+14 1.396e+14   57      0        0  1.71e+10  0.00e+00  0.00e+00  1.33e+42  6.08e-14  3.11e+10  7.13e+04  8.42e+04  3.53e-11  6.96e-10  0.00e+00  0.00e+00  1.54e-04 -2.52e+33 -4.29e+30 -1.72e+33  2.77e+05  4.53e+06  1.08e+07  0.00e+00  8.25e+06 
1.419e+14 1.442e+14   58      0        0  1.70e+10  0.00e+00  0.00e+00  1.46e+42  5.99e-14  3.07e+10  7.14e+04  8.43e+04  3.19e-11  7.23e-10  0.00e+00  0.00e+00  1.55e-04 -2.50e+33 -5.06e+31 -1.52e+33  2.68e+05  4.39e+06  1.08e+07  0.00e+00  8.25e+06 
1.465e+14 1.488e+14   59      0        0  1.68e+10  0.00e+00  0.00e+00  1.59e+42  5.89e-14  3.02e+10  7.16e+04  8.43e+04  2.91e-11  7.52e-10  0.00e+00  0.00e+00  1.49e-04 -2.55e+33  2.86e+31 -1.55e+33  2.59e+05  4.23e+06  1.08e+07  0.00e+00  8.25e+06 
1.512e+14 1.537e+14   60      0        0  1.66e+10  0.00e+00  0.00e+00  1.75e+42  5.78e-14  2.96e+10  7.17e+04  8.44e+04  2.94e-11  7.88e-10  0.00e+00  0.00e+00  1.35e-04 -2.59e+33 -2.41e+31 -1.59e+33  2.51e+05  4.09e+06  1.09e+07  0.00e+00  8.25e+06 
1.561e+14 1.587e+14   61      0        0  1.64e+10  0.00e+00  0.00e+00  1.91e+42  5.67e-14  2.90e+10  7.18e+04  8.45e+04  2.99e-11  8.37e-10  0.00e+00  0.00e+00  1.32e-04 -2.55e+33 -2.03e+31 -1.73e+33  2.43e+05  3.96e+06  1.09e+07  0.00e+00  8.25e+06 
1.612e+14 1.638e+14   62      0        0  1.62e+10  0.00e+00  0.00e+00  2.09e+42  5.54e-14  2.84e+10  7.20e+04  8.45e+04  3.00e-11  8.72e-10  0.00e+00  0.00e+00  1.30e-04 -2.39e+33  6.02e+30 -1.79e+33  2.36e+05  3.84e+06  1.10e+07  0.00e+00  8.25e+06 
1.664e+14 1.691e+14   63      0        0  1.60e+10  0.00e+00  0.00e+00  2.29e+42  5.41e-14  2.77e+10  7.21e+04  8.47e+04  3.23e-11  8.98e-10  0.00e+00  0.00e+00  1.24e-04 -2.82e+33 -7.40e+30 -1.68e+33  2.30e+05  3.77e+06  1.10e+07  0.00e+00  8.26e+06 
1.718e+14 1.746e+14   64      0        0  1.58e+10  0.00e+00  0.00e+00  2.51e+42  5.27e-14  2.70e+10  7.24e+04  8.47e+04  4.08e-11  9.53e-10  0.00e+00  0.00e+00  1.15e-04 -2.64e+33  6.74e+30 -1.74e+33  2.25e+05  3.67e+06  1.11e+07  0.00e+00  8.26e+06 
1.774e+14 1.803e+14   65      0        0  1.56e+10  0.00e+00  0.00e+00  2.75e+42  5.13e-14  2.63e+10  7.25e+04  8.48e+04  3.33e-11  9.82e-10  0.00e+00  0.00e+00  1.13e-04 -2.73e+33  1.12e+32 -1.69e+33  2.19e+05  3.58e+06  1.11e+07  0.00e+00  8.26e+06 
1.832e+14 1.862e+14   66      0        0  1.54e+10  0.00e+00  0.00e+00  3.01e+42  4.99e-14  2.55e+10  7.26e+04  8.49e+04  3.73e-11  1.04e-09  0.00e+00  0.00e+00  1.05e-04 -2.64e+33 -8.67e+31 -1.61e+33  2.14e+05  3.48e+06  1.12e+07  0.00e+00  8.26e+06 
1.891e+14 1.922e+14   67      0        0  1.52e+10  0.00e+00  0.00e+00  3.30e+42  4.84e-14  2.48e+10  7.27e+04  8.49e+04  3.34e-11  1.08e-09  0.00e+00  0.00e+00  1.03e-04 -2.70e+33  1.03e+32 -1.67e+33  2.09e+05  3.44e+06  1.12e+07  0.00e+00  8.26e+06 
1.953e+14 1.984e+14   68      0        0  1.50e+10  0.00e+00  0.00e+00  3.61e+42  4.69e-14  2.40e+10  7.27e+04  8.49e+04  3.49e-11  1.13e-09  0.00e+00  0.00e+00  1.06e-04 -2.63e+33  4.61e+30 -1.63e+33  2.05e+05  3.35e+06  1.13e+07  0.00e+00  8.26e+06 
2.016e+14 2.049e+14   69      0        0  1.48e+10  0.00e+00  0.00e+00  3.96e+42  4.54e-14  2.33e+10  7.28e+04  8.50e+04  3.12e-11  1.17e-09  0.00e+00  0.00e+00  1.03e-04 -2.80e+33  2.57e+30 -1.79e+33  2.00e+05  3.30e+06  1.13e+07  0.00e+00  8.26e+06 
2.082e+14 2.115e+14   70      0        0  1.46e+10  0.00e+00  0.00e+00  4.34e+42  4.40e-14  2.25e+10  7.29e+04  8.49e+04  3.11e-11  1.20e-09  0.00e+00  0.00e+00  9.69e-05 -2.68e+33  6.83e+31 -1.82e+33  1.96e+05  3.21e+06  1.14e+07  0.00e+00  8.25e+06 
2.149e+14 2.184e+14   71      0        0  1.44e+10  0.00e+00  0.00e+00  4.76e+42  4.25e-14  2.18e+10  7.29e+04  8.49e+04  2.94e-11  1.28e-09  0.00e+00  0.00e+00  9.08e-05 -2.67e+33 -1.54e+32 -1.64e+33  1.92e+05  3.15e+06  1.14e+07  0.00e+00  8.24e+06 
2.219e+14 2.255e+14   72      0        0  1.42e+10  0.00e+00  0.00e+00  5.22e+42  4.10e-14  2.10e+10  7.28e+04  8.49e+04  3.64e-11  1.31e-09  0.00e+00  0.00e+00  8.97e-05 -2.73e+33  7.40e+31 -1.76e+33  1.88e+05  3.08e+06  1.14e+07  0.00e+00  8.24e+06 
2.291e+14 2.328e+14   73      0        0  1.40e+10  0.00e+00  0.00e+00  5.72e+42  3.95e-14  2.02e+10  7.28e+04  8.48e+04  2.82e-11  1.36e-09  0.00e+00  0.00e+00  8.97e-05 -2.73e+33  4.25e+31 -1.69e+33  1.84e+05  3.03e+06  1.15e+07  0.00e+00  8.23e+06 
2.365e+14 2.404e+14   74      0        0  1.38e+10  0.00e+00  0.00e+00  6.27e+42  3.80e-14  1.95e+10  7.28e+04  8.47e+04  3.31e-11  1.40e-09  0.00e+00  0.00e+00  8.81e-05 -2.58e+33 -1.52e+31 -1.59e+33  1.80e+05  2.97e+06  1.15e+07  0.00e+00  8.22e+06 
2.442e+14 2.482e+14   75      0        0  1.36e+10  0.00e+00  0.00e+00  6.88e+42  3.66e-14  1.87e+10  7.28e+04  8.46e+04  2.51e-11  1.48e-09  0.00e+00  0.00e+00  8.77e-05 -2.87e+33  2.15e+30 -1.76e+33  1.77e+05  2.91e+06  1.16e+07  0.00e+00  8.21e+06 
2.521e+14 2.562e+14   76      0        0  1.34e+10  0.00e+00  0.00e+00  7.55e+42  3.51e-14  1.80e+10  7.27e+04  8.45e+04  3.25e-11  1.55e-09  0.00e+00  0.00e+00  8.43e-05 -2.56e+33  8.43e+31 -1.69e+33  1.74e+05  2.85e+06  1.16e+07  0.00e+00  8.19e+06 
2.603e+14 2.646e+14   77      0        0  1.33e+10  0.00e+00  0.00e+00  8.28e+42  3.37e-14  1.73e+10  7.25e+04  8.44e+04  2.23e-11  1.60e-09  0.00e+00  0.00e+00  8.37e-05 -2.68e+33 -2.45e+31 -1.83e+33  1.70e+05  2.78e+06  1.16e+07  0.00e+00  8.18e+06 
2.688e+14 2.731e+14   78      0        0  1.31e+10  0.00e+00  0.00e+00  9.09e+42  3.23e-14  1.66e+10  7.25e+04  8.42e+04  3.38e-11  1.66e-09  0.00e+00  0.00e+00  8.61e-05 -2.54e+33 -1.01e+32 -1.68e+33  1.67e+05  2.72e+06  1.17e+07  0.00e+00  8.16e+06 
2.775e+14 2.820e+14   79      0        0  1.30e+10  0.00e+00  0.00e+00  9.97e+42  3.10e-14  1.59e+10  7.23e+04  8.40e+04  3.25e-11  1.74e-09  0.00e+00  0.00e+00  8.48e-05 -2.65e+33  2.81e+31 -1.68e+33  1.64e+05  2.68e+06  1.17e+07  0.00e+00  8.15e+06 
2.865e+14 2.912e+14   80      0        0  1.28e+10  0.00e+00  0.00e+00  1.09e+43  2.98e-14  1.52e+10  7.21e+04  8.38e+04  3.67e-11  1.79e-09  0.00e+00  0.00e+00  8.46e-05 -2.49e+33 -6.20e+31 -1.63e+33  1.61e+05  2.62e+06  1.18e+07  0.00e+00  8.13e+06 
2.958e+14 3.006e+14   81      0        0  1.26e+10  0.00e+00  0.00e+00  1.20e+43  2.86e-14  1.47e+10  7.20e+04  8.37e+04  3.17e-11  1.88e-09  0.00e+00  0.00e+00  8.78e-05 -2.43e+33  1.44e+31 -1.56e+33  1.57e+05  2.58e+06  1.18e+07  0.00e+00  8.11e+06 
3.054e+14 3.104e+14   82      0        0  1.25e+10  0.00e+00  0.00e+00  1.32e+43  2.75e-14  1.41e+10  7.19e+04  8.36e+04  2.72e-11  1.94e-09  0.00e+00  0.00e+00  8.74e-05 -2.65e+33 -1.05e+32 -1.70e+33  1.54e+05  2.52e+06  1.18e+07  0.00e+00  8.09e+06 
3.153e+14 3.205e+14   83      0        0  1.23e+10  0.00e+00  0.00e+00  1.45e+43  2.64e-14  1.35e+10  7.17e+04  8.34e+04  3.55e-11  2.02e-09  0.00e+00  0.00e+00  8.79e-05 -2.59e+33  1.08e+32 -1.73e+33  1.50e+05  2.45e+06  1.18e+07  0.00e+00  8.07e+06 
3.256e+14 3.309e+14   84      0        0  1.22e+10  0.00e+00  0.00e+00  1.59e+43  2.54e-14  1.30e+10  7.16e+04  8.32e+04  3.00e-11  2.11e-09  0.00e+00  0.00e+00  8.83e-05 -2.54e+33  6.05e+31 -1.53e+33  1.47e+05  2.40e+06  1.19e+07  0.00e+00  8.05e+06 
3.362e+14 3.416e+14   85      0        0  1.20e+10  0.00e+00  0.00e+00  1.75e+43  2.43e-14  1.25e+10  7.13e+04  8.30e+04  3.21e-11  2.21e-09  0.00e+00  0.00e+00  8.79e-05 -2.57e+33 -3.32e+31 -1.63e+33  1.44e+05  2.34e+06  1.19e+07  0.00e+00  8.02e+06 
3.471e+14 3.527e+14   86      0        0  1.19e+10  0.00e+00  0.00e+00  1.92e+43  2.33e-14  1.20e+10  7.12e+04  8.28e+04  3.10e-11  2.31e-09  0.00e+00  0.00e+00  8.70e-05 -2.73e+33  5.88e+31 -1.76e+33  1.40e+05  2.28e+06  1.19e+07  0.00e+00  7.99e+06 
3.583e+14 3.642e+14   87      0        0  1.17e+10  0.00e+00  0.00e+00  2.10e+43  2.24e-14  1.15e+10  7.10e+04  8.26e+04  4.04e-11  2.40e-09  0.00e+00  0.00e+00  8.91e-05 -2.67e+33  3.90e+31 -1.58e+33  1.37e+05  2.22e+06  1.19e+07  0.00e+00  7.96e+06 
3.700e+14 3.760e+14   88      0        0  1.16e+10  0.00e+00  0.00e+00  2.31e+43  2.14e-14  1.10e+10  7.07e+04  8.23e+04  3.24e-11  2.50e-09  0.00e+00  0.00e+00  9.08e-05 -2.64e+33 -7.31e+31 -1.58e+33  1.34e+05  2.17e+06  1.19e+07  0.00e+00  7.92e+06 
3.820e+14 3.882e+14   89      0        0  1.15e+10  0.00e+00  0.00e+00  2.54e+43  2.05e-14  1.05e+10  7.04e+04  8.20e+04  3.56e-11  2.62e-09  0.00e+00  0.00e+00  9.16e-05 -2.41e+33  6.47e+31 -1.57e+33  1.31e+05  2.11e+06  1.19e+07  0.00e+00  7.89e+06 
3.944e+14 4.008e+14   90      0        0  1.14e+10  0.00e+00  0.00e+00  2.79e+43  1.96e-14  1.01e+10  7.01e+04  8.18e+04  2.33e-11  2.74e-09  0.00e+00  0.00e+00  9.22e-05 -2.49e+33  3.64e+31 -1.63e+33  1.28e+05  2.06e+06  1.20e+07  0.00e+00  7.85e+06 
4.072e+14 4.138e+14   91      0        0  1.13e+10  0.00e+00  0.00e+00  3.07e+43  1.88e-14  9.62e+09  6.98e+04  8.15e+04  3.22e-11  2.87e-09  0.00e+00  0.00e+00  9.31e-05 -2.36e+33 -7.54e+31 -1.43e+33  1.25e+05  2.01e+06  1.20e+07  0.00e+00  7.81e+06 
4.204e+14 4.272e+14   92      0        0  1.12e+10  0.00e+00  0.00e+00  3.37e+43  1.80e-14  9.19e+09  6.95e+04  8.12e+04  2.98e-11  3.01e-09  0.00e+00  0.00e+00  9.61e-05 -2.42e+33 -1.63e+31 -1.46e+33  1.22e+05  1.97e+06  1.20e+07  0.00e+00  7.76e+06 
4.341e+14 4.411e+14   93      0        0  1.11e+10  0.00e+00  0.00e+00  3.70e+43  1.72e-14  8.79e+09  6.92e+04  8.09e+04  2.81e-11  3.15e-09  0.00e+00  0.00e+00  9.88e-05 -2.56e+33  2.09e+31 -1.57e+33  1.19e+05  1.92e+06  1.20e+07  0.00e+00  7.72e+06 
4.482e+14 4.554e+14   94      0        0  1.09e+10  0.00e+00  0.00e+00  4.07e+43  1.64e-14  8.39e+09  6.89e+04  8.06e+04  3.47e-11  3.26e-09  0.00e+00  0.00e+00  9.91e-05 -2.50e+33 -1.57e+31 -1.65e+33  1.16e+05  1.86e+06  1.19e+07  0.00e+00  7.67e+06 
4.627e+14 4.702e+14   95      0        0  1.08e+10  0.00e+00  0.00e+00  4.48e+43  1.56e-14  8.01e+09  6.85e+04  8.03e+04  2.71e-11  3.44e-09  0.00e+00  0.00e+00  1.03e-04 -2.59e+33 -2.46e+31 -1.52e+33  1.13e+05  1.81e+06  1.19e+07  0.00e+00  7.62e+06 
4.777e+14 4.855e+14   96      0        0  1.08e+10  0.00e+00  0.00e+00  4.92e+43  1.49e-14  7.64e+09  6.83e+04  8.01e+04  3.43e-11  3.61e-09  0.00e+00  0.00e+00  1.03e-04 -2.35e+33 -1.03e+31 -1.40e+33  1.10e+05  1.75e+06  1.19e+07  0.00e+00  7.57e+06 
4.932e+14 5.012e+14   97      0        0  1.07e+10  0.00e+00  0.00e+00  5.41e+43  1.42e-14  7.29e+09  6.79e+04  7.97e+04  3.11e-11  3.78e-09  0.00e+00  0.00e+00  1.06e-04 -2.29e+33  5.55e+31 -1.47e+33  1.07e+05  1.71e+06  1.19e+07  0.00e+00  7.52e+06 
5.093e+14 5.175e+14   98      0        0  1.06e+10  0.00e+00  0.00e+00  5.95e+43  1.36e-14  6.96e+09  6.76e+04  7.95e+04  3.55e-11  3.93e-09  0.00e+00  0.00e+00  1.12e-04 -2.43e+33 -4.82e+31 -1.42e+33  1.04e+05  1.66e+06  1.19e+07  0.00e+00  7.46e+06 
5.258e+14 5.343e+14   99      0        0  1.05e+10  0.00e+00  0.00e+00  6.54e+43  1.30e-14  6.64e+09  6.73e+04  7.92e+04  3.34e-11  4.12e-09  0.00e+00  0.00e+00  1.15e-04 -2.34e+33 -2.34e+31 -1.45e+33  1.02e+05  1.63e+06  1.19e+07  0.00e+00  7.41e+06 
5.429e+14 5.517e+14  100      0        0  1.04e+10  0.00e+00  0.00e+00  7.19e+43  1.23e-14  6.32e+09  6.69e+04  7.88e+04  3.83e-11  4.30e-09  0.00e+00  0.00e+00  1.18e-04 -2.45e+33  1.11e+32 -1.49e+33  9.90e+04  1.58e+06  1.18e+07  0.00e+00  7.35e+06 
5.605e+14 5.696e+14  101      0        0  1.04e+10  0.00e+00  0.00e+00  7.91e+43  1.18e-14  6.02e+09  6.65e+04  7.85e+04  3.63e-11  4.55e-09  0.00e+00  0.00e+00  1.24e-04 -2.35e+33 -2.88e+30 -1.48e+33  9.63e+04  1.54e+06  1.18e+07  0.00e+00  7.28e+06 
5.787e+14 5.881e+14  102      0        0  1.03e+10  0.00e+00  0.00e+00  8.70e+43  1.12e-14  5.72e+09  6.62e+04  7.82e+04  3.44e-11  4.78e-09  0.00e+00  0.00e+00  1.27e-04 -2.29e+33  7.24e+31 -1.38e+33  9.37e+04  1.50e+06  1.18e+07  0.00e+00  7.22e+06 
5.975e+14 6.072e+14  103      0        0  1.03e+10  0.00e+00  0.00e+00  9.56e+43  1.06e-14  5.43e+09  6.59e+04  7.79e+04  3.46e-11  4.96e-09  0.00e+00  0.00e+00  1.31e-04 -2.35e+33  1.33e+31 -1.46e+33  9.14e+04  1.46e+06  1.17e+07  0.00e+00  7.15e+06 
6.169e+14 6.269e+14  104      0        0  1.02e+10  0.00e+00  0.00e+00  1.05e+44  1.00e-14  5.14e+09  6.55e+04  7.76e+04  3.44e-11  5.15e-09  0.00e+00  0.00e+00  1.37e-04 -2.22e+33 -5.67e+31 -1.41e+33  8.92e+04  1.41e+06  1.17e+07  0.00e+00  7.09e+06 
6.369e+14 6.472e+14  105      0        0  1.01e+10  0.00e+00  0.00e+00  1.16e+44  9.48e-15  4.86e+09  6.51e+04  7.73e+04  3.77e-11  5.39e-09  0.00e+00  0.00e+00  1.44e-04 -2.00e+33 -3.83e+31 -1.39e+33  8.72e+04  1.38e+06  1.16e+07  0.00e+00  7.02e+06 
6.576e+14 6.683e+14  106      0        0  1.01e+10  0.00e+00  0.00e+00  1.27e+44  8.92e-15  4.57e+09  6.47e+04  7.69e+04  3.90e-11  5.67e-09  0.00e+00  0.00e+00  1.54e-04 -2.15e+33  3.75e+31 -1.35e+33  8.55e+04  1.35e+06  1.16e+07  0.00e+00  6.94e+06 
6.789e+14 6.900e+14  107      0        0  1.01e+10  0.00e+00  0.00e+00  1.40e+44  8.37e-15  4.29e+09  6.44e+04  7.66e+04  3.38e-11  5.87e-09  0.00e+00  0.00e+00  1.58e-04 -2.14e+33 -3.13e+31 -1.29e+33  8.40e+04  1.32e+06  1.15e+07  0.00e+00  6.87e+06 
7.010e+14 7.124e+14  108      0        0  1.00e+10  0.00e+00  0.00e+00  1.54e+44  7.84e-15  4.01e+09  6.39e+04  7.63e+04  3.51e-11  5.99e-09  0.00e+00  0.00e+00  1.62e-04 -2.06e+33  3.97e+31 -1.26e+33  8.26e+04  1.30e+06  1.15e+07  0.00e+00  6.80e+06 
7.237e+14 7.355e+14  109      0        0  9.98e+09  0.00e+00  0.00e+00  1.69e+44  7.31e-15  3.74e+09  6.37e+04  7.60e+04  3.73e-11  6.26e-09  0.00e+00  0.00e+00  1.67e-04 -1.96e+33  4.20e+31 -1.30e+33  8.15e+04  1.29e+06  1.14e+07  0.00e+00  6.73e+06 
7.472e+14 7.594e+14  110      0        0  9.96e+09  0.00e+00  0.00e+00  1.86e+44  6.78e-15  3.47e+09  6.27e+04  7.56e+04  4.02e-11  6.35e-09  0.00e+00  0.00e+00  1.72e-04 -1.97e+33  2.65e+31 -1.21e+33  8.07e+04  1.28e+06  1.13e+07  0.00e+00  6.65e+06 
7.715e+14 7.840e+14  111      0        0  9.98e+09  0.00e+00  0.00e+00  2.05e+44  6.26e-15  3.21e+09  6.28e+04  7.52e+04  3.62e-11  6.66e-09  0.00e+00  0.00e+00  1.78e-04 -1.76e+33  1.87e+31 -1.21e+33  8.01e+04  1.26e+06  1.13e+07  0.00e+00  6.58e+06 
7.965e+14 8.095e+14  112      0        0  9.97e+09  0.00e+00  0.00e+00  2.26e+44  5.79e-15  2.96e+09  6.25e+04  7.50e+04  3.65e-11  6.71e-09  0.00e+00  0.00e+00  1.79e-04 -1.76e+33  4.87e+30 -1.16e+33  7.96e+04  1.26e+06  1.12e+07  0.00e+00  6.51e+06 
8.224e+14 8.358e+14  113      0        0  9.93e+09  0.00e+00  0.00e+00  2.48e+44  5.35e-15  2.74e+09  6.21e+04  7.46e+04  3.32e-11  6.96e-09  0.00e+00  0.00e+00  1.82e-04 -1.66e+33 -8.32e+30 -1.02e+33  7.92e+04  1.24e+06  1.12e+07  0.00e+00  6.44e+06 
8.491e+14 8.629e+14  114      0        0  9.94e+09  0.00e+00  0.00e+00  2.74e+44  4.93e-15  2.52e+09  5.76e+04  7.42e+04  3.70e-11  7.23e-09  0.00e+00  0.00e+00  2.00e-04 -1.67e+33  2.16e+31 -1.07e+33  7.88e+04  1.23e+06  1.11e+07  0.00e+00  6.37e+06 
8.767e+14 8.909e+14  115      0        0  1.00e+10  0.00e+00  0.00e+00  3.01e+44  4.54e-15  2.33e+09  6.04e+04  7.39e+04  3.80e-11  7.12e-09  0.00e+00  0.00e+00  1.99e-04 -1.63e+33  3.00e+31 -9.53e+32  7.84e+04  1.22e+06  1.11e+07  0.00e+00  6.30e+06 
9.051e+14 9.198e+14  116      0        0  1.01e+10  0.00e+00  0.00e+00  3.32e+44  4.18e-15  2.14e+09  5.83e+04  7.36e+04  3.28e-11  7.66e-09  0.00e+00  0.00e+00  2.10e-04 -1.42e+33 -3.42e+31 -9.15e+32  7.81e+04  1.21e+06  1.10e+07  0.00e+00  6.24e+06 
9.345e+14 9.497e+14  117      0        0  1.01e+10  0.00e+00  0.00e+00  3.65e+44  3.85e-15  1.97e+09  6.03e+04  7.33e+04  3.22e-11  7.58e-09  0.00e+00  0.00e+00  2.04e-04 -1.31e+33  6.18e+31 -9.15e+32  7.79e+04  1.20e+06  1.10e+07  0.00e+00  6.18e+06 
9.649e+14 9.805e+14  118      0        0  1.01e+10  0.00e+00  0.00e+00  4.02e+44  3.54e-15  1.81e+09  5.89e+04  7.30e+04  3.34e-11  7.61e-09  0.00e+00  0.00e+00  2.25e-04 -1.32e+33  8.41e+30 -8.74e+32  7.79e+04  1.20e+06  1.09e+07  0.00e+00  6.12e+06 
9.962e+14 1.012e+15  119      0        0  1.02e+10  0.00e+00  0.00e+00  4.43e+44  3.25e-15  1.66e+09  5.82e+04  7.26e+04  3.64e-11  7.63e-09  0.00e+00  0.00e+00  2.37e-04 -1.29e+33  2.10e+31 -8.54e+32  7.79e+04  1.19e+06  1.09e+07  0.00e+00  6.06e+06 
1.029e+15 1.045e+15  120      0        0  1.03e+10  0.00e+00  0.00e+00  4.88e+44  2.98e-15  1.53e+09  5.87e+04  7.24e+04  3.06e-11  7.98e-09  0.00e+00  0.00e+00  2.43e-04 -1.19e+33 -9.29e+31 -7.45e+32  7.81e+04  1.20e+06  1.09e+07  0.00e+00  6.01e+06 
1.062e+15 1.079e+15  121      0        1  1.03e+10  0.00e+00  0.00e+00  5.37e+44  2.74e-15  1.40e+09  5.74e+04  7.23e+04  3.02e-11  8.11e-09  0.00e+00  0.00e+00  2.48e-04 -1.10e+33 -1.71e+31 -7.39e+32  7.84e+04  1.20e+06  1.08e+07  0.00e+00  5.97e+06 
1.096e+15 1.114e+15  122      0        1  1.03e+10  0.00e+00  0.00e+00  5.91e+44  2.52e-15  1.29e+09  5.43e+04  7.21e+04  3.43e-11  8.26e-09  0.00e+00  0.00e+00  2.54e-04 -1.09e+33 -1.16e+31 -6.89e+32  7.88e+04  1.20e+06  1.08e+07  0.00e+00  5.93e+06 
1.132e+15 1.150e+15  123      0        2  1.03e+10  0.00e+00  0.00e+00  6.52e+44  2.31e-15  1.18e+09  4.59e+04  7.19e+04  3.89e-11  9.12e-09  0.00e+00  0.00e+00  2.72e-04 -1.01e+33 -2.13e+31 -6.40e+32  7.94e+04  1.21e+06  1.08e+07  0.00e+00  5.89e+06 
1.169e+15 1.188e+15  124      0        2  1.04e+10  0.00e+00  0.00e+00  7.18e+44  2.11e-15  1.08e+09  4.45e+04  7.18e+04  3.67e-11  9.36e-09  0.00e+00  0.00e+00  2.47e-04 -9.45e+32  3.62e+31 -6.09e+32  8.06e+04  1.23e+06  1.08e+07  0.00e+00  5.86e+06 
1.207e+15 1.226e+15  125      0        2  1.05e+10  0.00e+00  0.00e+00  7.90e+44  1.92e-15  9.84e+08  4.13e+04  7.19e+04  3.59e-11  9.68e-09  0.00e+00  0.00e+00  3.00e-04 -9.43e+32 -1.43e+31 -6.64e+32  8.23e+04  1.26e+06  1.08e+07  0.00e+00  5.83e+06 
1.246e+15 1.266e+15  126      0        1  1.05e+10  0.00e+00  0.00e+00  8.70e+44  1.74e-15  8.93e+08  3.19e+04  7.19e+04  4.39e-11  1.09e-08  0.00e+00  0.00e+00  1.46e-03 -1.08e+33  1.94e+31 -7.05e+32  8.46e+04  1.29e+06  1.08e+07  0.00e+00  5.80e+06 
1.286e+15 1.307e+15  127      0        2  1.06e+10  0.00e+00  0.00e+00  9.60e+44  1.57e-15  8.06e+08  4.31e+04  7.18e+04  3.44e-11  8.50e-09  0.00e+00  0.00e+00  2.56e-02 -1.22e+33  1.63e+31 -7.45e+32  8.73e+04  1.31e+06  1.07e+07  0.00e+00  5.76e+06 
1.328e+15 1.350e+15  128      0        0  1.08e+10  0.00e+00  0.00e+00  1.06e+45  1.41e-15  7.24e+08  3.53e+04  7.16e+04  3.93e-11  9.29e-09  0.00e+00  0.00e+00  1.00e+00 -8.69e+32  4.57e+31 -5.55e+32  9.04e+04  1.35e+06  1.07e+07  0.00e+00  5.73e+06 
1.371e+15 1.393e+15  129      0        0  1.09e+10  0.00e+00  0.00e+00  1.17e+45  1.27e-15  6.49e+08  3.40e+04  7.17e+04  3.57e-11  8.96e-09  0.00e+00  0.00e+00  2.17e-16 -6.83e+32  3.36e+31 -4.12e+32  9.47e+04  1.43e+06  1.07e+07  0.00e+00  5.72e+06 
1.416e+15 1.439e+15  130      0        0  1.10e+10  0.00e+00  0.00e+00  1.29e+45  1.14e-15  5.82e+08  3.46e+04  7.24e+04  3.30e-11  7.80e-09  0.00e+00  0.00e+00  4.08e-16 -1.29e+33 -1.63e+31 -8.31e+32  1.02e+05  1.53e+06  1.08e+07  0.00e+00  5.72e+06 
1.462e+15 1.485e+15  131      0        2  1.11e+10  0.00e+00  0.00e+00  1.42e+45  1.02e-15  5.21e+08  3.75e+04  7.28e+04  2.94e-11  6.35e-09  0.00e+00  0.00e+00  7.81e-15 -2.01e+33 -5.17e+31 -1.26e+33  1.08e+05  1.60e+06  1.07e+07  0.00e+00  5.66e+06 
1.509e+15 1.534e+15  132      0        2  1.13e+10  0.00e+00  0.00e+00  1.56e+45  9.07e-16  4.64e+08  3.72e+04  7.16e+04  2.81e-11  6.37e-09  0.00e+00  0.00e+00  5.70e-15 -1.34e+33 -7.77e+30 -8.37e+32  1.12e+05  1.64e+06  1.07e+07  0.00e+00  5.56e+06 
1.558e+15 1.583e+15  133      0        0  1.14e+10  0.00e+00  0.00e+00  1.73e+45  8.00e-16  4.09e+08  2.99e+04  7.10e+04  3.03e-11  7.25e-09  0.00e+00  0.00e+00  1.17e-18 -1.22e+33 -1.15e+30 -7.87e+32  1.17e+05  1.72e+06  1.07e+07  0.00e+00  5.50e+06 
1.609e+15 1.635e+15  134      0        0  1.16e+10  0.00e+00  0.00e+00  1.91e+45  7.04e-16  3.60e+08  3.00e+04  7.05e+04  2.81e-11  7.09e-09  0.00e+00  0.00e+00  1.00e-20 -1.57e+33 -3.92e+31 -9.26e+32  1.25e+05  1.81e+06  1.07e+07  0.00e+00  5.42e+06 
1.661e+15 1.688e+15  135      0        0  1.18e+10  0.00e+00  0.00e+00  2.11e+45  6.22e-16  3.18e+08  3.01e+04  6.94e+04  2.66e-11  7.61e-09  0.00e+00  0.00e+00  1.00e-20 -1.94e+33  5.25e+31 -1.32e+33  1.30e+05  1.89e+06  1.06e+07  0.00e+00  5.28e+06 
1.715e+15 1.743e+15  136      0        0  1.21e+10  0.00e+00  0.00e+00  2.33e+45  5.49e-16  2.81e+08  2.96e+04  6.76e+04  2.42e-11  9.11e-09  0.00e+00  0.00e+00  1.00e-20 -1.81e+33 -9.70e+30 -1.01e+33  1.33e+05  1.89e+06  1.05e+07  0.00e+00  5.12e+06 
1.771e+15 1.799e+15  137      0        0  1.24e+10  0.00e+00  0.00e+00  2.58e+45  4.84e-16  2.48e+08  2.90e+04  6.59e+04  2.46e-11  1.13e-08  0.00e+00  0.00e+00  1.00e-20 -1.15e+33  2.85e+31 -7.73e+32  1.36e+05  1.94e+06  1.05e+07  0.00e+00  4.99e+06 
1.828e+15 1.858e+15  138      0        0  1.26e+10  0.00e+00  0.00e+00  2.84e+45  4.29e-16  2.19e+08  2.89e+04  6.48e+04  2.34e-11  1.29e-08  0.00e+00  0.00e+00  1.00e-20 -1.27e+33  6.88e+31 -8.35e+32  1.40e+05  1.97e+06  1.05e+07  0.00e+00  4.89e+06 
1.887e+15 1.918e+15  139      0        0  1.29e+10  0.00e+00  0.00e+00  3.15e+45  3.81e-16  1.95e+08  2.87e+04  6.37e+04  2.26e-11  1.55e-08  0.00e+00  0.00e+00  1.00e-20 -1.78e+33  1.42e+31 -1.09e+33  1.44e+05  2.01e+06  1.04e+07  0.00e+00  4.73e+06 
1.949e+15 1.980e+15  140      0        0  1.32e+10  0.00e+00  0.00e+00  3.49e+45  3.39e-16  1.73e+08  2.82e+04  6.21e+04  2.33e-11  2.05e-08  0.00e+00  0.00e+00  1.00e-20 -1.49e+33  1.68e+31 -9.27e+32  1.43e+05  1.98e+06  1.03e+07  0.00e+00  4.55e+06 
2.012e+15 2.045e+15  141      0        0  1.36e+10  0.00e+00  0.00e+00  3.85e+45  3.01e-16  1.54e+08  2.77e+04  6.05e+04  2.20e-11  2.81e-08  0.00e+00  0.00e+00  1.00e-20 -8.28e+32 -6.69e+31 -5.43e+32  1.43e+05  1.95e+06  1.03e+07  0.00e+00  4.41e+06 
2.077e+15 2.111e+15  142      0        0  1.37e+10  0.00e+00  0.00e+00  4.26e+45  2.67e-16  1.36e+08  2.75e+04  5.95e+04  2.12e-11  3.58e-08  0.00e+00  0.00e+00  1.00e-20 -9.45e+32  1.47e+31 -6.02e+32  1.47e+05  1.97e+06  1.03e+07  0.00e+00  4.31e+06 
2.145e+15 2.180e+15  143      0        0  1.40e+10  0.00e+00  0.00e+00  4.72e+45  2.37e-16  1.21e+08  2.74e+04  5.84e+04  2.05e-11  4.84e-08  0.00e+00  0.00e+00  1.00e-20 -1.68e+33  2.84e+31 -1.16e+33  1.51e+05  2.02e+06  1.02e+07  0.00e+00  4.13e+06 
2.214e+15 2.250e+15  144      0        0  1.45e+10  0.00e+00  0.00e+00  5.25e+45  2.09e-16  1.07e+08  2.68e+04  5.67e+04  2.09e-11  8.02e-08  0.00e+00  0.00e+00  1.00e-20 -1.59e+33 -1.19e+31 -1.01e+33  1.49e+05  1.99e+06  1.01e+07  0.00e+00  3.91e+06 
2.286e+15 2.323e+15  145      0        0  1.50e+10  0.00e+00  0.00e+00  5.83e+45  1.83e-16  9.38e+07  2.60e+04  5.50e+04  2.09e-11  1.50e-07  0.00e+00  0.00e+00  1.00e-20 -8.01e+32 -1.19e+31 -4.75e+32  1.46e+05  1.92e+06  1.01e+07  0.00e+00  3.76e+06 
2.361e+15 2.399e+15  146      0        0  1.52e+10  0.00e+00  0.00e+00  6.44e+45  1.60e-16  8.20e+07  2.61e+04  5.39e+04  2.00e-11  2.44e-07  0.00e+00  0.00e+00  1.00e-20 -4.79e+32  1.40e+31 -2.64e+32  1.47e+05  1.94e+06  1.00e+07  0.00e+00  3.67e+06 
2.437e+15 2.477e+15  147      0        0  1.53e+10  0.00e+00  0.00e+00  7.12e+45  1.41e-16  7.20e+07  2.52e+04  5.32e+04  1.95e-11  4.00e-07  0.00e+00  0.00e+00  1.00e-20 -9.61e+32 -1.71e+31 -6.04e+32  1.53e+05  1.99e+06  1.00e+07  0.00e+00  3.58e+06 
2.516e+15 2.557e+15  148      0        0  1.56e+10  0.00e+00  0.00e+00  7.92e+45  1.25e-16  6.38e+07  2.41e+04  5.21e+04  1.97e-11  8.06e-07  0.00e+00  0.00e+00  1.00e-20 -1.43e+33  1.41e+31 -8.63e+32  1.54e+05  2.00e+06  9.98e+06  0.00e+00  3.40e+06 
2.598e+15 2.640e+15  149      0        1  1.62e+10  0.00e+00  0.00e+00  8.83e+45  1.13e-16  5.76e+07  2.45e+04  5.07e+04  1.98e-11  1.95e-06  0.00e+00  0.00e+00  1.00e-20 -1.24e+33 -9.75e+30 -7.76e+32  1.46e+05  1.89e+06  9.90e+06  0.00e+00  3.21e+06 
2.682e+15 2.726e+15  150      0        0  1.67e+10  0.00e+00  0.00e+00  9.76e+45  1.05e-16  5.37e+07  2.39e+04  4.95e+04  2.28e-11  3.34e-06  0.00e+00  0.00e+00  1.00e-20 -7.87e+31  2.51e+30 -8.30e+31  1.31e+05  1.67e+06  9.87e+06  0.00e+00  3.11e+06 
2.769e+15 2.814e+15  151      0        0  1.65e+10  0.00e+00  0.00e+00  1.06e+46  1.03e-16  5.26e+07  2.55e+04  4.96e+04  2.37e-11  2.66e-06  0.00e+00  0.00e+00  1.00e-20 -4.65e+32  3.43e+30 -2.84e+32  1.22e+05  1.57e+06  9.86e+06  0.00e+00  3.10e+06 
2.859e+15 2.906e+15  152      0        0  1.57e+10  0.00e+00  0.00e+00  1.14e+46  1.04e-16  5.32e+07  2.63e+04  5.02e+04  2.69e-11  1.31e-06  0.00e+00  0.00e+00  1.00e-20 -8.74e+32  2.60e+31 -5.72e+32  1.10e+05  1.46e+06  9.79e+06  0.00e+00  3.07e+06 
2.952e+15 3.000e+15  153     -1        0  1.47e+10  0.00e+00  0.00e+00  0.00e+00  0.00e+00  0.00e+00  0.00e+00  0.00e+00  0.00e+00  0.00e+00  0.00e+00  0.00e+00  0.00e+00  0.00e+00  0.00e+00  0.00e+00  0.00e+00  0.00e+00  0.00e+00  0.00e+00  0.00e+00 
3.048e+15 3.063e+15  154     -1        0  1.47e+10  0.00e+00  0.00e+00  0.00e+00  0.00e+00  0.00e+00  0.00e+00  0.00e+00  0.00e+00  0.00e+00  0.00e+00  0.00e+00  0.00e+00  0.00e+00  0.00e+00  0.00e+00  0.00e+00  0.00e+00  0.00e+00  0.00e+00  0.00e+00 
