1.000000000000000000e+14 1.967000000000000000e+11
1.009000000000000000e+14 4.978406000000000000e+11
1.019000000000000000e+14 0.000000000000000000e+00
1.028000000000000000e+14 0.000000000000000000e+00
1.038000000000000000e+14 0.000000000000000000e+00
1.047000000000000000e+14 6.560502000000000000e+11
1.057000000000000000e+14 2.630873000000000000e+11
1.067000000000000000e+14 0.000000000000000000e+00
1.076000000000000000e+14 0.000000000000000000e+00
1.086000000000000000e+14 0.000000000000000000e+00
1.096000000000000000e+14 4.536344000000000610e+11
1.107000000000000000e+14 4.502169000000000610e+11
1.117000000000000000e+14 0.000000000000000000e+00
1.127000000000000000e+14 4.151868000000000000e+11
1.138000000000000000e+14 5.954016000000000000e+11
1.148000000000000000e+14 3.522064000000000000e+11
1.159000000000000000e+14 1.013661400000000000e+12
1.169000000000000000e+14 7.376390000000000000e+11
1.180000000000000000e+14 3.670980000000000000e+11
1.191000000000000000e+14 3.719493000000000000e+11
1.202000000000000000e+14 6.178280000000000000e+11
1.213000000000000000e+14 7.114245000000000000e+11
1.225000000000000000e+14 3.803625000000000000e+11
1.236000000000000000e+14 4.469376000000000000e+11
1.247000000000000000e+14 9.192884000000000000e+11
1.259000000000000000e+14 7.966952000000000000e+11
1.271000000000000000e+14 3.829523000000000000e+11
1.282000000000000000e+14 1.323024000000000000e+12
1.294000000000000000e+14 5.578434000000000000e+11
1.306000000000000000e+14 6.245292000000000000e+11
1.318000000000000000e+14 3.675902000000000000e+11
1.330000000000000000e+14 3.552430000000000000e+11
1.343000000000000000e+14 6.686797000000000000e+11
1.355000000000000000e+14 5.005370000000000000e+11
1.368000000000000000e+14 1.267588800000000000e+12
1.380000000000000000e+14 2.187300000000000000e+11
1.393000000000000000e+14 0.000000000000000000e+00
1.406000000000000000e+14 6.251076000000000000e+11
1.419000000000000000e+14 7.703751000000000000e+11
1.432000000000000000e+14 5.859744000000000000e+11
1.445000000000000000e+14 1.059040499999999878e+12
1.459000000000000000e+14 1.790193000000000000e+11
1.472000000000000000e+14 9.144064000000000000e+11
1.486000000000000000e+14 1.273650600000000000e+12
1.500000000000000000e+14 9.519000000000000000e+11
1.514000000000000000e+14 6.888700000000000000e+11
1.528000000000000000e+14 3.324928000000000000e+11
1.542000000000000000e+14 1.096207800000000000e+11
1.556000000000000000e+14 1.257870399999999756e+12
1.570000000000000000e+14 1.319271000000000000e+12
1.585000000000000000e+14 7.646040000000000000e+11
1.600000000000000000e+14 7.972799999999998779e+11
1.614000000000000000e+14 2.280582000000000000e+12
1.629000000000000000e+14 5.346378000000000610e+11
1.644000000000000000e+14 5.004336000000000000e+11
1.660000000000000000e+14 1.019239999999999878e+12
1.675000000000000000e+14 1.037997500000000000e+12
1.690000000000000000e+14 5.644600000000000000e+11
1.706000000000000000e+14 8.436170000000000000e+11
1.722000000000000000e+14 1.344193200000000000e+12
1.738000000000000000e+14 1.121531400000000000e+12
1.754000000000000000e+14 1.405304800000000000e+12
1.770000000000000000e+14 1.077930000000000000e+12
1.786000000000000000e+14 1.603649399999999756e+12
1.803000000000000000e+14 2.215887000000000000e+12
1.820000000000000000e+14 1.210300000000000000e+12
1.837000000000000000e+14 1.342663300000000000e+12
1.854000000000000000e+14 9.371969999999998779e+11
1.871000000000000000e+14 2.192812000000000000e+12
1.888000000000000000e+14 7.434943999999998779e+11
1.905000000000000000e+14 2.160270000000000000e+12
1.923000000000000000e+14 2.051841000000000244e+12
1.941000000000000000e+14 8.575338000000000000e+11
1.959000000000000000e+14 2.025606000000000000e+12
1.977000000000000000e+14 1.030807800000000000e+12
1.995000000000000000e+14 1.398694500000000000e+12
2.014000000000000000e+14 2.706816000000000000e+12
2.032000000000000000e+14 2.985008000000000000e+12
2.051000000000000000e+14 2.818074000000000000e+12
2.070000000000000000e+14 2.190060000000000244e+12
2.089000000000000000e+14 1.754760000000000000e+12
2.109000000000000000e+14 2.589852000000000000e+12
2.128000000000000000e+14 2.498272000000000000e+12
2.148000000000000000e+14 2.261844000000000000e+12
2.168000000000000000e+14 2.746856000000000000e+12
2.188000000000000000e+14 3.207608000000000000e+12
2.208000000000000000e+14 2.053881600000000000e+12
2.228000000000000000e+14 2.419608000000000000e+12
2.249000000000000000e+14 2.871973000000000000e+12
2.270000000000000000e+14 2.203262000000000000e+12
2.291000000000000000e+14 2.258009600000000000e+12
2.312000000000000000e+14 3.694576000000000488e+12
2.333000000000000000e+14 2.545303000000000000e+12
2.355000000000000000e+14 2.406810000000000000e+12
2.377000000000000000e+14 3.011659000000000000e+12
2.399000000000000000e+14 3.363398000000000000e+12
2.421000000000000000e+14 2.607417000000000000e+12
2.443000000000000000e+14 1.739904600000000000e+12
2.466000000000000000e+14 3.326634000000000000e+12
2.489000000000000000e+14 2.643318000000000000e+12
2.512000000000000000e+14 5.006416000000000000e+12
2.535000000000000000e+14 3.673215000000000000e+12
2.559000000000000000e+14 5.839638000000000000e+12
2.582000000000000000e+14 4.002100000000000000e+12
2.606000000000000000e+14 3.922030000000000000e+12
2.630000000000000000e+14 4.026530000000000000e+12
2.655000000000000000e+14 5.349825000000000000e+12
2.679000000000000000e+14 5.202618000000000000e+12
2.704000000000000000e+14 3.715296000000000000e+12
2.729000000000000000e+14 7.139064000000000000e+12
2.754000000000000000e+14 6.235056000000000000e+12
2.780000000000000000e+14 5.918620000000000000e+12
2.805000000000000000e+14 4.465560000000000000e+12
2.831000000000000000e+14 5.622366000000000000e+12
2.858000000000000000e+14 2.799125200000000000e+12
2.884000000000000000e+14 5.257532000000000000e+12
2.911000000000000000e+14 6.407110999999999023e+12
2.938000000000000000e+14 6.760338000000000000e+12
2.965000000000000000e+14 6.576369999999999023e+12
2.992000000000000000e+14 8.542160000000000000e+12
3.020000000000000000e+14 4.451480000000000000e+12
3.048000000000000000e+14 6.391656000000000000e+12
3.076000000000000000e+14 8.099108000000000000e+12
3.105000000000000000e+14 5.604525000000000000e+12
3.133000000000000000e+14 4.458259000000000000e+12
3.162000000000000000e+14 7.712118000000000000e+12
3.192000000000000000e+14 7.102200000000000000e+12
3.221000000000000000e+14 4.918467000000000000e+12
3.251000000000000000e+14 8.592393000000000000e+12
3.281000000000000000e+14 8.028607000000000000e+12
3.311000000000000000e+14 8.370208000000000000e+12
3.342000000000000000e+14 7.576314000000000000e+12
3.373000000000000000e+14 6.786476000000000000e+12
3.404000000000000000e+14 8.908268000000000000e+12
3.436000000000000000e+14 1.013276400000000000e+13
3.467000000000000000e+14 9.263824000000000000e+12
3.499000000000000000e+14 1.016109600000000000e+13
3.532000000000000000e+14 1.387369600000000000e+13
3.565000000000000000e+14 1.035632500000000000e+13
3.597000000000000000e+14 9.834198000000000000e+12
3.631000000000000000e+14 9.226371000000000000e+12
3.664000000000000000e+14 1.192632000000000000e+13
3.698000000000000000e+14 9.333752000000000000e+12
3.733000000000000000e+14 1.427499200000000195e+13
3.767000000000000000e+14 1.134620400000000000e+13
3.802000000000000000e+14 1.279373000000000000e+13
3.837000000000000000e+14 1.133833500000000000e+13
3.873000000000000000e+14 1.444241699999999805e+13
3.908000000000000000e+14 1.481913600000000000e+13
3.945000000000000000e+14 1.691616000000000000e+13
3.981000000000000000e+14 1.528305900000000000e+13
4.018000000000000000e+14 1.194551400000000000e+13
4.055000000000000000e+14 1.712426499999999805e+13
4.093000000000000000e+14 1.619600100000000000e+13
4.130000000000000000e+14 1.545446000000000000e+13
4.169000000000000000e+14 1.327409600000000000e+13
4.207000000000000000e+14 1.653351000000000000e+13
4.246000000000000000e+14 1.551488400000000195e+13
4.285000000000000000e+14 1.636441500000000000e+13
4.325000000000000000e+14 1.473095000000000000e+13
4.365000000000000000e+14 1.829808000000000000e+13
4.406000000000000000e+14 1.818796800000000000e+13
4.446000000000000000e+14 1.721491199999999805e+13
4.487000000000000000e+14 1.997612400000000000e+13
4.529000000000000000e+14 1.979173000000000000e+13
4.571000000000000000e+14 2.232933500000000000e+13
4.613000000000000000e+14 2.058781900000000000e+13
4.656000000000000000e+14 1.995096000000000000e+13
4.699000000000000000e+14 1.973110100000000000e+13
4.742000000000000000e+14 2.135796800000000000e+13
4.786000000000000000e+14 2.017777600000000000e+13
4.831000000000000000e+14 1.967666300000000000e+13
4.875000000000000000e+14 2.634937500000000000e+13
4.920000000000000000e+14 2.836380000000000000e+13
4.966000000000000000e+14 2.830620000000000000e+13
5.012000000000000000e+14 2.898439600000000000e+13
5.058000000000000000e+14 2.805672600000000000e+13
5.105000000000000000e+14 2.547905500000000000e+13
5.152000000000000000e+14 2.811446400000000000e+13
5.200000000000000000e+14 3.246880000000000000e+13
5.248000000000000000e+14 3.386534400000000391e+13
5.297000000000000000e+14 3.229051200000000000e+13
5.346000000000000000e+14 3.960851400000000000e+13
5.395000000000000000e+14 3.732261000000000000e+13
5.445000000000000000e+14 3.661762500000000000e+13
5.495000000000000000e+14 3.418989000000000000e+13
5.546000000000000000e+14 3.624865600000000000e+13
5.598000000000000000e+14 3.738344400000000000e+13
5.649000000000000000e+14 4.070669400000000000e+13
5.702000000000000000e+14 4.141362600000000000e+13
5.754000000000000000e+14 4.103752800000000000e+13
5.808000000000000000e+14 4.266556800000000000e+13
5.861000000000000000e+14 4.368203300000000000e+13
5.916000000000000000e+14 4.864726800000000000e+13
5.970000000000000000e+14 4.576005000000000000e+13
6.026000000000000000e+14 4.593017200000000000e+13
6.081000000000000000e+14 5.335469400000000000e+13
6.138000000000000000e+14 5.557959000000000000e+13
6.194000000000000000e+14 4.831320000000000000e+13
6.252000000000000000e+14 5.179156800000000000e+13
6.310000000000000000e+14 5.761661000000000000e+13
6.368000000000000000e+14 5.902499200000000000e+13
6.427000000000000000e+14 6.889744000000000000e+13
6.486000000000000000e+14 5.904854400000000000e+13
6.546000000000000000e+14 6.879846000000000000e+13
6.607000000000000000e+14 6.383683400000000000e+13
6.668000000000000000e+14 6.535973600000000000e+13
6.730000000000000000e+14 7.450110000000000000e+13
6.792000000000000000e+14 7.097640000000000000e+13
6.855000000000000000e+14 6.774796500000000000e+13
6.918000000000000000e+14 7.090950000000000000e+13
6.982000000000000000e+14 8.245742000000000000e+13
7.047000000000000000e+14 7.617807000000000000e+13
7.112000000000000000e+14 8.143240000000000000e+13
7.178000000000000000e+14 8.147030000000000000e+13
7.244000000000000000e+14 8.946340000000000000e+13
7.311000000000000000e+14 9.072951000000000000e+13
7.379000000000000000e+14 9.482015000000000000e+13
7.447000000000000000e+14 9.465137000000000000e+13
7.516000000000000000e+14 9.410032000000000000e+13
7.586000000000000000e+14 1.015765400000000000e+14
7.656000000000000000e+14 1.022841600000000000e+14
7.727000000000000000e+14 1.019191299999999844e+14
7.798000000000000000e+14 1.006721800000000000e+14
7.870000000000000000e+14 1.058515000000000000e+14
7.943000000000000000e+14 1.144586300000000000e+14
8.017000000000000000e+14 1.067062700000000000e+14
8.091000000000000000e+14 1.178858700000000000e+14
8.166000000000000000e+14 1.176720600000000000e+14
8.241000000000000000e+14 1.121600100000000000e+14
8.318000000000000000e+14 1.290121799999999844e+14
8.395000000000000000e+14 1.349916000000000000e+14
8.472000000000000000e+14 1.338576000000000000e+14
8.551000000000000000e+14 1.386117100000000000e+14
8.630000000000000000e+14 1.399786000000000156e+14
8.710000000000000000e+14 1.563445000000000000e+14
8.790000000000000000e+14 1.449471000000000000e+14
8.872000000000000000e+14 1.663500000000000000e+14
8.954000000000000000e+14 1.565159200000000000e+14
9.036000000000000000e+14 1.603890000000000000e+14
9.120000000000000000e+14 1.741920000000000000e+14
9.204000000000000000e+14 1.722068400000000000e+14
9.290000000000000000e+14 1.633182000000000000e+14
9.376000000000000000e+14 1.822694400000000000e+14
9.462000000000000000e+14 1.945387200000000000e+14
9.550000000000000000e+14 1.832645000000000000e+14
9.638000000000000000e+14 1.946876000000000000e+14
9.727000000000000000e+14 2.065042100000000000e+14
9.817000000000000000e+14 2.201953100000000000e+14
9.908000000000000000e+14 2.077707600000000000e+14
1.000000000000000000e+15 2.054000000000000000e+14
1.009000000000000000e+15 2.165314000000000000e+14
1.019000000000000000e+15 2.272370000000000000e+14
1.028000000000000000e+15 2.152632000000000000e+14
1.038000000000000000e+15 2.304360000000000000e+14
1.047000000000000000e+15 2.448933000000000000e+14
1.057000000000000000e+15 2.523059000000000000e+14
1.067000000000000000e+15 2.620552000000000000e+14
1.076000000000000000e+15 2.570564000000000000e+14
1.086000000000000000e+15 2.573820000000000000e+14
1.096000000000000000e+15 2.713696000000000000e+14
1.107000000000000000e+15 2.842776000000000000e+14
1.117000000000000000e+15 2.830478000000000000e+14
1.127000000000000000e+15 2.924565000000000000e+14
1.138000000000000000e+15 2.948558000000000000e+14
1.148000000000000000e+15 3.187996000000000000e+14
1.159000000000000000e+15 3.136254000000000000e+14
1.169000000000000000e+15 3.263848000000000000e+14
1.180000000000000000e+15 3.320520000000000000e+14
1.191000000000000000e+15 3.413406000000000000e+14
1.202000000000000000e+15 3.664898000000000000e+14
1.213000000000000000e+15 3.614740000000000000e+14
1.225000000000000000e+15 3.697050000000000000e+14
1.236000000000000000e+15 4.028124000000000000e+14
1.247000000000000000e+15 3.926803000000000000e+14
1.259000000000000000e+15 4.108117000000000000e+14
1.271000000000000000e+15 4.139647000000000000e+14
1.282000000000000000e+15 4.366492000000000000e+14
1.294000000000000000e+15 4.356898000000000000e+14
1.306000000000000000e+15 4.490028000000000000e+14
1.318000000000000000e+15 4.577414000000000000e+14
1.330000000000000000e+15 4.874450000000000000e+14
1.343000000000000000e+15 4.858974000000000000e+14
1.355000000000000000e+15 5.071765000000000000e+14
1.368000000000000000e+15 5.229863999999999375e+14
1.380000000000000000e+15 5.515860000000000000e+14
1.393000000000000000e+15 5.290614000000000625e+14
1.406000000000000000e+15 5.677428000000000000e+14
1.419000000000000000e+15 6.052035000000000000e+14
1.432000000000000000e+15 6.020128000000000000e+14
1.445000000000000000e+15 6.181710000000000000e+14
1.459000000000000000e+15 6.298503000000000000e+14
1.472000000000000000e+15 6.523904000000000000e+14
1.486000000000000000e+15 6.672140000000000000e+14
1.500000000000000000e+15 6.859500000000000000e+14
1.514000000000000000e+15 6.997708000000000000e+14
1.528000000000000000e+15 7.126592000000000000e+14
1.542000000000000000e+15 7.480242000000000000e+14
1.556000000000000000e+15 7.653964000000000000e+14
1.570000000000000000e+15 8.098060000000000000e+14
1.585000000000000000e+15 8.173845000000001250e+14
1.600000000000000000e+15 8.444800000000001250e+14
1.614000000000000000e+15 8.730126000000001250e+14
1.629000000000000000e+15 9.040950000000001250e+14
1.644000000000000000e+15 9.347784000000000000e+14
1.660000000000000000e+15 9.495199999999998750e+14
1.675000000000000000e+15 9.537450000000000000e+14
1.690000000000000000e+15 9.788480000000001250e+14
1.706000000000000000e+15 9.720788000000000000e+14
1.722000000000000000e+15 9.791292000000000000e+14
1.738000000000000000e+15 1.004042600000000000e+15
1.754000000000000000e+15 1.030299600000000000e+15
1.770000000000000000e+15 1.086426000000000000e+15
1.786000000000000000e+15 1.092496200000000000e+15
1.803000000000000000e+15 1.142921700000000000e+15
1.820000000000000000e+15 1.152606000000000000e+15
1.837000000000000000e+15 1.207643800000000000e+15
1.854000000000000000e+15 1.238657400000000000e+15
1.871000000000000000e+15 1.253757100000000000e+15
1.888000000000000000e+15 1.322732800000000000e+15
1.905000000000000000e+15 1.327785000000000000e+15
1.923000000000000000e+15 1.380329400000000000e+15
1.941000000000000000e+15 1.353653400000000000e+15
1.959000000000000000e+15 1.455145200000000000e+15
1.977000000000000000e+15 1.486704000000000000e+15
1.995000000000000000e+15 1.514604000000000000e+15
2.014000000000000000e+15 1.498617400000000000e+15
2.032000000000000000e+15 1.559966400000000000e+15
2.051000000000000000e+15 1.619674700000000000e+15
2.070000000000000000e+15 1.645857000000000000e+15
2.089000000000000000e+15 1.699610400000000000e+15
2.109000000000000000e+15 1.759327800000000000e+15
2.128000000000000000e+15 1.794755200000000000e+15
2.148000000000000000e+15 1.864893600000000000e+15
2.168000000000000000e+15 1.886376800000000000e+15
2.188000000000000000e+15 1.963292400000000000e+15
2.208000000000000000e+15 1.974393600000000000e+15
2.228000000000000000e+15 2.036169200000000000e+15
2.249000000000000000e+15 2.065931400000000000e+15
2.270000000000000000e+15 2.096118000000000000e+15
2.291000000000000000e+15 2.195465300000000000e+15
2.312000000000000000e+15 2.270384000000000000e+15
2.333000000000000000e+15 2.289606200000000000e+15
2.355000000000000000e+15 2.354529000000000000e+15
2.377000000000000000e+15 2.445933000000000000e+15
2.399000000000000000e+15 2.480566000000000000e+15
2.421000000000000000e+15 2.604996000000000000e+15
2.443000000000000000e+15 2.616453000000000000e+15
2.466000000000000000e+15 2.653416000000000000e+15
2.489000000000000000e+15 2.755323000000000000e+15
2.512000000000000000e+15 2.815952000000000000e+15
2.535000000000000000e+15 2.867085000000000000e+15
2.559000000000000000e+15 2.930055000000000000e+15
2.582000000000000000e+15 3.015776000000000000e+15
2.606000000000000000e+15 3.075080000000000000e+15
2.630000000000000000e+15 3.132330000000000000e+15
2.655000000000000000e+15 3.231135000000000000e+15
2.679000000000000000e+15 3.279096000000000000e+15
2.704000000000000000e+15 3.420559999999999500e+15
2.729000000000000000e+15 3.484933000000000000e+15
2.754000000000000000e+15 3.582954000000000000e+15
2.780000000000000000e+15 3.664040000000000000e+15
2.805000000000000000e+15 3.795165000000000000e+15
2.831000000000000000e+15 3.901117999999999500e+15
2.858000000000000000e+15 3.926892000000000500e+15
2.884000000000000000e+15 4.008759999999999500e+15
2.911000000000000000e+15 4.098688000000000000e+15
2.938000000000000000e+15 4.260100000000000000e+15
2.965000000000000000e+15 4.328900000000000000e+15
2.992000000000000000e+15 4.458080000000000000e+15
3.020000000000000000e+15 4.533020000000000000e+15
3.048000000000000000e+15 4.620768000000000000e+15
3.076000000000000000e+15 4.749344000000000000e+15
3.105000000000000000e+15 4.902795000000000000e+15
3.133000000000000000e+15 5.022199000000000000e+15
3.162000000000000000e+15 5.169870000000000000e+15
3.192000000000000000e+15 5.234880000000000000e+15
3.221000000000000000e+15 5.362965000000000000e+15
3.251000000000000000e+15 5.455178000000000000e+15
3.281000000000000000e+15 5.640039000000000000e+15
3.311000000000000000e+15 5.863781000000000000e+15
3.342000000000000000e+15 5.908656000000000000e+15
3.373000000000000000e+15 6.068027000000000000e+15
3.404000000000000000e+15 6.202088000000000000e+15
3.436000000000000000e+15 6.377216000000000000e+15
3.467000000000000000e+15 6.511026000000000000e+15
3.499000000000000000e+15 6.630605000000000000e+15
3.532000000000000000e+15 6.753184000000000000e+15
3.565000000000000000e+15 6.912535000000000000e+15
3.597000000000000000e+15 7.129254000000000000e+15
3.631000000000000000e+15 7.345513000000000000e+15
3.664000000000000000e+15 7.349983999999999000e+15
3.698000000000000000e+15 7.580899999999999000e+15
3.733000000000000000e+15 7.794504000000000000e+15
3.767000000000000000e+15 7.978506000000000000e+15
3.802000000000000000e+15 8.098260000000000000e+15
3.837000000000000000e+15 8.418378000000000000e+15
3.873000000000000000e+15 8.505108000000001000e+15
3.908000000000000000e+15 8.753920000000001000e+15
3.945000000000000000e+15 8.899919999999999000e+15
3.981000000000000000e+15 9.112509000000000000e+15
4.018000000000000000e+15 9.410156000000000000e+15
4.055000000000000000e+15 9.496810000000000000e+15
4.093000000000000000e+15 9.737247000000000000e+15
4.130000000000000000e+15 1.003590000000000000e+16
4.169000000000000000e+15 1.027241600000000000e+16
4.207000000000000000e+15 1.038287600000000000e+16
4.246000000000000000e+15 1.071265800000000000e+16
4.285000000000000000e+15 1.098674000000000000e+16
4.325000000000000000e+15 1.111092500000000000e+16
4.365000000000000000e+15 1.143630000000000000e+16
4.406000000000000000e+15 1.160540400000000000e+16
4.446000000000000000e+15 1.195084800000000000e+16
4.487000000000000000e+15 1.218220500000000000e+16
4.529000000000000000e+15 1.246833700000000000e+16
4.571000000000000000e+15 1.267995400000000000e+16
4.613000000000000000e+15 1.297175600000000000e+16
4.656000000000000000e+15 1.325097600000000000e+16
4.699000000000000000e+15 1.366939100000000000e+16
4.742000000000000000e+15 1.376128400000000000e+16
4.786000000000000000e+15 1.417613200000000000e+16
4.831000000000000000e+15 1.460411300000000000e+16
4.875000000000000000e+15 1.463962500000000000e+16
4.920000000000000000e+15 1.500600000000000000e+16
4.966000000000000000e+15 1.537970200000000000e+16
5.012000000000000000e+15 1.580283600000000000e+16
5.058000000000000000e+15 1.601362800000000000e+16
5.105000000000000000e+15 1.638705000000000000e+16
5.152000000000000000e+15 1.665641600000000000e+16
5.200000000000000000e+15 1.711320000000000000e+16
5.248000000000000000e+15 1.744960000000000000e+16
5.297000000000000000e+15 1.788796899999999800e+16
5.346000000000000000e+15 1.829401200000000000e+16
5.395000000000000000e+15 1.863433000000000000e+16
5.445000000000000000e+15 1.898671500000000000e+16
5.495000000000000000e+15 1.929844000000000000e+16
5.546000000000000000e+15 1.971048400000000000e+16
5.598000000000000000e+15 2.010241800000000000e+16
5.649000000000000000e+15 2.059625400000000000e+16
5.702000000000000000e+15 2.081230000000000000e+16
5.754000000000000000e+15 2.131857000000000000e+16
5.808000000000000000e+15 2.184969600000000000e+16
5.861000000000000000e+15 2.231868800000000000e+16
5.916000000000000000e+15 2.268194400000000000e+16
5.970000000000000000e+15 2.311584000000000000e+16
6.026000000000000000e+15 2.352550400000000000e+16
6.081000000000000000e+15 2.412332700000000000e+16
6.138000000000000000e+15 2.448448200000000000e+16
6.194000000000000000e+15 2.495562600000000000e+16
6.252000000000000000e+15 2.532685200000000000e+16
6.310000000000000000e+15 2.611078000000000000e+16
6.368000000000000000e+15 2.656092800000000000e+16
6.427000000000000000e+15 2.707052400000000000e+16
6.486000000000000000e+15 2.737740600000000000e+16
6.546000000000000000e+15 2.810197800000000000e+16
6.607000000000000000e+15 2.848277700000000000e+16
6.668000000000000000e+15 2.916583199999999600e+16
6.730000000000000000e+15 2.954469999999999600e+16
6.792000000000000000e+15 3.006139200000000000e+16
6.855000000000000000e+15 3.052531500000000000e+16
6.918000000000000000e+15 3.124860600000000400e+16
6.982000000000000000e+15 3.162846000000000000e+16
7.047000000000000000e+15 3.242324700000000000e+16
7.112000000000000000e+15 3.299256800000000000e+16
7.178000000000000000e+15 3.341359000000000000e+16
7.244000000000000000e+15 3.398884800000000000e+16
7.311000000000000000e+15 3.465414000000000000e+16
7.379000000000000000e+15 3.535278900000000400e+16
7.447000000000000000e+15 3.579772900000000400e+16
7.516000000000000000e+15 3.653527600000000000e+16
7.586000000000000000e+15 3.728519000000000000e+16
7.656000000000000000e+15 3.772111200000000000e+16
7.727000000000000000e+15 3.827183100000000000e+16
7.798000000000000000e+15 3.893541400000000000e+16
7.870000000000000000e+15 3.953101000000000000e+16
7.943000000000000000e+15 4.023129500000000000e+16
8.017000000000000000e+15 4.084661500000000000e+16
8.091000000000000000e+15 4.170101400000000000e+16
8.166000000000000000e+15 4.219372200000000000e+16
8.241000000000000000e+15 4.293561000000000000e+16
8.318000000000000000e+15 4.363622800000000000e+16
8.395000000000000000e+15 4.425844000000000000e+16
8.472000000000000000e+15 4.484229600000000000e+16
8.551000000000000000e+15 4.549132000000000000e+16
8.630000000000000000e+15 4.642077000000000000e+16
8.710000000000000000e+15 4.679883000000000000e+16
8.790000000000000000e+15 4.780881000000000000e+16
8.872000000000000000e+15 4.864517600000000000e+16
8.954000000000000000e+15 4.927386200000000000e+16
9.036000000000000000e+15 4.973414400000000000e+16
9.120000000000000000e+15 5.044272000000000000e+16
9.204000000000000000e+15 5.112822000000000000e+16
9.290000000000000000e+15 5.180104000000000000e+16
9.376000000000000000e+15 5.265561600000000000e+16
9.462000000000000000e+15 5.331837000000000000e+16
9.550000000000000000e+15 5.390020000000000000e+16
9.638000000000000000e+15 5.475347800000000000e+16
9.727000000000000000e+15 5.552171600000000000e+16
9.817000000000000000e+15 5.655573700000000000e+16
9.908000000000000000e+15 5.708989599999999200e+16
1.000000000000000000e+16 5.773000000000000000e+16
1.009000000000000000e+16 5.860272000000000000e+16
1.019000000000000000e+16 5.895933999999999200e+16
1.028000000000000000e+16 5.974736000000000000e+16
1.038000000000000000e+16 6.040122000000000000e+16
1.047000000000000000e+16 6.125997000000000000e+16
1.057000000000000000e+16 6.207761000000000000e+16
1.067000000000000000e+16 6.286764000000000000e+16
1.076000000000000000e+16 6.307512000000000000e+16
1.086000000000000000e+16 6.380250000000000000e+16
1.096000000000000000e+16 6.486128000000000000e+16
1.107000000000000000e+16 6.549012000000000800e+16
1.117000000000000000e+16 6.628278000000000000e+16
1.127000000000000000e+16 6.687618000000000000e+16
1.138000000000000000e+16 6.751754000000000000e+16
1.148000000000000000e+16 6.817972000000000000e+16
1.159000000000000000e+16 6.884460000000000800e+16
1.169000000000000000e+16 6.938014999999999200e+16
1.180000000000000000e+16 7.011560000000000000e+16
1.191000000000000000e+16 7.061439000000000000e+16
1.202000000000000000e+16 7.139880000000000800e+16
1.213000000000000000e+16 7.191877000000000000e+16
1.225000000000000000e+16 7.265475000000000000e+16
1.236000000000000000e+16 7.305996000000000000e+16
1.247000000000000000e+16 7.328619000000000000e+16
1.259000000000000000e+16 7.411733000000000000e+16
1.271000000000000000e+16 7.484919000000000000e+16
1.282000000000000000e+16 7.503546000000000000e+16
1.294000000000000000e+16 7.566018000000000000e+16
1.306000000000000000e+16 7.642712000000000000e+16
1.318000000000000000e+16 7.670760000000000000e+16
1.330000000000000000e+16 7.702030000000000000e+16
1.343000000000000000e+16 7.802830000000000000e+16
1.355000000000000000e+16 7.800735000000000000e+16
1.368000000000000000e+16 7.920720000000000000e+16
1.380000000000000000e+16 7.881180000000000000e+16
1.393000000000000000e+16 7.923384000000000000e+16
1.406000000000000000e+16 7.962178000000000000e+16
1.419000000000000000e+16 8.010255000000000000e+16
1.432000000000000000e+16 8.069320000000000000e+16
1.445000000000000000e+16 8.057320000000000000e+16
1.459000000000000000e+16 8.114958000000000000e+16
1.472000000000000000e+16 8.134272000000000000e+16
1.486000000000000000e+16 8.165570000000000000e+16
1.500000000000000000e+16 8.175000000000000000e+16
1.514000000000000000e+16 8.183170000000000000e+16
1.528000000000000000e+16 8.232864000000000000e+16
1.542000000000000000e+16 8.241990000000000000e+16
1.556000000000000000e+16 8.253024000000000000e+16
1.570000000000000000e+16 8.255060000000000000e+16
1.585000000000000000e+16 8.265775000000000000e+16
1.600000000000000000e+16 8.280000000000000000e+16
1.614000000000000000e+16 8.276592000000000000e+16
1.629000000000000000e+16 8.262288000000000000e+16
1.644000000000000000e+16 8.262744000000000000e+16
1.660000000000000000e+16 8.275100000000000000e+16
1.675000000000000000e+16 8.272825000000000000e+16
1.690000000000000000e+16 8.245510000000000000e+16
1.706000000000000000e+16 8.207566000000000000e+16
1.722000000000000000e+16 8.217384000000000000e+16
1.738000000000000000e+16 8.198146000000000000e+16
1.754000000000000000e+16 8.178902000000000000e+16
1.770000000000000000e+16 8.166780000000000000e+16
1.786000000000000000e+16 8.131658000000000000e+16
1.803000000000000000e+16 8.109894000000000000e+16
1.820000000000000000e+16 8.057140000000000000e+16
1.837000000000000000e+16 8.012994000000000000e+16
1.854000000000000000e+16 7.990740000000000000e+16
1.871000000000000000e+16 7.964847000000000000e+16
1.888000000000000000e+16 7.914496000000000000e+16
1.905000000000000000e+16 7.867650000000000000e+16
1.923000000000000000e+16 7.830456000000000000e+16
1.941000000000000000e+16 7.750413000000000000e+16
1.959000000000000000e+16 7.698870000000000000e+16
1.977000000000000000e+16 7.662852000000000000e+16
1.995000000000000000e+16 7.610925000000000000e+16
2.014000000000000000e+16 7.550486000000000000e+16
2.032000000000000000e+16 7.487920000000000000e+16
2.051000000000000000e+16 7.426671000000000000e+16
2.070000000000000000e+16 7.327800000000000000e+16
2.089000000000000000e+16 7.269720000000000000e+16
2.109000000000000000e+16 7.195908000000000000e+16
2.128000000000000000e+16 7.128800000000000000e+16
2.148000000000000000e+16 7.038996000000000000e+16
2.168000000000000000e+16 6.957112000000000000e+16
2.188000000000000000e+16 6.885635999999999200e+16
2.208000000000000000e+16 6.791808000000000000e+16
2.228000000000000000e+16 6.706279999999999200e+16
2.249000000000000000e+16 6.614309000000000000e+16
2.270000000000000000e+16 6.539869999999999200e+16
2.291000000000000000e+16 6.462911000000000000e+16
2.312000000000000000e+16 6.325632000000000800e+16
2.333000000000000000e+16 6.236109000000000000e+16
2.355000000000000000e+16 6.148905000000000800e+16
2.377000000000000000e+16 6.054219000000000000e+16
2.399000000000000000e+16 5.973510000000000800e+16
2.421000000000000000e+16 5.863662000000000000e+16
2.443000000000000000e+16 5.785024000000000000e+16
2.466000000000000000e+16 5.664402000000000000e+16
2.489000000000000000e+16 5.557937000000000000e+16
2.512000000000000000e+16 5.446016000000000000e+16
2.535000000000000000e+16 5.336175000000000000e+16
2.559000000000000000e+16 5.248509000000000800e+16
2.582000000000000000e+16 5.143344000000000000e+16
2.606000000000000000e+16 5.034792000000000000e+16
2.630000000000000000e+16 4.912840000000000000e+16
2.655000000000000000e+16 4.824135000000000000e+16
2.679000000000000000e+16 4.709682000000000000e+16
2.704000000000000000e+16 4.607616000000000000e+16
2.729000000000000000e+16 4.502850000000000000e+16
2.754000000000000000e+16 4.411908000000000000e+16
2.780000000000000000e+16 4.267300000000000000e+16
2.805000000000000000e+16 4.168230000000000000e+16
2.831000000000000000e+16 4.039837000000000000e+16
2.858000000000000000e+16 3.984052000000000000e+16
2.884000000000000000e+16 3.841488000000000000e+16
2.911000000000000000e+16 3.734813000000000000e+16
2.938000000000000000e+16 3.660748000000000000e+16
2.965000000000000000e+16 3.534280000000000000e+16
2.992000000000000000e+16 3.452767999999999600e+16
3.020000000000000000e+16 3.340120000000000400e+16
3.048000000000000000e+16 3.233928000000000000e+16
3.076000000000000000e+16 3.143672000000000000e+16
3.105000000000000000e+16 3.048799500000000000e+16
3.133000000000000000e+16 2.943453500000000000e+16
3.162000000000000000e+16 2.855286000000000000e+16
3.192000000000000000e+16 2.749908000000000000e+16
3.221000000000000000e+16 2.679549900000000000e+16
3.251000000000000000e+16 2.565364100000000000e+16
3.281000000000000000e+16 2.481420300000000000e+16
3.311000000000000000e+16 2.381271200000000000e+16
3.342000000000000000e+16 2.291943600000000000e+16
3.373000000000000000e+16 2.208303100000000000e+16
3.404000000000000000e+16 2.145541200000000000e+16
3.436000000000000000e+16 2.050261200000000000e+16
3.467000000000000000e+16 1.966482400000000000e+16
3.499000000000000000e+16 1.899957000000000000e+16
3.532000000000000000e+16 1.819686400000000000e+16
3.565000000000000000e+16 1.745424000000000000e+16
3.597000000000000000e+16 1.662533400000000000e+16
3.631000000000000000e+16 1.587836300000000000e+16
3.664000000000000000e+16 1.537780800000000000e+16
3.698000000000000000e+16 1.464408000000000000e+16
3.733000000000000000e+16 1.390169200000000000e+16
3.767000000000000000e+16 1.335778200000000000e+16
3.802000000000000000e+16 1.270248200000000000e+16
3.837000000000000000e+16 1.217863800000000000e+16
3.873000000000000000e+16 1.161512700000000000e+16
3.908000000000000000e+16 1.102055999999999800e+16
3.945000000000000000e+16 1.038718500000000000e+16
3.981000000000000000e+16 1.002017700000000000e+16
4.018000000000000000e+16 9.378012000000000000e+15
4.055000000000000000e+16 8.852065000000000000e+15
4.093000000000000000e+16 8.435673000000000000e+15
4.130000000000000000e+16 7.966770000000000000e+15
4.169000000000000000e+16 7.608425000000000000e+15
4.207000000000000000e+16 7.160314000000000000e+15
4.246000000000000000e+16 6.725664000000001000e+15
4.285000000000000000e+16 6.363225000000000000e+15
4.325000000000000000e+16 5.990125000000001000e+15
4.365000000000000000e+16 5.574105000000000000e+15
4.406000000000000000e+16 5.273982000000000000e+15
4.446000000000000000e+16 5.072886000000000000e+15
4.487000000000000000e+16 4.711350000000000000e+15
4.529000000000000000e+16 4.443401900000000000e+15
4.571000000000000000e+16 4.120756499999999500e+15
4.613000000000000000e+16 3.918743500000000000e+15
4.656000000000000000e+16 3.639129599999999500e+15
4.699000000000000000e+16 3.414763300000000000e+15
4.742000000000000000e+16 3.165285000000000000e+15
4.786000000000000000e+16 2.952004800000000000e+15
4.831000000000000000e+16 2.749805200000000000e+15
4.875000000000000000e+16 2.596425000000000000e+15
4.920000000000000000e+16 2.385216000000000000e+15
4.966000000000000000e+16 2.268965400000000000e+15
5.012000000000000000e+16 2.029358800000000000e+15
5.058000000000000000e+16 1.892197800000000000e+15
5.105000000000000000e+16 1.836268500000000000e+15
5.152000000000000000e+16 1.637820800000000000e+15
5.200000000000000000e+16 1.503840000000000000e+15
5.248000000000000000e+16 1.417484800000000000e+15
5.297000000000000000e+16 1.321601500000000000e+15
5.346000000000000000e+16 1.234926000000000000e+15
5.395000000000000000e+16 1.020194500000000000e+15
5.445000000000000000e+16 9.332730000000000000e+14
5.495000000000000000e+16 8.896405000000000000e+14
5.546000000000000000e+16 8.673944000000000000e+14
5.598000000000000000e+16 8.094708000000000000e+14
5.649000000000000000e+16 7.948143000000000000e+14
5.702000000000000000e+16 7.475322000000000000e+14
5.754000000000000000e+16 6.525036000000000000e+14
5.808000000000000000e+16 4.928668800000000000e+14
5.861000000000000000e+16 4.595610100000000625e+14
5.916000000000000000e+16 4.366008000000000000e+14
5.970000000000000000e+16 3.921693000000000000e+14
6.026000000000000000e+16 3.949440400000000000e+14
6.081000000000000000e+16 3.575019900000000000e+14
6.138000000000000000e+16 3.334161600000000000e+14
6.194000000000000000e+16 3.013381000000000000e+14
6.252000000000000000e+16 2.471415600000000000e+14
6.310000000000000000e+16 2.224906000000000000e+14
6.368000000000000000e+16 1.944150400000000000e+14
6.427000000000000000e+16 1.878612100000000000e+14
6.486000000000000000e+16 1.637066400000000000e+14
6.546000000000000000e+16 1.442083800000000000e+14
6.607000000000000000e+16 1.218330800000000000e+14
6.668000000000000000e+16 1.094218800000000000e+14
6.730000000000000000e+16 1.132659000000000000e+14
6.792000000000000000e+16 1.038496800000000000e+14
6.855000000000000000e+16 8.637300000000000000e+13
6.918000000000000000e+16 7.063278000000000000e+13
6.982000000000000000e+16 7.044838000000000000e+13
7.047000000000000000e+16 5.607297900000000000e+13
7.112000000000000000e+16 5.067300000000000000e+13
7.178000000000000000e+16 4.607558200000000000e+13
7.244000000000000000e+16 4.455784400000000000e+13
7.311000000000000000e+16 3.507817800000000000e+13
7.379000000000000000e+16 3.326453200000000000e+13
7.447000000000000000e+16 2.744219500000000000e+13
7.516000000000000000e+16 1.975956400000000000e+13
7.586000000000000000e+16 2.070219400000000000e+13
7.656000000000000000e+16 2.214115200000000000e+13
7.727000000000000000e+16 1.768710300000000000e+13
7.798000000000000000e+16 1.110435200000000000e+13
7.870000000000000000e+16 1.152168000000000000e+13
7.943000000000000000e+16 1.560799500000000000e+13
8.017000000000000000e+16 9.171448000000000000e+12
8.091000000000000000e+16 8.438913000000000000e+12
8.166000000000000000e+16 9.897192000000000000e+12
8.241000000000000000e+16 7.803402900000000000e+12
8.318000000000000000e+16 3.995967200000000000e+12
8.395000000000000000e+16 4.417449000000000000e+12
8.472000000000000000e+16 5.376331200000000000e+12
8.551000000000000000e+16 3.953127300000000488e+12
8.630000000000000000e+16 2.842722000000000000e+12
8.710000000000000000e+16 1.292564000000000000e+12
8.790000000000000000e+16 2.444499000000000000e+12
8.872000000000000000e+16 2.198481600000000000e+12
8.954000000000000000e+16 1.286689800000000000e+12
9.036000000000000000e+16 1.344556800000000000e+12
9.120000000000000000e+16 1.351584000000000000e+12
9.204000000000000000e+16 4.726254000000000000e+11
9.290000000000000000e+16 1.057202000000000000e+12
9.376000000000000000e+16 6.722592000000000000e+11
9.462000000000000000e+16 5.228701200000000000e+11
9.550000000000000000e+16 0.000000000000000000e+00
9.638000000000000000e+16 1.992174600000000000e+11
9.727000000000000000e+16 0.000000000000000000e+00
9.817000000000000000e+16 3.261207400000000000e+11
9.908000000000000000e+16 1.776504400000000000e+11
1.000000000000000000e+17 1.927000000000000000e+11
1.009000000000000000e+17 4.781651000000000000e+11
1.019000000000000000e+17 2.033924000000000000e+11
1.028000000000000000e+17 2.207116000000000000e+11
1.038000000000000000e+17 0.000000000000000000e+00
1.047000000000000000e+17 0.000000000000000000e+00
1.057000000000000000e+17 0.000000000000000000e+00
1.067000000000000000e+17 0.000000000000000000e+00
1.076000000000000000e+17 0.000000000000000000e+00
1.086000000000000000e+17 0.000000000000000000e+00
1.096000000000000000e+17 0.000000000000000000e+00
1.107000000000000000e+17 0.000000000000000000e+00
1.117000000000000000e+17 0.000000000000000000e+00
1.127000000000000000e+17 0.000000000000000000e+00
1.138000000000000000e+17 0.000000000000000000e+00
1.148000000000000000e+17 0.000000000000000000e+00
1.159000000000000000e+17 0.000000000000000000e+00
1.169000000000000000e+17 0.000000000000000000e+00
1.180000000000000000e+17 0.000000000000000000e+00
1.191000000000000000e+17 0.000000000000000000e+00
1.202000000000000000e+17 0.000000000000000000e+00
1.213000000000000000e+17 0.000000000000000000e+00
1.225000000000000000e+17 0.000000000000000000e+00
1.236000000000000000e+17 0.000000000000000000e+00
1.247000000000000000e+17 0.000000000000000000e+00
1.259000000000000000e+17 0.000000000000000000e+00
1.271000000000000000e+17 0.000000000000000000e+00
1.282000000000000000e+17 0.000000000000000000e+00
1.294000000000000000e+17 0.000000000000000000e+00
1.306000000000000000e+17 0.000000000000000000e+00
1.318000000000000000e+17 0.000000000000000000e+00
1.330000000000000000e+17 0.000000000000000000e+00
1.343000000000000000e+17 0.000000000000000000e+00
1.355000000000000000e+17 0.000000000000000000e+00
1.368000000000000000e+17 0.000000000000000000e+00
1.380000000000000000e+17 0.000000000000000000e+00
1.393000000000000000e+17 0.000000000000000000e+00
1.406000000000000000e+17 0.000000000000000000e+00
1.419000000000000000e+17 0.000000000000000000e+00
1.432000000000000000e+17 0.000000000000000000e+00
1.445000000000000000e+17 0.000000000000000000e+00
1.459000000000000000e+17 0.000000000000000000e+00
1.472000000000000000e+17 0.000000000000000000e+00
1.486000000000000000e+17 0.000000000000000000e+00
1.500000000000000000e+17 0.000000000000000000e+00
1.514000000000000000e+17 0.000000000000000000e+00
1.528000000000000000e+17 0.000000000000000000e+00
1.542000000000000000e+17 0.000000000000000000e+00
1.556000000000000000e+17 0.000000000000000000e+00
1.570000000000000000e+17 0.000000000000000000e+00
1.585000000000000000e+17 0.000000000000000000e+00
1.600000000000000000e+17 0.000000000000000000e+00
1.614000000000000000e+17 0.000000000000000000e+00
1.629000000000000000e+17 0.000000000000000000e+00
1.644000000000000000e+17 0.000000000000000000e+00
1.660000000000000000e+17 0.000000000000000000e+00
1.675000000000000000e+17 0.000000000000000000e+00
1.690000000000000000e+17 0.000000000000000000e+00
1.706000000000000000e+17 0.000000000000000000e+00
1.722000000000000000e+17 0.000000000000000000e+00
1.738000000000000000e+17 0.000000000000000000e+00
1.754000000000000000e+17 0.000000000000000000e+00
1.770000000000000000e+17 0.000000000000000000e+00
1.786000000000000000e+17 0.000000000000000000e+00
1.803000000000000000e+17 0.000000000000000000e+00
1.820000000000000000e+17 0.000000000000000000e+00
1.837000000000000000e+17 0.000000000000000000e+00
1.854000000000000000e+17 0.000000000000000000e+00
1.871000000000000000e+17 0.000000000000000000e+00
1.888000000000000000e+17 0.000000000000000000e+00
1.905000000000000000e+17 0.000000000000000000e+00
1.923000000000000000e+17 0.000000000000000000e+00
1.941000000000000000e+17 0.000000000000000000e+00
1.959000000000000000e+17 0.000000000000000000e+00
1.977000000000000000e+17 0.000000000000000000e+00
1.995000000000000000e+17 0.000000000000000000e+00
2.014000000000000000e+17 0.000000000000000000e+00
2.032000000000000000e+17 0.000000000000000000e+00
2.051000000000000000e+17 0.000000000000000000e+00
2.070000000000000000e+17 0.000000000000000000e+00
2.089000000000000000e+17 0.000000000000000000e+00
2.109000000000000000e+17 0.000000000000000000e+00
2.128000000000000000e+17 0.000000000000000000e+00
2.148000000000000000e+17 0.000000000000000000e+00
2.168000000000000000e+17 0.000000000000000000e+00
2.188000000000000000e+17 0.000000000000000000e+00
2.208000000000000000e+17 0.000000000000000000e+00
2.228000000000000000e+17 0.000000000000000000e+00
2.249000000000000000e+17 0.000000000000000000e+00
2.270000000000000000e+17 0.000000000000000000e+00
2.291000000000000000e+17 0.000000000000000000e+00
2.312000000000000000e+17 0.000000000000000000e+00
2.333000000000000000e+17 0.000000000000000000e+00
2.355000000000000000e+17 0.000000000000000000e+00
2.377000000000000000e+17 0.000000000000000000e+00
2.399000000000000000e+17 0.000000000000000000e+00
2.421000000000000000e+17 0.000000000000000000e+00
2.443000000000000000e+17 0.000000000000000000e+00
2.466000000000000000e+17 0.000000000000000000e+00
2.489000000000000000e+17 0.000000000000000000e+00
2.512000000000000000e+17 0.000000000000000000e+00
2.535000000000000000e+17 0.000000000000000000e+00
2.559000000000000000e+17 0.000000000000000000e+00
2.582000000000000000e+17 0.000000000000000000e+00
2.606000000000000000e+17 0.000000000000000000e+00
2.630000000000000000e+17 0.000000000000000000e+00
2.655000000000000000e+17 0.000000000000000000e+00
2.679000000000000000e+17 0.000000000000000000e+00
2.704000000000000000e+17 0.000000000000000000e+00
2.729000000000000000e+17 0.000000000000000000e+00
2.754000000000000000e+17 0.000000000000000000e+00
2.780000000000000000e+17 0.000000000000000000e+00
2.805000000000000000e+17 0.000000000000000000e+00
2.831000000000000000e+17 0.000000000000000000e+00
2.858000000000000000e+17 0.000000000000000000e+00
2.884000000000000000e+17 0.000000000000000000e+00
2.911000000000000000e+17 0.000000000000000000e+00
2.938000000000000000e+17 0.000000000000000000e+00
2.965000000000000000e+17 0.000000000000000000e+00
2.992000000000000000e+17 0.000000000000000000e+00
3.020000000000000000e+17 0.000000000000000000e+00
3.048000000000000000e+17 0.000000000000000000e+00
3.076000000000000000e+17 0.000000000000000000e+00
3.105000000000000000e+17 0.000000000000000000e+00
3.133000000000000000e+17 0.000000000000000000e+00
3.162000000000000000e+17 0.000000000000000000e+00
3.192000000000000000e+17 0.000000000000000000e+00
3.221000000000000000e+17 0.000000000000000000e+00
3.251000000000000000e+17 0.000000000000000000e+00
3.281000000000000000e+17 0.000000000000000000e+00
3.311000000000000000e+17 0.000000000000000000e+00
3.342000000000000000e+17 0.000000000000000000e+00
3.373000000000000000e+17 0.000000000000000000e+00
3.404000000000000000e+17 0.000000000000000000e+00
3.436000000000000000e+17 0.000000000000000000e+00
3.467000000000000000e+17 0.000000000000000000e+00
3.499000000000000000e+17 0.000000000000000000e+00
3.532000000000000000e+17 0.000000000000000000e+00
3.565000000000000000e+17 0.000000000000000000e+00
3.597000000000000000e+17 0.000000000000000000e+00
3.631000000000000000e+17 0.000000000000000000e+00
3.664000000000000000e+17 0.000000000000000000e+00
3.698000000000000000e+17 0.000000000000000000e+00
3.733000000000000000e+17 0.000000000000000000e+00
3.767000000000000000e+17 0.000000000000000000e+00
3.802000000000000000e+17 0.000000000000000000e+00
3.837000000000000000e+17 0.000000000000000000e+00
3.873000000000000000e+17 0.000000000000000000e+00
3.908000000000000000e+17 0.000000000000000000e+00
3.945000000000000000e+17 0.000000000000000000e+00
3.981000000000000000e+17 0.000000000000000000e+00
4.018000000000000000e+17 0.000000000000000000e+00
4.055000000000000000e+17 0.000000000000000000e+00
4.093000000000000000e+17 0.000000000000000000e+00
4.130000000000000000e+17 0.000000000000000000e+00
4.169000000000000000e+17 0.000000000000000000e+00
4.207000000000000000e+17 0.000000000000000000e+00
4.246000000000000000e+17 0.000000000000000000e+00
4.285000000000000000e+17 0.000000000000000000e+00
4.325000000000000000e+17 0.000000000000000000e+00
4.365000000000000000e+17 0.000000000000000000e+00
4.406000000000000000e+17 0.000000000000000000e+00
4.446000000000000000e+17 0.000000000000000000e+00
4.487000000000000000e+17 0.000000000000000000e+00
4.529000000000000000e+17 0.000000000000000000e+00
4.571000000000000000e+17 0.000000000000000000e+00
4.613000000000000000e+17 0.000000000000000000e+00
4.656000000000000000e+17 0.000000000000000000e+00
4.699000000000000000e+17 0.000000000000000000e+00
4.742000000000000000e+17 0.000000000000000000e+00
4.786000000000000000e+17 0.000000000000000000e+00
4.831000000000000000e+17 0.000000000000000000e+00
4.875000000000000000e+17 0.000000000000000000e+00
4.920000000000000000e+17 0.000000000000000000e+00
4.966000000000000000e+17 0.000000000000000000e+00
5.012000000000000000e+17 0.000000000000000000e+00
5.058000000000000000e+17 0.000000000000000000e+00
5.105000000000000000e+17 0.000000000000000000e+00
5.152000000000000000e+17 0.000000000000000000e+00
5.200000000000000000e+17 0.000000000000000000e+00
5.248000000000000000e+17 0.000000000000000000e+00
5.297000000000000000e+17 0.000000000000000000e+00
5.346000000000000000e+17 0.000000000000000000e+00
5.395000000000000000e+17 0.000000000000000000e+00
5.445000000000000000e+17 0.000000000000000000e+00
5.495000000000000000e+17 0.000000000000000000e+00
5.546000000000000000e+17 0.000000000000000000e+00
5.598000000000000000e+17 0.000000000000000000e+00
5.649000000000000000e+17 0.000000000000000000e+00
5.702000000000000000e+17 0.000000000000000000e+00
5.754000000000000000e+17 0.000000000000000000e+00
5.808000000000000000e+17 0.000000000000000000e+00
5.861000000000000000e+17 0.000000000000000000e+00
5.916000000000000000e+17 0.000000000000000000e+00
5.970000000000000000e+17 0.000000000000000000e+00
6.026000000000000000e+17 0.000000000000000000e+00
6.081000000000000000e+17 0.000000000000000000e+00
6.138000000000000000e+17 0.000000000000000000e+00
6.194000000000000000e+17 0.000000000000000000e+00
6.252000000000000000e+17 0.000000000000000000e+00
6.310000000000000000e+17 0.000000000000000000e+00
6.368000000000000000e+17 0.000000000000000000e+00
6.427000000000000000e+17 0.000000000000000000e+00
6.486000000000000000e+17 0.000000000000000000e+00
6.546000000000000000e+17 0.000000000000000000e+00
6.607000000000000000e+17 0.000000000000000000e+00
6.668000000000000000e+17 0.000000000000000000e+00
6.730000000000000000e+17 0.000000000000000000e+00
6.792000000000000000e+17 0.000000000000000000e+00
6.855000000000000000e+17 0.000000000000000000e+00
6.918000000000000000e+17 0.000000000000000000e+00
6.982000000000000000e+17 0.000000000000000000e+00
7.047000000000000000e+17 0.000000000000000000e+00
7.112000000000000000e+17 0.000000000000000000e+00
7.178000000000000000e+17 0.000000000000000000e+00
7.244000000000000000e+17 0.000000000000000000e+00
7.311000000000000000e+17 0.000000000000000000e+00
7.379000000000000000e+17 0.000000000000000000e+00
7.447000000000000000e+17 0.000000000000000000e+00
7.516000000000000000e+17 0.000000000000000000e+00
7.586000000000000000e+17 0.000000000000000000e+00
7.656000000000000000e+17 0.000000000000000000e+00
7.727000000000000000e+17 0.000000000000000000e+00
7.798000000000000000e+17 0.000000000000000000e+00
7.870000000000000000e+17 0.000000000000000000e+00
7.943000000000000000e+17 0.000000000000000000e+00
8.017000000000000000e+17 0.000000000000000000e+00
8.091000000000000000e+17 0.000000000000000000e+00
8.166000000000000000e+17 0.000000000000000000e+00
8.241000000000000000e+17 0.000000000000000000e+00
8.318000000000000000e+17 0.000000000000000000e+00
8.395000000000000000e+17 0.000000000000000000e+00
8.472000000000000000e+17 0.000000000000000000e+00
8.551000000000000000e+17 0.000000000000000000e+00
8.630000000000000000e+17 0.000000000000000000e+00
8.710000000000000000e+17 0.000000000000000000e+00
8.790000000000000000e+17 0.000000000000000000e+00
8.872000000000000000e+17 0.000000000000000000e+00
8.954000000000000000e+17 0.000000000000000000e+00
9.036000000000000000e+17 0.000000000000000000e+00
9.120000000000000000e+17 0.000000000000000000e+00
9.204000000000000000e+17 0.000000000000000000e+00
9.290000000000000000e+17 0.000000000000000000e+00
9.376000000000000000e+17 0.000000000000000000e+00
9.462000000000000000e+17 0.000000000000000000e+00
9.550000000000000000e+17 0.000000000000000000e+00
9.638000000000000000e+17 0.000000000000000000e+00
9.727000000000000000e+17 0.000000000000000000e+00
9.817000000000000000e+17 0.000000000000000000e+00
9.908000000000000000e+17 0.000000000000000000e+00
