  i            r          v_r          rho          t_r          t_e
--- ------------ ------------ ------------ ------------ ------------
  0 2.223471e+13 4.633085e+08 0.000000e+00 0.000000e+00 0.000000e+00
  1 2.295662e+13 4.405052e+08 1.564652e-11 3.503894e+05 3.153504e+05
  2 2.370198e+13 4.177256e+08 1.528635e-11 3.441436e+05 3.097292e+05
  3 2.447153e+13 3.952303e+08 1.494048e-11 3.380018e+05 3.042017e+05
  4 2.526607e+13 3.730091e+08 1.462441e-11 3.319479e+05 2.987531e+05
  5 2.608641e+13 3.513681e+08 1.433073e-11 3.259881e+05 2.933893e+05
  6 2.693338e+13 3.322100e+08 1.404999e-11 3.201147e+05 2.881033e+05
  7 2.780786e+13 3.155655e+08 1.377268e-11 3.143150e+05 2.828835e+05
  8 2.871072e+13 3.009956e+08 1.350435e-11 3.086090e+05 2.777481e+05
  9 2.964290e+13 2.876481e+08 1.323985e-11 3.030096e+05 2.727086e+05
 10 3.060534e+13 2.746885e+08 1.299765e-11 2.975627e+05 2.678064e+05
 11 3.159904e+13 2.622690e+08 1.279102e-11 2.923122e+05 2.630810e+05
 12 3.262499e+13 2.505617e+08 1.263291e-11 2.873016e+05 2.585714e+05
 13 3.368426e+13 2.397236e+08 1.251117e-11 2.824748e+05 2.542273e+05
 14 3.477792e+13 2.295616e+08 1.242025e-11 2.777903e+05 2.500113e+05
 15 3.590709e+13 2.201215e+08 1.235338e-11 2.732548e+05 2.459293e+05
 16 3.707292e+13 2.109874e+08 1.230433e-11 2.688837e+05 2.419953e+05
 17 3.827660e+13 2.025934e+08 1.226394e-11 2.646658e+05 2.381992e+05
 18 3.951937e+13 1.949248e+08 1.221560e-11 2.605592e+05 2.345033e+05
 19 4.080248e+13 1.884099e+08 1.217676e-11 2.565791e+05 2.309212e+05
 20 4.212725e+13 1.819997e+08 1.211557e-11 2.526289e+05 2.273661e+05
 21 4.349504e+13 1.751129e+08 1.205519e-11 2.487693e+05 2.238924e+05
 22 4.490723e+13 1.686792e+08 1.196397e-11 2.449960e+05 2.204964e+05
 23 4.636528e+13 1.627909e+08 1.184882e-11 2.413122e+05 2.171810e+05
 24 4.787067e+13 1.579133e+08 1.166574e-11 2.375664e+05 2.138098e+05
 25 4.942493e+13 1.545390e+08 1.149331e-11 2.338964e+05 2.105068e+05
 26 5.102966e+13 1.528165e+08 1.128192e-11 2.302654e+05 2.072389e+05
 27 5.268649e+13 1.537545e+08 1.107147e-11 2.267624e+05 2.040862e+05
 28 5.439711e+13 1.567744e+08 1.082827e-11 2.232518e+05 2.009266e+05
 29 5.616327e+13 1.613080e+08 1.060380e-11 2.197956e+05 1.978161e+05
 30 5.798678e+13 1.673539e+08 1.034055e-11 2.162920e+05 1.946628e+05
 31 5.986949e+13 1.745562e+08 1.003765e-11 2.128138e+05 1.915324e+05
 32 6.181334e+13 1.837110e+08 9.708098e-12 2.092815e+05 1.883533e+05
 33 6.382029e+13 1.934162e+08 9.339113e-12 2.056135e+05 1.850521e+05
 34 6.589240e+13 2.024078e+08 8.936245e-12 2.018060e+05 1.816254e+05
 35 6.803180e+13 2.088612e+08 8.516093e-12 1.979224e+05 1.781302e+05
 36 7.024065e+13 2.148184e+08 8.085644e-12 1.939861e+05 1.745875e+05
 37 7.252122e+13 2.225264e+08 7.621921e-12 1.898958e+05 1.709062e+05
 38 7.487584e+13 2.312199e+08 7.154985e-12 1.856976e+05 1.671279e+05
 39 7.730691e+13 2.367026e+08 6.697438e-12 1.813813e+05 1.632432e+05
 40 7.981690e+13 2.392017e+08 6.267831e-12 1.771133e+05 1.594020e+05
 41 8.240840e+13 2.418571e+08 5.829201e-12 1.727458e+05 1.554713e+05
 42 8.508403e+13 2.450396e+08 5.418262e-12 1.684365e+05 1.515929e+05
 43 8.784654e+13 2.458056e+08 5.042593e-12 1.641681e+05 1.477513e+05
 44 9.069873e+13 2.428074e+08 4.717195e-12 1.600672e+05 1.440604e+05
 45 9.364354e+13 2.410104e+08 4.385315e-12 1.559449e+05 1.403504e+05
 46 9.668395e+13 2.403891e+08 4.074607e-12 1.519657e+05 1.367692e+05
 47 9.982308e+13 2.388881e+08 3.802492e-12 1.482030e+05 1.333827e+05
 48 1.030641e+14 2.301443e+08 3.572725e-12 1.446791e+05 1.302112e+05
 49 1.064104e+14 2.213922e+08 3.343199e-12 1.411551e+05 1.270396e+05
 50 1.098654e+14 2.117944e+08 3.130172e-12 1.377589e+05 1.239830e+05
 51 1.134325e+14 2.030098e+08 2.936279e-12 1.345550e+05 1.210995e+05
 52 1.171154e+14 1.900911e+08 2.767597e-12 1.315702e+05 1.184132e+05
 53 1.209179e+14 1.759336e+08 2.614072e-12 1.286367e+05 1.157730e+05
 54 1.248438e+14 1.617338e+08 2.473297e-12 1.257656e+05 1.131890e+05
 55 1.288973e+14 1.497549e+08 2.340648e-12 1.230472e+05 1.107425e+05
 56 1.330823e+14 1.367185e+08 2.225055e-12 1.205846e+05 1.085261e+05
 57 1.374032e+14 1.218101e+08 2.111336e-12 1.181260e+05 1.063134e+05
 58 1.418644e+14 1.107509e+08 2.004968e-12 1.156378e+05 1.040740e+05
 59 1.464705e+14 1.000193e+08 1.911737e-12 1.132992e+05 1.019693e+05
 60 1.512261e+14 9.095728e+07 1.824639e-12 1.111963e+05 1.000767e+05
 61 1.561361e+14 8.023703e+07 1.747396e-12 1.091668e+05 9.825013e+04
 62 1.612055e+14 7.248859e+07 1.672893e-12 1.070709e+05 9.636377e+04
 63 1.664395e+14 6.472795e+07 1.602447e-12 1.050396e+05 9.453565e+04
 64 1.718434e+14 5.849625e+07 1.536678e-12 1.032030e+05 9.288271e+04
 65 1.774229e+14 5.091572e+07 1.484049e-12 1.014982e+05 9.134839e+04
 66 1.831834e+14 4.496021e+07 1.427445e-12 9.967085e+04 8.970376e+04
 67 1.891310e+14 3.948460e+07 1.379105e-12 9.789049e+04 8.810144e+04
 68 1.952717e+14 3.528930e+07 1.332227e-12 9.625346e+04 8.662811e+04
 69 2.016118e+14 2.984408e+07 1.292307e-12 9.475393e+04 8.527854e+04
 70 2.081577e+14 2.517366e+07 1.256106e-12 9.316054e+04 8.384448e+04
 71 2.149162e+14 2.131763e+07 1.219102e-12 9.149794e+04 8.234815e+04
 72 2.218941e+14 1.912553e+07 1.181092e-12 8.991654e+04 8.092489e+04
 73 2.290985e+14 1.584202e+07 1.145778e-12 8.847633e+04 7.962869e+04
 74 2.365369e+14 1.230413e+07 1.111506e-12 8.697883e+04 7.828095e+04
 75 2.442167e+14 9.929942e+06 1.077282e-12 8.541198e+04 7.687078e+04
 76 2.521460e+14 8.411665e+06 1.048084e-12 8.392211e+04 7.552990e+04
 77 2.603326e+14 7.315796e+06 1.020897e-12 8.254806e+04 7.429325e+04
 78 2.687851e+14 5.444330e+06 9.909502e-13 8.106600e+04 7.295940e+04
 79 2.775120e+14 4.861615e+06 9.614718e-13 7.952724e+04 7.157451e+04
 80 2.865223e+14 4.510431e+06 9.395929e-13 7.812470e+04 7.031223e+04
 81 2.958250e+14 4.740877e+06 9.199766e-13 7.691604e+04 6.922443e+04
 82 3.054299e+14 4.560306e+06 9.032326e-13 7.565203e+04 6.808683e+04
 83 3.153466e+14 4.752550e+06 8.770812e-13 7.411967e+04 6.670770e+04
 84 3.255852e+14 6.498000e+06 8.583440e-13 7.272446e+04 6.545201e+04
 85 3.361563e+14 1.046640e+07 8.556740e-13 7.171893e+04 6.454704e+04
 86 3.470706e+14 2.189022e+07 8.559689e-13 7.069932e+04 6.362939e+04
 87 3.583393e+14 4.226001e+07 8.365261e-13 6.928452e+04 6.235606e+04
 88 3.699739e+14 7.226032e+07 8.106373e-13 6.787792e+04 6.109012e+04
 89 3.819862e+14 1.151796e+08 7.990321e-13 6.685480e+04 6.016932e+04
 90 3.943885e+14 1.765135e+08 7.951825e-13 6.587987e+04 5.929189e+04
 91 4.071935e+14 2.224801e+08 7.826982e-13 6.447974e+04 5.803176e+04
 92 4.204142e+14 2.482039e+08 7.651260e-13 6.291623e+04 5.662461e+04
 93 4.340642e+14 2.876253e+08 7.512863e-13 6.159076e+04 5.543169e+04
 94 4.481574e+14 3.668760e+08 7.393559e-13 6.034965e+04 5.431468e+04
 95 4.627082e+14 4.428931e+08 7.187219e-13 5.876526e+04 5.288874e+04
 96 4.777314e+14 4.741732e+08 6.910386e-13 5.680549e+04 5.112494e+04
 97 4.932423e+14 4.991353e+08 6.525004e-13 5.450674e+04 4.905607e+04
 98 5.092569e+14 5.737938e+08 5.763148e-13 5.180877e+04 4.662789e+04
 99 5.257914e+14 6.612335e+08 4.860589e-13 4.901692e+04 4.411523e+04
100 5.428628e+14 6.867243e+08 3.667562e-13 4.600282e+04 4.140254e+04
101 5.604885e+14 6.852599e+08 2.724470e-13 4.310031e+04 3.879028e+04
102 5.786864e+14 7.455440e+08 1.917028e-13 4.038971e+04 3.635074e+04
103 5.974752e+14 8.465752e+08 1.325803e-13 3.791793e+04 3.412613e+04
104 6.168740e+14 9.000544e+08 8.986813e-14 3.571351e+04 3.214216e+04
105 6.369026e+14 9.126305e+08 6.201481e-14 3.384665e+04 3.046199e+04
106 6.575815e+14 9.593201e+08 4.185063e-14 3.228623e+04 2.905761e+04
107 6.789319e+14 1.047595e+09 2.806493e-14 3.095144e+04 2.785629e+04
108 7.009754e+14 1.128299e+09 1.916333e-14 2.990527e+04 2.691474e+04
109 7.237347e+14 1.193450e+09 1.339746e-14 2.913030e+04 2.621727e+04
110 7.472329e+14 1.269589e+09 9.566646e-15 2.863270e+04 2.576943e+04
111 7.714940e+14 1.357484e+09 6.866095e-15 2.827014e+04 2.544312e+04
112 7.965428e+14 1.422414e+09 4.972775e-15 2.787679e+04 2.508911e+04
113 8.224050e+14 1.479503e+09 3.643414e-15 2.751280e+04 2.476152e+04
114 8.491068e+14 1.566548e+09 2.707264e-15 2.732120e+04 2.458908e+04
115 8.766756e+14 1.653825e+09 2.038121e-15 2.726991e+04 2.454292e+04
116 9.051394e+14 1.723033e+09 1.557965e-15 2.719343e+04 2.447409e+04
117 9.345275e+14 1.775815e+09 1.183192e-15 2.709981e+04 2.438983e+04
118 9.648697e+14 1.844644e+09 9.238696e-16 2.705504e+04 2.434954e+04
119 9.961970e+14 1.908862e+09 7.334370e-16 2.708545e+04 2.437691e+04
120 1.028542e+15 1.971756e+09 6.169052e-16 2.709727e+04 2.438754e+04
121 1.061936e+15 2.068481e+09 5.307149e-16 2.708197e+04 2.437377e+04
122 1.096415e+15 2.136674e+09 4.620069e-16 2.706100e+04 2.435490e+04
123 1.132013e+15 2.151189e+09 4.081182e-16 2.707636e+04 2.436873e+04
124 1.168768e+15 2.133357e+09 3.732427e-16 2.706398e+04 2.435759e+04
125 1.206715e+15 2.134587e+09 3.561312e-16 2.703539e+04 2.433185e+04
126 1.245895e+15 2.137709e+09 3.427440e-16 2.701646e+04 2.431481e+04
127 1.286346e+15 2.106711e+09 3.358533e-16 2.703996e+04 2.433596e+04
128 1.328111e+15 2.025237e+09 3.252888e-16 2.705286e+04 2.434758e+04
129 1.371233e+15 1.954875e+09 3.184630e-16 2.701544e+04 2.431389e+04
130 1.415754e+15 1.915548e+09 3.102058e-16 2.695742e+04 2.426168e+04
131 1.461720e+15 1.838718e+09 3.050499e-16 2.695608e+04 2.426047e+04
132 1.509179e+15 1.722707e+09 2.977719e-16 2.695979e+04 2.426382e+04
133 1.558179e+15 1.599304e+09 2.877809e-16 2.692636e+04 2.423372e+04
134 1.608770e+15 1.500816e+09 2.809573e-16 2.687629e+04 2.418866e+04
135 1.661004e+15 1.378005e+09 2.643928e-16 2.689659e+04 2.420693e+04
136 1.714933e+15 1.268449e+09 2.469298e-16 2.695390e+04 2.425851e+04
137 1.770614e+15 1.113473e+09 2.261485e-16 2.696097e+04 2.426487e+04
138 1.828102e+15 9.752000e+08 2.062399e-16 2.693934e+04 2.424541e+04
139 1.887457e+15 8.277937e+08 1.858124e-16 2.696135e+04 2.426521e+04
140 1.948739e+15 6.822313e+08 1.683593e-16 2.702840e+04 2.432556e+04
141 2.012010e+15 5.295349e+08 1.530507e-16 2.704005e+04 2.433605e+04
142 2.077336e+15 4.230159e+08 1.372689e-16 2.701476e+04 2.431328e+04
143 2.144783e+15 3.259060e+08 1.271574e-16 2.700825e+04 2.430742e+04
144 2.214420e+15 2.800036e+08 1.179712e-16 2.706474e+04 2.435826e+04
145 2.286317e+15 2.536017e+08 1.095191e-16 2.709505e+04 2.438555e+04
146 2.360549e+15 2.126334e+08 1.027183e-16 2.706945e+04 2.436250e+04
147 2.437192e+15 1.800157e+08 9.438030e-17 2.702640e+04 2.432376e+04
148 2.516322e+15 1.232748e+08 8.824909e-17 2.704594e+04 2.434134e+04
149 2.598022e+15 1.064150e+08 8.385848e-17 2.710551e+04 2.439496e+04
150 2.682375e+15 1.124864e+08 7.884143e-17 2.712795e+04 2.441515e+04
151 2.769466e+15 9.412457e+07 7.538499e-17 2.710284e+04 2.439256e+04
152 2.859385e+15 9.611794e+07 7.379171e-17 2.706264e+04 2.435638e+04
153 2.952223e+15 1.199239e+08 0.000000e+00 0.000000e+00 0.000000e+00
154 3.048076e+15 1.199239e+08 0.000000e+00 0.000000e+00 0.000000e+00
